MTrackJ 1.5.1 Data File
Displaying true true true 2 0 0 0 100 10 0 0 0 0 1 12 0 true true true false
Assembly 1 FF0000
Cluster 1 FF0000
Track 1 FF0000 true
Point 1 966.5 480.1666666666667 1.0 1.0 1.0
Point 2 965.8333333333334 478.1666666666667 1.0 2.0 1.0
Point 3 967.1666666666666 478.1666666666667 1.0 3.0 1.0
Point 4 969.1666666666666 478.1666666666667 1.0 4.0 1.0
Point 5 969.8333333333334 476.8333333333333 1.0 5.0 1.0
Point 6 970.5 472.8333333333333 1.0 6.0 1.0
Point 7 970.5 472.8333333333333 1.0 7.0 1.0
Point 8 969.8333333333334 472.8333333333333 1.0 8.0 1.0
Point 9 968.5 472.8333333333333 1.0 9.0 1.0
Point 10 969.1666666666666 468.8333333333333 1.0 10.0 1.0
Point 11 969.1666666666666 468.8333333333333 1.0 11.0 1.0
Point 12 969.1666666666666 468.1666666666667 1.0 12.0 1.0
Point 13 970.5 467.5 1.0 13.0 1.0
Point 14 971.1666666666666 466.8333333333333 1.0 14.0 1.0
Point 15 971.1666666666666 466.1666666666667 1.0 15.0 1.0
Point 16 971.1666666666666 464.8333333333333 1.0 16.0 1.0
Point 17 971.1666666666666 464.8333333333333 1.0 17.0 1.0
Point 18 971.1666666666666 464.8333333333333 1.0 18.0 1.0
Point 19 971.1666666666666 464.1666666666667 1.0 19.0 1.0
Point 20 971.1666666666666 462.1666666666667 1.0 20.0 1.0
Point 21 971.1666666666666 458.1666666666667 1.0 21.0 1.0
Point 22 970.5 458.1666666666667 1.0 22.0 1.0
Point 23 970.5 458.1666666666667 1.0 23.0 1.0
Point 24 972.5 458.1666666666667 1.0 24.0 1.0
Point 25 973.1666666666666 458.1666666666667 1.0 25.0 1.0
Point 26 975.1666666666666 456.8333333333333 1.0 26.0 1.0
Point 27 975.1666666666666 458.1666666666667 1.0 27.0 1.0
Point 28 975.1666666666666 458.1666666666667 1.0 28.0 1.0
Point 29 973.1666666666666 456.8333333333333 1.0 29.0 1.0
Point 30 972.5 456.8333333333333 1.0 30.0 1.0
Point 31 971.8333333333334 455.5 1.0 31.0 1.0
Point 32 971.8333333333334 455.5 1.0 32.0 1.0
Point 33 971.1666666666666 454.1666666666667 1.0 33.0 1.0
Point 34 971.1666666666666 454.1666666666667 1.0 34.0 1.0
Point 35 971.1666666666666 452.8333333333333 1.0 35.0 1.0
Point 36 971.8333333333334 452.1666666666667 1.0 36.0 1.0
Point 37 971.8333333333334 452.1666666666667 1.0 37.0 1.0
Point 38 971.8333333333334 452.1666666666667 1.0 38.0 1.0
Point 39 971.8333333333334 452.1666666666667 1.0 39.0 1.0
Point 40 971.8333333333334 451.5 1.0 40.0 1.0
Point 41 970.5 450.1666666666667 1.0 41.0 1.0
Point 42 968.5 450.1666666666667 1.0 42.0 1.0
Point 43 967.8333333333334 450.1666666666667 1.0 43.0 1.0
Point 44 969.1666666666666 448.8333333333333 1.0 44.0 1.0
Point 45 969.1666666666666 448.8333333333333 1.0 45.0 1.0
Point 46 969.1666666666666 448.8333333333333 1.0 46.0 1.0
Point 47 969.8333333333334 448.8333333333333 1.0 47.0 1.0
Point 48 969.8333333333334 448.8333333333333 1.0 48.0 1.0
Point 49 967.8333333333334 447.5 1.0 49.0 1.0
Point 50 967.8333333333334 446.1666666666667 1.0 50.0 1.0
Point 51 967.8333333333334 445.5 1.0 51.0 1.0
Point 52 967.8333333333334 444.1666666666667 1.0 52.0 1.0
Point 53 970.5 442.8333333333333 1.0 53.0 1.0
Point 54 975.8333333333334 442.1666666666667 1.0 54.0 1.0
Point 55 972.5 442.8333333333333 1.0 55.0 1.0
Point 56 969.1666666666666 441.5 1.0 56.0 1.0
Point 57 968.5 441.5 1.0 57.0 1.0
Point 58 966.5 440.8333333333333 1.0 58.0 1.0
Point 59 966.5 440.8333333333333 1.0 59.0 1.0
Point 60 965.8333333333334 440.1666666666667 1.0 60.0 1.0
Point 61 966.5 440.1666666666667 1.0 61.0 1.0
Point 62 967.1666666666666 439.5 1.0 62.0 1.0
Point 63 967.1666666666666 439.5 1.0 63.0 1.0
Point 64 967.1666666666666 439.5 1.0 64.0 1.0
Point 65 967.1666666666666 439.5 1.0 65.0 1.0
Point 66 967.1666666666666 439.5 1.0 66.0 1.0
Point 67 965.8333333333334 439.5 1.0 67.0 1.0
Point 68 965.8333333333334 439.5 1.0 68.0 1.0
Point 69 967.8333333333334 440.1666666666667 1.0 69.0 1.0
Point 70 967.8333333333334 440.1666666666667 1.0 70.0 1.0
Point 71 967.8333333333334 440.1666666666667 1.0 71.0 1.0
Point 72 967.8333333333334 440.1666666666667 1.0 72.0 1.0
Point 73 967.8333333333334 440.1666666666667 1.0 73.0 1.0
Point 74 967.8333333333334 440.1666666666667 1.0 74.0 1.0
Point 75 967.1666666666666 438.8333333333333 1.0 75.0 1.0
Point 76 967.1666666666666 436.1666666666667 1.0 76.0 1.0
Point 77 967.1666666666666 436.1666666666667 1.0 77.0 1.0
Point 78 967.1666666666666 436.1666666666667 1.0 78.0 1.0
Point 79 967.1666666666666 436.8333333333333 1.0 79.0 1.0
Point 80 967.1666666666666 436.8333333333333 1.0 80.0 1.0
Point 81 967.1666666666666 436.8333333333333 1.0 81.0 1.0
Point 82 967.1666666666666 436.8333333333333 1.0 82.0 1.0
Point 83 967.1666666666666 436.8333333333333 1.0 83.0 1.0
Point 84 967.1666666666666 436.8333333333333 1.0 84.0 1.0
Point 85 964.5 435.5 1.0 85.0 1.0
Point 86 964.5 435.5 1.0 86.0 1.0
Point 87 964.5 435.5 1.0 87.0 1.0
Point 88 964.5 435.5 1.0 88.0 1.0
Point 89 965.8333333333334 435.5 1.0 89.0 1.0
Point 90 965.1666666666666 434.8333333333333 1.0 90.0 1.0
Point 91 964.5 434.1666666666667 1.0 91.0 1.0
Point 92 963.8333333333334 434.1666666666667 1.0 92.0 1.0
Point 93 962.5 434.1666666666667 1.0 93.0 1.0
Point 94 960.5 434.1666666666667 1.0 94.0 1.0
Point 95 959.8333333333334 433.5 1.0 95.0 1.0
Point 96 959.1666666666666 433.5 1.0 96.0 1.0
Point 97 956.5 432.8333333333333 1.0 97.0 1.0
Point 98 951.1666666666666 430.1666666666667 1.0 98.0 1.0
Point 99 951.1666666666666 429.5 1.0 99.0 1.0
Point 100 951.8333333333334 429.5 1.0 100.0 1.0
Point 101 951.8333333333334 429.5 1.0 101.0 1.0
Point 102 953.8333333333334 428.1666666666667 1.0 102.0 1.0
Point 103 953.8333333333334 428.1666666666667 1.0 103.0 1.0
Point 104 950.5 425.5 1.0 104.0 1.0
Point 105 950.5 423.5 1.0 105.0 1.0
Point 106 949.8333333333334 423.5 1.0 106.0 1.0
Point 107 949.8333333333334 423.5 1.0 107.0 1.0
Point 108 950.5 422.1666666666667 1.0 108.0 1.0
Point 109 950.5 422.1666666666667 1.0 109.0 1.0
Point 110 950.5 422.1666666666667 1.0 110.0 1.0
Point 111 950.5 422.1666666666667 1.0 111.0 1.0
Point 112 950.5 422.1666666666667 1.0 112.0 1.0
Point 113 950.5 420.8333333333333 1.0 113.0 1.0
Point 114 950.5 420.8333333333333 1.0 114.0 1.0
Point 115 950.5 420.8333333333333 1.0 115.0 1.0
Point 116 949.8333333333334 421.5 1.0 116.0 1.0
Point 117 949.8333333333334 423.5 1.0 117.0 1.0
Point 118 950.5 424.8333333333333 1.0 118.0 1.0
Point 119 946.5 424.8333333333333 1.0 119.0 1.0
Point 120 944.5 424.1666666666667 1.0 120.0 1.0
Point 121 939.8333333333333 422.1666666666667 1.0 121.0 1.0
Point 122 939.1666666666667 421.5 1.0 122.0 1.0
Point 123 931.8333333333333 418.8333333333333 1.0 123.0 1.0
Point 124 918.5 414.1666666666667 1.0 124.0 1.0
Point 125 913.8333333333333 413.5 1.0 125.0 1.0
Point 126 902.5 408.8333333333333 1.0 126.0 1.0
Point 127 902.5 408.8333333333333 1.0 127.0 1.0
Point 128 900.5 408.8333333333333 1.0 128.0 1.0
Point 129 900.5 408.8333333333333 1.0 129.0 1.0
Point 130 898.5 408.8333333333333 1.0 130.0 1.0
Point 131 895.1666666666667 408.8333333333333 1.0 131.0 1.0
Point 132 891.8333333333333 408.8333333333333 1.0 132.0 1.0
Point 133 889.8333333333333 408.8333333333333 1.0 133.0 1.0
Point 134 887.8333333333333 408.8333333333333 1.0 134.0 1.0
Point 135 881.1666666666667 409.5 1.0 135.0 1.0
Point 136 881.1666666666667 409.5 1.0 136.0 1.0
Point 137 876.5 408.1666666666667 1.0 137.0 1.0
Point 138 873.8333333333333 408.1666666666667 1.0 138.0 1.0
Point 139 871.1666666666667 407.5 1.0 139.0 1.0
Point 141 869.8333333333333 406.8333333333333 1.0 140.0 1.0
End of MTrackJ Data File
