MTrackJ 1.5.1 Data File
Displaying true true true 2 0 0 0 100 10 0 0 0 0 1 12 0 true true true false
Assembly 1 FF0000
Cluster 1 FF0000
Track 1 FF0000 true
Point 1 1001.8333333333334 477.5 1.0 1.0 2.0
Point 2 980.5 452.1666666666667 1.0 2.0 2.0
Point 3 979.1666666666666 454.1666666666667 1.0 3.0 2.0
Point 4 980.5 454.8333333333333 1.0 4.0 2.0
Point 5 997.8333333333334 472.1666666666667 1.0 5.0 2.0
Point 6 1001.8333333333334 475.5 1.0 6.0 2.0
Point 7 1001.1666666666666 468.8333333333333 1.0 7.0 2.0
Point 8 999.8333333333334 472.8333333333333 1.0 8.0 2.0
Point 9 1003.8333333333334 468.8333333333333 1.0 9.0 2.0
Point 10 1005.8333333333334 474.1666666666667 1.0 10.0 2.0
Point 11 1001.1666666666666 472.1666666666667 1.0 11.0 2.0
Point 12 1003.1666666666666 469.5 1.0 12.0 2.0
Point 13 998.5 459.5 1.0 13.0 2.0
Point 14 994.5 454.1666666666667 1.0 14.0 2.0
Point 15 1005.8333333333334 464.1666666666667 1.0 15.0 2.0
Point 16 1004.5 467.5 1.0 16.0 2.0
Point 17 998.5 457.5 1.0 17.0 2.0
Point 18 996.5 454.1666666666667 1.0 18.0 2.0
Point 19 995.8333333333334 453.5 1.0 19.0 2.0
Point 20 995.8333333333334 451.5 1.0 20.0 2.0
Point 21 999.8333333333334 457.5 1.0 21.0 2.0
Point 22 1000.5 460.1666666666667 1.0 22.0 2.0
Point 23 999.8333333333334 460.8333333333333 1.0 23.0 2.0
Point 24 999.8333333333334 462.1666666666667 1.0 24.0 2.0
Point 25 999.1666666666666 460.1666666666667 1.0 25.0 2.0
Point 26 996.5 455.5 1.0 26.0 2.0
Point 27 1003.1666666666666 458.8333333333333 1.0 27.0 2.0
Point 28 1001.1666666666666 458.1666666666667 1.0 28.0 2.0
Point 29 1001.1666666666666 457.5 1.0 29.0 2.0
Point 30 1000.5 458.8333333333333 1.0 30.0 2.0
Point 31 1002.5 463.5 1.0 31.0 2.0
Point 32 1006.5 460.8333333333333 1.0 32.0 2.0
Point 33 1003.8333333333334 459.5 1.0 33.0 2.0
Point 34 1003.8333333333334 458.8333333333333 1.0 34.0 2.0
Point 35 1004.5 456.8333333333333 1.0 35.0 2.0
Point 36 1012.5 452.1666666666667 1.0 36.0 2.0
Point 37 1009.8333333333334 449.5 1.0 37.0 2.0
Point 38 1009.8333333333334 456.1666666666667 1.0 38.0 2.0
Point 39 1008.5 456.1666666666667 1.0 39.0 2.0
Point 40 1009.8333333333334 457.5 1.0 40.0 2.0
Point 41 1006.5 458.8333333333333 1.0 41.0 2.0
Point 42 1005.8333333333334 456.8333333333333 1.0 42.0 2.0
Point 43 1006.5 457.5 1.0 43.0 2.0
Point 44 1008.5 455.5 1.0 44.0 2.0
Point 45 1001.1666666666666 456.1666666666667 1.0 45.0 2.0
Point 46 1009.8333333333334 456.1666666666667 1.0 46.0 2.0
Point 47 1011.1666666666666 452.8333333333333 1.0 47.0 2.0
Point 48 1010.5 453.5 1.0 48.0 2.0
Point 49 1009.1666666666666 454.8333333333333 1.0 49.0 2.0
Point 50 1009.8333333333334 454.1666666666667 1.0 50.0 2.0
Point 51 1012.5 457.5 1.0 51.0 2.0
Point 52 1011.1666666666666 454.8333333333333 1.0 52.0 2.0
Point 53 997.8333333333334 451.5 1.0 53.0 2.0
Point 54 999.1666666666666 451.5 1.0 54.0 2.0
Point 55 1002.5 451.5 1.0 55.0 2.0
Point 56 1005.1666666666666 450.1666666666667 1.0 56.0 2.0
Point 57 1005.1666666666666 449.5 1.0 57.0 2.0
Point 58 1009.1666666666666 445.5 1.0 58.0 2.0
Point 59 1003.8333333333334 446.8333333333333 1.0 59.0 2.0
Point 60 1005.1666666666666 444.8333333333333 1.0 60.0 2.0
Point 61 1010.5 440.8333333333333 1.0 61.0 2.0
Point 62 1008.5 443.5 1.0 62.0 2.0
Point 63 1013.8333333333334 442.8333333333333 1.0 63.0 2.0
Point 64 1019.1666666666666 438.1666666666667 1.0 64.0 2.0
Point 65 1019.8333333333334 443.5 1.0 65.0 2.0
Point 66 1023.8333333333335 440.1666666666667 1.0 66.0 2.0
Point 67 1025.1666666666665 440.8333333333333 1.0 67.0 2.0
Point 68 1023.8333333333335 443.5 1.0 68.0 2.0
Point 69 1023.8333333333335 443.5 1.0 69.0 2.0
Point 70 1025.8333333333335 440.1666666666667 1.0 70.0 2.0
Point 71 1025.8333333333335 441.5 1.0 71.0 2.0
Point 72 1024.5 440.1666666666667 1.0 72.0 2.0
Point 73 1020.5 445.5 1.0 73.0 2.0
Point 74 1018.5 443.5 1.0 74.0 2.0
Point 75 1011.8333333333334 446.8333333333333 1.0 75.0 2.0
Point 76 1008.5 448.8333333333333 1.0 76.0 2.0
Point 77 1025.1666666666665 470.1666666666667 1.0 77.0 2.0
Point 78 1025.8333333333335 475.5 1.0 78.0 2.0
Point 79 1025.8333333333335 487.5 1.0 79.0 2.0
Point 80 1025.1666666666665 474.8333333333333 1.0 80.0 2.0
Point 81 1024.5 466.1666666666667 1.0 81.0 2.0
Point 82 1023.8333333333335 464.1666666666667 1.0 82.0 2.0
Point 83 1021.8333333333334 463.5 1.0 83.0 2.0
Point 84 1018.5 483.5 1.0 84.0 2.0
Point 85 1006.5 499.5 1.0 85.0 2.0
Point 86 1009.1666666666666 494.8333333333333 1.0 86.0 2.0
Point 87 1017.1666666666666 470.8333333333333 1.0 87.0 2.0
Point 88 1017.1666666666666 476.8333333333333 1.0 88.0 2.0
Point 89 1017.8333333333334 469.5 1.0 89.0 2.0
Point 90 1009.8333333333334 458.1666666666667 1.0 90.0 2.0
Point 91 1011.1666666666666 459.5 1.0 91.0 2.0
Point 92 1001.8333333333334 448.8333333333333 1.0 92.0 2.0
Point 93 984.5 439.5 1.0 93.0 2.0
Point 94 980.5 432.8333333333333 1.0 94.0 2.0
Point 95 973.8333333333334 427.5 1.0 95.0 2.0
Point 96 971.1666666666666 423.5 1.0 96.0 2.0
Point 97 971.1666666666666 422.1666666666667 1.0 97.0 2.0
Point 98 951.8333333333334 413.5 1.0 98.0 2.0
Point 99 952.5 415.5 1.0 99.0 2.0
Point 100 948.5 414.1666666666667 1.0 100.0 2.0
Point 101 961.8333333333334 416.1666666666667 1.0 101.0 2.0
Point 102 937.1666666666667 414.8333333333333 1.0 102.0 2.0
Point 103 914.5 414.1666666666667 1.0 103.0 2.0
Point 104 913.8333333333333 414.1666666666667 1.0 104.0 2.0
Point 105 921.1666666666667 409.5 1.0 105.0 2.0
Point 106 921.1666666666667 411.5 1.0 106.0 2.0
Point 107 922.5 413.5 1.0 107.0 2.0
Point 108 934.5 412.1666666666667 1.0 108.0 2.0
Point 109 910.5 411.5 1.0 109.0 2.0
Point 110 894.5 410.8333333333333 1.0 110.0 2.0
Point 111 874.5 411.5 1.0 111.0 2.0
Point 112 886.5 412.1666666666667 1.0 112.0 2.0
Point 113 875.8333333333333 412.8333333333333 1.0 113.0 2.0
Point 114 870.5 410.1666666666667 1.0 114.0 2.0
Point 115 876.5 410.1666666666667 1.0 115.0 2.0
Point 116 861.8333333333333 408.8333333333333 1.0 116.0 2.0
Point 117 846.5 407.5 1.0 117.0 2.0
Point 118 851.1666666666667 407.5 1.0 118.0 2.0
Point 119 861.8333333333333 408.8333333333333 1.0 119.0 2.0
Point 120 861.8333333333333 410.8333333333333 1.0 120.0 2.0
Point 121 858.5 412.1666666666667 1.0 121.0 2.0
Point 122 854.5 408.1666666666667 1.0 122.0 2.0
Point 123 847.1666666666667 406.8333333333333 1.0 123.0 2.0
Point 124 849.8333333333333 406.8333333333333 1.0 124.0 2.0
Point 125 847.8333333333333 409.5 1.0 125.0 2.0
Point 126 857.1666666666667 406.8333333333333 1.0 126.0 2.0
Point 127 861.8333333333333 408.8333333333333 1.0 127.0 2.0
Point 128 849.1666666666667 406.1666666666667 1.0 128.0 2.0
Point 129 841.1666666666667 406.1666666666667 1.0 129.0 2.0
Point 130 843.1666666666667 408.8333333333333 1.0 130.0 2.0
Point 131 847.1666666666667 409.5 1.0 131.0 2.0
Point 132 844.5 408.1666666666667 1.0 132.0 2.0
Point 133 838.5 406.1666666666667 1.0 133.0 2.0
Point 134 834.5 407.5 1.0 134.0 2.0
Point 135 831.8333333333333 408.1666666666667 1.0 135.0 2.0
Point 136 837.8333333333333 413.5 1.0 136.0 2.0
Point 137 830.5 408.1666666666667 1.0 137.0 2.0
Point 138 829.8333333333333 406.8333333333333 1.0 138.0 2.0
Point 139 830.5 408.8333333333333 1.0 139.0 2.0
Point 140 828.5 410.8333333333333 1.0 140.0 2.0
End of MTrackJ Data File
