MTrackJ 1.5.1 Data File
Displaying false true true 1 2 0 0 100 20 0 0 0 0 1 8 0 false false true false
Assembly 1 FF0000
Cluster 1 FF0000
Track 1 FF0000 true
Point 1 963.8333333333334 412.8333333333333 1.0 6.0 1.0
Point 2 917.8333333333333 442.8333333333333 1.0 7.0 1.0
Point 3 995.8333333333334 498.1666666666667 1.0 74.0 1.0
Point 4 1020.0 514.5 1.0 75.0 1.0
Point 9 986.0 512.5 1.0 81.0 1.0
Point 6 889.1666666666667 411.5 1.0 89.0 1.0
Point 7 799.8333333333333 398.1666666666667 1.0 111.0 1.0
Point 10 733.5 363.0 1.0 129.0 1.0
Point 11 977.0 453.5 1.0 143.0 1.0
Point 16 744.0 415.5 1.0 148.0 1.0
Point 12 863.0 443.5 1.0 184.0 1.0
Point 13 970.5 470.0 1.0 204.0 1.0
Point 14 874.0 492.5 1.0 215.0 1.0
Point 15 795.0 474.5 1.0 233.0 1.0
End of MTrackJ Data File
