MTrackJ 1.5.1 Data File
Displaying true true true 2 0 0 0 100 10 0 0 0 0 1 12 0 true true true false
Assembly 1 FF0000
Cluster 1 FF0000
Track 1 FF0000 true
Point 1 1135.0 233.0 1.0 1.0 2.0
Point 2 1130.5 236.5 1.0 2.0 2.0
Point 3 1132.5 228.5 1.0 3.0 2.0
Point 4 1122.0 226.5 1.0 4.0 2.0
Point 5 1111.0 217.5 1.0 5.0 2.0
Point 6 1100.0 198.5 1.0 6.0 2.0
Point 7 1103.0 197.5 1.0 7.0 2.0
Point 8 1099.0 189.5 1.0 8.0 2.0
Point 9 1084.0 162.0 1.0 9.0 2.0
Point 10 1080.0 157.0 1.0 10.0 2.0
Point 11 1085.0 161.5 1.0 11.0 2.0
Point 12 1085.5 152.0 1.0 12.0 2.0
Point 13 1082.0 152.5 1.0 13.0 2.0
Point 14 1083.5 148.0 1.0 14.0 2.0
Point 15 1081.5 134.5 1.0 15.0 2.0
Point 16 1081.0 135.0 1.0 16.0 2.0
Point 17 1082.5 143.0 1.0 17.0 2.0
Point 18 1083.5 145.5 1.0 18.0 2.0
Point 19 1104.0 174.0 1.0 19.0 2.0
Point 20 1115.0 178.0 1.0 20.0 2.0
Point 21 1103.0 167.5 1.0 21.0 2.0
Point 22 1113.0 183.5 1.0 22.0 2.0
Point 23 1118.0 187.0 1.0 23.0 2.0
Point 24 1113.0 182.5 1.0 24.0 2.0
Point 25 1116.0 190.5 1.0 25.0 2.0
Point 26 1118.5 183.0 1.0 26.0 2.0
Point 27 1126.5 193.5 1.0 27.0 2.0
Point 28 1118.0 180.5 1.0 28.0 2.0
Point 29 1104.5 163.5 1.0 29.0 2.0
Point 30 1101.5 159.0 1.0 30.0 2.0
Point 31 1089.5 143.0 1.0 31.0 2.0
Point 32 1090.5 141.5 1.0 32.0 2.0
Point 33 1100.0 154.5 1.0 33.0 2.0
Point 34 1092.5 144.0 1.0 34.0 2.0
Point 35 1096.0 151.5 1.0 35.0 2.0
Point 36 1141.0 192.0 1.0 36.0 2.0
Point 37 1134.0 185.0 1.0 37.0 2.0
Point 38 1118.5 173.0 1.0 38.0 2.0
Point 39 1113.5 165.5 1.0 39.0 2.0
Point 40 1132.0 176.5 1.0 40.0 2.0
Point 41 1121.5 176.0 1.0 41.0 2.0
Point 42 1122.5 177.0 1.0 42.0 2.0
Point 43 1128.5 184.5 1.0 43.0 2.0
Point 44 1137.5 192.0 1.0 44.0 2.0
Point 45 1129.0 186.5 1.0 45.0 2.0
Point 46 1133.5 186.0 1.0 46.0 2.0
Point 47 1136.0 191.5 1.0 47.0 2.0
Point 48 1156.0 198.0 1.0 48.0 2.0
Point 49 1131.0 187.5 1.0 49.0 2.0
Point 50 1136.0 190.5 1.0 50.0 2.0
Point 51 1136.0 187.5 1.0 51.0 2.0
Point 52 1130.0 184.0 1.0 52.0 2.0
Point 53 1131.5 186.5 1.0 53.0 2.0
Point 54 1133.5 187.5 1.0 54.0 2.0
Point 55 1149.0 193.0 1.0 55.0 2.0
Point 56 1134.0 187.0 1.0 56.0 2.0
Point 57 1135.0 189.0 1.0 57.0 2.0
Point 58 1132.0 187.0 1.0 58.0 2.0
Point 59 1130.5 188.0 1.0 59.0 2.0
Point 60 1135.0 188.0 1.0 60.0 2.0
Point 61 1130.5 186.5 1.0 61.0 2.0
Point 62 1130.5 183.5 1.0 62.0 2.0
Point 63 1121.5 180.0 1.0 63.0 2.0
Point 64 1120.0 179.0 1.0 64.0 2.0
Point 65 1118.0 178.0 1.0 65.0 2.0
Point 66 1118.0 178.5 1.0 66.0 2.0
Point 67 1121.0 181.5 1.0 67.0 2.0
Point 68 1118.5 183.0 1.0 68.0 2.0
Point 69 1116.5 180.5 1.0 69.0 2.0
Point 70 1113.5 181.5 1.0 70.0 2.0
Point 71 1110.0 175.0 1.0 71.0 2.0
Point 72 1108.5 177.5 1.0 72.0 2.0
Point 73 1110.5 175.0 1.0 73.0 2.0
Point 74 1111.0 176.0 1.0 74.0 2.0
Point 75 1108.5 180.5 1.0 75.0 2.0
Point 76 1113.5 176.5 1.0 76.0 2.0
Point 77 1116.5 179.0 1.0 77.0 2.0
Point 78 1124.5 177.0 1.0 78.0 2.0
Point 79 1117.0 178.5 1.0 79.0 2.0
Point 80 1114.5 175.5 1.0 80.0 2.0
Point 81 1107.5 182.5 1.0 81.0 2.0
Point 82 1117.0 178.0 1.0 82.0 2.0
Point 83 1108.0 175.0 1.0 83.0 2.0
Point 84 1105.0 175.5 1.0 84.0 2.0
Point 85 1110.0 172.0 1.0 85.0 2.0
Point 86 1113.5 171.0 1.0 86.0 2.0
Point 87 1114.5 180.0 1.0 87.0 2.0
Point 88 1119.0 178.5 1.0 88.0 2.0
Point 89 1116.5 172.0 1.0 89.0 2.0
Point 90 1130.5 175.5 1.0 90.0 2.0
Point 91 1130.0 175.0 1.0 91.0 2.0
Point 92 1115.5 170.0 1.0 92.0 2.0
Point 93 1109.0 165.5 1.0 93.0 2.0
Point 94 1123.5 175.0 1.0 94.0 2.0
Point 95 1110.5 167.0 1.0 95.0 2.0
Point 96 1107.5 163.5 1.0 96.0 2.0
Point 97 1099.0 151.0 1.0 97.0 2.0
Point 98 1078.5 139.0 1.0 98.0 2.0
Point 99 1079.0 143.5 1.0 99.0 2.0
Point 100 1079.5 140.5 1.0 100.0 2.0
Point 101 1095.5 150.5 1.0 101.0 2.0
Point 102 1088.0 143.5 1.0 102.0 2.0
Point 103 1087.0 147.5 1.0 103.0 2.0
Point 104 1074.5 149.5 1.0 104.0 2.0
Point 105 1073.5 144.0 1.0 105.0 2.0
Point 106 1064.5 144.0 1.0 106.0 2.0
Point 107 1061.5 144.0 1.0 107.0 2.0
Point 108 1057.5 144.5 1.0 108.0 2.0
Point 109 1059.5 143.0 1.0 109.0 2.0
Point 110 1063.0 144.5 1.0 110.0 2.0
Point 111 1061.5 139.0 1.0 111.0 2.0
Point 112 1058.0 136.0 1.0 112.0 2.0
Point 113 1060.5 138.5 1.0 113.0 2.0
Point 114 1058.0 135.5 1.0 114.0 2.0
Point 115 1054.0 138.5 1.0 115.0 2.0
Point 116 1053.5 134.5 1.0 116.0 2.0
Point 117 1050.5 132.0 1.0 117.0 2.0
Point 118 1050.0 131.5 1.0 118.0 2.0
Point 119 1052.5 131.5 1.0 119.0 2.0
Point 120 1048.0 136.0 1.0 120.0 2.0
Point 121 1048.0 132.0 1.0 121.0 2.0
Point 122 1050.0 134.0 1.0 122.0 2.0
Point 123 1052.0 136.5 1.0 123.0 2.0
Point 124 1051.0 139.0 1.0 124.0 2.0
Point 125 1050.5 135.0 1.0 125.0 2.0
Point 126 1049.0 136.0 1.0 126.0 2.0
Point 127 1054.0 135.0 1.0 127.0 2.0
Point 128 1049.5 135.0 1.0 128.0 2.0
Point 129 1054.0 131.0 1.0 129.0 2.0
Point 130 1053.5 131.5 1.0 130.0 2.0
Point 131 1054.5 133.5 1.0 131.0 2.0
Point 132 1053.5 137.5 1.0 132.0 2.0
Point 133 1052.0 135.5 1.0 133.0 2.0
Point 134 1059.0 134.5 1.0 134.0 2.0
Point 135 1057.0 130.5 1.0 135.0 2.0
Point 136 1057.0 130.5 1.0 136.0 2.0
Point 137 1059.5 134.0 1.0 137.0 2.0
Point 138 1059.5 134.0 1.0 138.0 2.0
Point 139 1058.0 135.5 1.0 139.0 2.0
Point 140 1060.0 139.5 1.0 140.0 2.0
End of MTrackJ Data File
