MTrackJ 1.5.1 Data File
Displaying true true true 2 0 0 0 100 10 0 0 0 0 1 12 0 true true true false
Assembly 1 FF0000
Cluster 1 FF0000
Track 1 FF0000 true
Point 1 1116.5 222.0 1.0 1.0 1.0
Point 2 1117.0 222.5 1.0 2.0 1.0
Point 3 1118.0 223.5 1.0 3.0 1.0
Point 4 1118.0 223.5 1.0 4.0 1.0
Point 5 1119.5 220.5 1.0 5.0 1.0
Point 6 1118.0 207.0 1.0 6.0 1.0
Point 7 1110.0 202.5 1.0 7.0 1.0
Point 8 1104.5 196.5 1.0 8.0 1.0
Point 9 1104.5 193.5 1.0 9.0 1.0
Point 10 1097.5 184.5 1.0 10.0 1.0
Point 11 1096.5 182.5 1.0 11.0 1.0
Point 12 1093.0 177.0 1.0 12.0 1.0
Point 13 1089.0 174.0 1.0 13.0 1.0
Point 14 1088.0 171.0 1.0 14.0 1.0
Point 15 1089.0 171.0 1.0 15.0 1.0
Point 16 1087.5 168.0 1.0 16.0 1.0
Point 17 1089.5 169.0 1.0 17.0 1.0
Point 18 1092.0 170.5 1.0 18.0 1.0
Point 19 1092.0 170.5 1.0 19.0 1.0
Point 20 1121.5 191.5 1.0 20.0 1.0
Point 21 1123.0 196.5 1.0 21.0 1.0
Point 22 1120.0 199.0 1.0 22.0 1.0
Point 23 1118.5 202.0 1.0 23.0 1.0
Point 24 1119.0 206.5 1.0 24.0 1.0
Point 25 1117.5 206.0 1.0 25.0 1.0
Point 26 1116.0 203.5 1.0 26.0 1.0
Point 27 1115.5 201.0 1.0 27.0 1.0
Point 28 1118.5 205.0 1.0 28.0 1.0
Point 29 1119.0 203.0 1.0 29.0 1.0
Point 30 1115.5 197.0 1.0 30.0 1.0
Point 31 1112.0 191.0 1.0 31.0 1.0
Point 32 1107.0 184.5 1.0 32.0 1.0
Point 33 1107.5 183.0 1.0 33.0 1.0
Point 34 1110.5 179.5 1.0 34.0 1.0
Point 35 1110.5 179.5 1.0 35.0 1.0
Point 36 1107.0 177.5 1.0 36.0 1.0
Point 37 1119.0 192.5 1.0 37.0 1.0
Point 38 1118.5 187.5 1.0 38.0 1.0
Point 39 1110.5 182.0 1.0 39.0 1.0
Point 40 1111.5 181.0 1.0 40.0 1.0
Point 41 1113.0 182.0 1.0 41.0 1.0
Point 42 1113.0 181.5 1.0 42.0 1.0
Point 43 1113.0 181.5 1.0 43.0 1.0
Point 44 1115.0 182.5 1.0 44.0 1.0
Point 45 1117.5 185.0 1.0 45.0 1.0
Point 46 1116.5 184.5 1.0 46.0 1.0
Point 47 1116.5 184.5 1.0 47.0 1.0
Point 48 1116.5 184.0 1.0 48.0 1.0
Point 49 1117.0 184.5 1.0 49.0 1.0
Point 50 1116.5 184.0 1.0 50.0 1.0
Point 51 1115.0 182.5 1.0 51.0 1.0
Point 52 1114.0 182.0 1.0 52.0 1.0
Point 53 1113.0 181.5 1.0 53.0 1.0
Point 54 1112.0 181.0 1.0 54.0 1.0
Point 55 1110.0 180.5 1.0 55.0 1.0
Point 56 1110.0 180.5 1.0 56.0 1.0
Point 57 1110.0 180.0 1.0 57.0 1.0
Point 58 1109.5 179.0 1.0 58.0 1.0
Point 59 1109.5 176.5 1.0 59.0 1.0
Point 60 1109.0 176.0 1.0 60.0 1.0
Point 61 1106.5 173.5 1.0 61.0 1.0
Point 62 1106.5 173.0 1.0 62.0 1.0
Point 63 1107.5 171.5 1.0 63.0 1.0
Point 64 1107.5 171.5 1.0 64.0 1.0
Point 65 1106.5 171.5 1.0 65.0 1.0
Point 66 1106.5 171.0 1.0 66.0 1.0
Point 67 1105.5 170.5 1.0 67.0 1.0
Point 68 1104.5 169.5 1.0 68.0 1.0
Point 69 1099.5 166.5 1.0 69.0 1.0
Point 70 1098.5 164.5 1.0 70.0 1.0
Point 71 1097.0 164.0 1.0 71.0 1.0
Point 72 1095.5 163.0 1.0 72.0 1.0
Point 73 1094.0 161.0 1.0 73.0 1.0
Point 74 1094.0 161.0 1.0 74.0 1.0
Point 75 1097.5 164.0 1.0 75.0 1.0
Point 76 1097.5 164.0 1.0 76.0 1.0
Point 77 1097.5 164.0 1.0 77.0 1.0
Point 78 1100.5 166.0 1.0 78.0 1.0
Point 79 1101.5 166.0 1.0 79.0 1.0
Point 80 1103.0 169.0 1.0 80.0 1.0
Point 81 1101.5 168.0 1.0 81.0 1.0
Point 82 1098.0 165.5 1.0 82.0 1.0
Point 83 1098.5 166.0 1.0 83.0 1.0
Point 84 1098.0 166.5 1.0 84.0 1.0
Point 85 1097.5 166.5 1.0 85.0 1.0
Point 86 1096.0 166.5 1.0 86.0 1.0
Point 87 1096.0 166.5 1.0 87.0 1.0
Point 88 1096.0 166.5 1.0 88.0 1.0
Point 89 1096.0 166.5 1.0 89.0 1.0
Point 90 1097.0 166.0 1.0 90.0 1.0
Point 91 1097.0 166.0 1.0 91.0 1.0
Point 92 1097.5 166.0 1.0 92.0 1.0
Point 93 1098.0 165.0 1.0 93.0 1.0
Point 94 1097.0 162.5 1.0 94.0 1.0
Point 95 1096.5 161.5 1.0 95.0 1.0
Point 96 1097.5 161.5 1.0 96.0 1.0
Point 97 1096.0 159.0 1.0 97.0 1.0
Point 98 1095.5 157.5 1.0 98.0 1.0
Point 99 1091.0 149.5 1.0 99.0 1.0
Point 100 1087.0 145.0 1.0 100.0 1.0
Point 101 1087.0 145.0 1.0 101.0 1.0
Point 102 1088.5 148.5 1.0 102.0 1.0
Point 103 1092.0 152.0 1.0 103.0 1.0
Point 104 1090.0 147.5 1.0 104.0 1.0
Point 105 1089.5 145.0 1.0 105.0 1.0
Point 106 1087.5 144.0 1.0 106.0 1.0
Point 107 1088.0 144.5 1.0 107.0 1.0
Point 108 1086.0 144.0 1.0 108.0 1.0
Point 109 1086.5 143.5 1.0 109.0 1.0
Point 110 1084.0 145.5 1.0 110.0 1.0
Point 111 1083.0 142.0 1.0 111.0 1.0
Point 112 1077.5 141.5 1.0 112.0 1.0
Point 113 1076.0 140.0 1.0 113.0 1.0
Point 114 1073.5 137.5 1.0 114.0 1.0
Point 115 1072.0 136.5 1.0 115.0 1.0
Point 116 1065.5 136.0 1.0 116.0 1.0
Point 117 1063.0 134.5 1.0 117.0 1.0
Point 118 1060.0 131.5 1.0 118.0 1.0
Point 119 1058.5 131.0 1.0 119.0 1.0
Point 120 1058.0 130.0 1.0 120.0 1.0
Point 121 1058.0 129.5 1.0 121.0 1.0
Point 122 1058.0 129.0 1.0 122.0 1.0
Point 123 1058.0 129.0 1.0 123.0 1.0
Point 124 1058.5 129.5 1.0 124.0 1.0
Point 125 1061.0 131.0 1.0 125.0 1.0
Point 126 1061.5 129.5 1.0 126.0 1.0
Point 127 1060.5 129.0 1.0 127.0 1.0
Point 128 1060.5 130.0 1.0 128.0 1.0
Point 129 1060.5 130.0 1.0 129.0 1.0
Point 130 1064.5 128.0 1.0 130.0 1.0
Point 131 1064.5 127.5 1.0 131.0 1.0
Point 132 1064.5 127.5 1.0 132.0 1.0
Point 133 1061.5 128.0 1.0 133.0 1.0
Track 2 FFFF00 true
Point 1 1061.5 128.0 1.0 134.0 1.0
Point 2 1062.5 127.0 1.0 135.0 1.0
Point 3 1062.0 126.5 1.0 136.0 1.0
Point 4 1062.0 126.5 1.0 137.0 1.0
Point 5 1061.5 125.5 1.0 138.0 1.0
Point 6 1058.0 125.0 1.0 139.0 1.0
Point 8 1058.0 125.0 1.0 140.0 1.0
End of MTrackJ Data File
