MTrackJ 1.5.1 Data File
Displaying true true true 2 0 0 0 100 10 0 0 0 0 1 12 0 true true true false
Assembly 1 FF0000
Cluster 1 FF0000
Track 1 FF0000 true
Point 1 319.0 203.0 1.0 1.0 1.0
Point 2 319.0 203.0 1.0 2.0 1.0
Point 3 319.0 201.0 1.0 3.0 1.0
Point 4 319.0 196.0 1.0 4.0 1.0
Point 5 317.0 193.0 1.0 5.0 1.0
Point 6 314.0 189.0 1.0 6.0 1.0
Point 7 312.0 186.0 1.0 7.0 1.0
Track 2 FFFF00 true
Point 1 311.0 184.0 1.0 8.0 1.0
Point 2 311.0 182.0 1.0 9.0 1.0
Point 3 311.0 182.0 1.0 10.0 1.0
Track 3 00FF00 true
Point 1 312.0 178.0 1.0 11.0 1.0
Point 2 313.0 177.0 1.0 12.0 1.0
Point 3 314.0 174.0 1.0 13.0 1.0
Point 4 313.0 174.0 1.0 14.0 1.0
Point 5 315.0 168.0 1.0 15.0 1.0
Point 6 315.0 168.0 1.0 16.0 1.0
Track 4 00FFFF true
Point 1 313.0 170.0 1.0 17.0 1.0
Track 5 0000FF true
Point 1 313.0 170.0 1.0 18.0 1.0
Track 6 FF00FF true
Point 1 315.0 169.0 1.0 19.0 1.0
Point 2 321.0 167.0 1.0 20.0 1.0
Point 3 321.0 167.0 1.0 21.0 1.0
Track 7 FF9900 true
Point 1 322.0 167.0 1.0 22.0 1.0
Point 2 321.0 168.0 1.0 23.0 1.0
Point 3 321.0 169.0 1.0 24.0 1.0
Track 8 8B05BE true
Point 1 325.0 168.0 1.0 25.0 1.0
Point 2 327.0 168.0 1.0 26.0 1.0
Point 3 333.0 166.0 1.0 27.0 1.0
Point 4 334.0 166.0 1.0 28.0 1.0
Point 5 335.0 165.0 1.0 29.0 1.0
Point 6 335.0 166.0 1.0 30.0 1.0
Point 7 335.0 166.0 1.0 31.0 1.0
Point 8 335.0 166.0 1.0 32.0 1.0
Track 9 008B42 true
Point 1 336.0 170.0 1.0 33.0 1.0
Point 2 340.0 168.0 1.0 34.0 1.0
Point 3 340.0 168.0 1.0 35.0 1.0
Point 4 341.0 169.0 1.0 36.0 1.0
Point 5 342.0 169.0 1.0 37.0 1.0
Point 6 342.0 169.0 1.0 38.0 1.0
Point 7 343.0 170.0 1.0 39.0 1.0
Point 8 343.0 170.0 1.0 40.0 1.0
Point 9 347.0 168.0 1.0 41.0 1.0
Point 10 349.0 167.0 1.0 42.0 1.0
Point 11 350.0 166.0 1.0 43.0 1.0
Point 12 351.0 166.0 1.0 44.0 1.0
Point 13 353.0 165.0 1.0 45.0 1.0
Point 14 353.0 165.0 1.0 46.0 1.0
Point 15 356.0 164.0 1.0 47.0 1.0
Point 16 356.0 164.0 1.0 48.0 1.0
Track 10 FFD18B true
Point 1 355.0 166.0 1.0 49.0 1.0
Point 2 355.0 167.0 1.0 50.0 1.0
Point 3 352.0 168.0 1.0 51.0 1.0
Track 11 00388B true
Point 1 338.0 177.0 1.0 52.0 1.0
Point 2 338.0 181.0 1.0 53.0 1.0
Point 3 337.0 184.0 1.0 54.0 1.0
Point 4 339.0 182.0 1.0 55.0 1.0
Point 5 344.0 177.0 1.0 56.0 1.0
Point 6 344.0 177.0 1.0 57.0 1.0
Point 7 344.0 177.0 1.0 58.0 1.0
Point 8 347.0 176.0 1.0 59.0 1.0
Point 9 351.0 176.0 1.0 60.0 1.0
Point 10 354.0 177.0 1.0 61.0 1.0
Point 11 360.0 173.0 1.0 62.0 1.0
Point 12 359.0 173.0 1.0 63.0 1.0
Point 13 359.0 173.0 1.0 64.0 1.0
Point 14 363.0 171.0 1.0 65.0 1.0
Point 15 365.0 169.0 1.0 66.0 1.0
Point 16 366.0 169.0 1.0 67.0 1.0
Point 17 368.0 168.0 1.0 68.0 1.0
Point 18 369.0 168.0 1.0 69.0 1.0
Point 19 371.0 169.0 1.0 70.0 1.0
Point 20 371.0 169.0 1.0 71.0 1.0
Track 12 D6FF8B true
Point 1 374.0 169.0 1.0 72.0 1.0
Point 2 374.0 169.0 1.0 73.0 1.0
Point 3 374.0 169.0 1.0 74.0 1.0
Point 4 377.0 169.0 1.0 75.0 1.0
Point 5 379.0 168.0 1.0 76.0 1.0
Point 6 379.0 169.0 1.0 77.0 1.0
Point 7 379.0 170.0 1.0 78.0 1.0
Point 8 379.0 171.0 1.0 79.0 1.0
Point 9 380.0 170.0 1.0 80.0 1.0
Point 10 380.0 170.0 1.0 81.0 1.0
Point 11 380.0 170.0 1.0 82.0 1.0
Point 12 380.0 170.0 1.0 83.0 1.0
Point 13 382.0 170.0 1.0 84.0 1.0
Point 14 386.0 168.0 1.0 85.0 1.0
Point 15 387.0 168.0 1.0 86.0 1.0
Point 16 387.0 168.0 1.0 87.0 1.0
Point 17 386.0 169.0 1.0 88.0 1.0
Point 18 386.0 169.0 1.0 89.0 1.0
Point 19 386.0 169.0 1.0 90.0 1.0
Point 20 385.0 170.0 1.0 91.0 1.0
Point 21 385.0 170.0 1.0 92.0 1.0
Point 22 387.0 170.0 1.0 93.0 1.0
Track 13 BE0521 true
Point 1 389.0 168.0 1.0 94.0 1.0
Point 2 390.0 167.0 1.0 95.0 1.0
Point 3 393.0 167.0 1.0 96.0 1.0
Point 4 394.0 166.0 1.0 97.0 1.0
Point 5 396.0 165.0 1.0 98.0 1.0
Point 6 396.0 164.0 1.0 99.0 1.0
Point 7 397.0 164.0 1.0 100.0 1.0
Point 8 398.0 163.0 1.0 101.0 1.0
Point 9 399.0 162.0 1.0 102.0 1.0
Point 10 399.0 162.0 1.0 103.0 1.0
Point 11 400.0 161.0 1.0 104.0 1.0
Point 12 401.0 159.0 1.0 105.0 1.0
Track 14 FF8B9C true
Point 1 403.0 157.0 1.0 106.0 1.0
Point 2 402.0 157.0 1.0 107.0 1.0
Point 3 402.0 157.0 1.0 108.0 1.0
Point 4 403.0 157.0 1.0 109.0 1.0
Point 5 403.0 157.0 1.0 110.0 1.0
Point 6 403.0 157.0 1.0 111.0 1.0
Point 7 403.0 157.0 1.0 112.0 1.0
Point 8 403.0 157.0 1.0 113.0 1.0
Point 9 403.0 156.0 1.0 114.0 1.0
Point 10 403.0 156.0 1.0 115.0 1.0
Point 11 407.0 155.0 1.0 116.0 1.0
Point 12 409.0 153.0 1.0 117.0 1.0
Track 15 8B6E00 true
Point 1 410.0 153.0 1.0 118.0 1.0
Track 16 AC55F7 true
Point 1 410.0 149.0 1.0 119.0 1.0
Point 2 410.0 149.0 1.0 120.0 1.0
Point 3 410.0 149.0 1.0 121.0 1.0
Track 17 ABFF8B true
Point 1 411.0 149.0 1.0 122.0 1.0
Point 2 417.0 147.0 1.0 123.0 1.0
Point 3 417.0 147.0 1.0 124.0 1.0
Track 18 008B76 true
Point 1 418.0 150.0 1.0 125.0 1.0
Point 2 418.0 150.0 1.0 126.0 1.0
Point 3 418.0 150.0 1.0 127.0 1.0
Track 19 A0BE05 true
Point 1 418.0 150.0 1.0 128.0 1.0
Point 2 418.0 150.0 1.0 129.0 1.0
Point 3 418.0 151.0 1.0 130.0 1.0
Point 4 410.0 155.0 1.0 131.0 1.0
Point 5 405.0 156.0 1.0 132.0 1.0
Point 6 400.0 155.0 1.0 133.0 1.0
Point 7 398.0 153.0 1.0 134.0 1.0
Point 8 374.0 146.0 1.0 135.0 1.0
Point 9 365.0 148.0 1.0 136.0 1.0
Point 10 367.0 146.0 1.0 137.0 1.0
Point 11 371.0 142.0 1.0 138.0 1.0
Point 12 375.0 138.0 1.0 139.0 1.0
Point 13 375.0 138.0 1.0 140.0 1.0
Point 14 376.0 135.0 1.0 141.0 1.0
Point 15 376.0 133.0 1.0 142.0 1.0
Point 16 375.0 132.0 1.0 143.0 1.0
Point 17 374.0 130.0 1.0 144.0 1.0
Point 18 374.0 130.0 1.0 145.0 1.0
Track 20 FF6900 true
Point 1 373.0 129.0 1.0 146.0 1.0
Point 2 373.0 127.0 1.0 147.0 1.0
Point 3 373.0 127.0 1.0 148.0 1.0
Track 21 BE0589 true
Point 1 372.0 127.0 1.0 149.0 1.0
Point 2 377.0 125.0 1.0 150.0 1.0
Track 22 5577F7 true
Point 1 378.0 124.0 1.0 151.0 1.0
Point 2 381.0 122.0 1.0 152.0 1.0
Point 3 381.0 121.0 1.0 153.0 1.0
Track 23 00FF79 true
Point 1 381.0 121.0 1.0 154.0 1.0
Point 2 381.0 121.0 1.0 155.0 1.0
Point 3 381.0 121.0 1.0 156.0 1.0
Point 4 382.0 121.0 1.0 157.0 1.0
Point 5 382.0 120.0 1.0 158.0 1.0
Point 6 382.0 120.0 1.0 159.0 1.0
Track 24 F79855 true
Point 1 382.0 120.0 1.0 160.0 1.0
Point 2 382.0 120.0 1.0 161.0 1.0
Point 3 382.0 119.0 1.0 162.0 1.0
Track 25 8B0063 true
Point 1 381.0 115.0 1.0 163.0 1.0
Point 2 380.0 114.0 1.0 164.0 1.0
Point 3 380.0 114.0 1.0 165.0 1.0
Track 26 8BB9FF true
Point 1 382.0 114.0 1.0 166.0 1.0
Point 2 382.0 114.0 1.0 167.0 1.0
Point 3 382.0 114.0 1.0 168.0 1.0
Point 4 381.0 114.0 1.0 169.0 1.0
Point 5 381.0 114.0 1.0 170.0 1.0
Point 6 381.0 114.0 1.0 171.0 1.0
Track 27 8B3900 true
Point 1 382.0 113.0 1.0 172.0 1.0
Point 2 383.0 113.0 1.0 173.0 1.0
Point 3 385.0 111.0 1.0 174.0 1.0
Point 4 385.0 109.0 1.0 175.0 1.0
Point 5 384.0 109.0 1.0 176.0 1.0
Point 6 384.0 109.0 1.0 177.0 1.0
Point 7 384.0 109.0 1.0 178.0 1.0
Point 8 384.0 109.0 1.0 179.0 1.0
Point 9 384.0 109.0 1.0 180.0 1.0
Point 10 384.0 109.0 1.0 181.0 1.0
Point 11 384.0 109.0 1.0 182.0 1.0
Track 28 A6FF00 true
Point 1 384.0 109.0 1.0 183.0 1.0
Point 2 384.0 109.0 1.0 184.0 1.0
Point 3 385.0 108.0 1.0 185.0 1.0
Point 4 385.0 108.0 1.0 186.0 1.0
Point 5 385.0 108.0 1.0 187.0 1.0
Point 6 385.0 107.0 1.0 188.0 1.0
Point 7 386.0 106.0 1.0 189.0 1.0
Point 8 386.0 106.0 1.0 190.0 1.0
Point 9 386.0 106.0 1.0 191.0 1.0
Point 10 386.0 106.0 1.0 192.0 1.0
Point 11 386.0 106.0 1.0 193.0 1.0
Point 12 386.0 106.0 1.0 194.0 1.0
Point 13 385.0 107.0 1.0 195.0 1.0
Point 14 386.0 106.0 1.0 196.0 1.0
Point 15 387.0 105.0 1.0 197.0 1.0
Point 16 388.0 104.0 1.0 198.0 1.0
Point 17 388.0 103.0 1.0 199.0 1.0
Point 18 389.0 102.0 1.0 200.0 1.0
Point 19 389.0 102.0 1.0 201.0 1.0
Point 20 389.0 102.0 1.0 202.0 1.0
Point 21 389.0 102.0 1.0 203.0 1.0
Point 22 389.0 102.0 1.0 204.0 1.0
Track 29 6905BE true
Point 1 389.0 102.0 1.0 205.0 1.0
Point 2 389.0 102.0 1.0 206.0 1.0
Point 3 389.0 101.0 1.0 207.0 1.0
Track 30 F58BFF true
Point 1 390.0 100.0 1.0 208.0 1.0
Point 2 389.0 99.0 1.0 209.0 1.0
Track 31 8BFFEE true
Point 1 387.0 97.0 1.0 210.0 1.0
Point 2 387.0 96.0 1.0 211.0 1.0
Point 3 386.0 95.0 1.0 212.0 1.0
Track 32 268B00 true
Point 1 386.0 95.0 1.0 213.0 1.0
Track 33 FFFC8B true
Point 1 387.0 95.0 1.0 214.0 1.0
Point 2 388.0 94.0 1.0 215.0 1.0
Point 3 388.0 94.0 1.0 216.0 1.0
Point 4 388.0 94.0 1.0 217.0 1.0
Point 7 389.0 93.0 1.0 218.0 1.0
End of MTrackJ Data File
