MTrackJ 1.5.1 Data File
Displaying false true true 1 0 0 0 100 16 0 0 0 0 1 0 1 false false true false
Assembly 1 FF0000
Cluster 1 FF0000
Track 1 FF0000 true
Point 1 702.1666666666667 950.5 1.0 1.0 1.0
Point 2 694.1666666666667 946.5 1.0 2.0 1.0
Point 3 698.8333333333333 947.1666666666667 1.0 3.0 1.0
Point 4 702.8333333333333 943.8333333333333 1.0 4.0 1.0
Point 5 710.8333333333333 942.5 1.0 5.0 1.0
Point 6 712.8333333333333 941.8333333333333 1.0 6.0 1.0
Point 7 718.8333333333333 941.8333333333333 1.0 7.0 1.0
Point 8 718.1666666666667 937.8333333333333 1.0 8.0 1.0
Point 9 720.8333333333333 933.8333333333333 1.0 9.0 1.0
Point 10 719.5 931.8333333333333 1.0 10.0 1.0
Point 11 720.8333333333333 931.8333333333333 1.0 11.0 1.0
Point 12 722.8333333333333 934.5 1.0 12.0 1.0
Point 13 724.1666666666667 941.1666666666667 1.0 13.0 1.0
Point 14 726.8333333333333 947.8333333333333 1.0 14.0 1.0
Point 15 730.8333333333333 954.5 1.0 15.0 1.0
Point 16 732.8333333333333 941.8333333333333 1.0 16.0 1.0
Point 17 734.1666666666667 939.1666666666667 1.0 17.0 1.0
Point 18 734.8333333333333 939.8333333333333 1.0 18.0 1.0
Point 19 737.5 937.1666666666667 1.0 19.0 1.0
Point 20 736.1666666666667 933.8333333333333 1.0 20.0 1.0
Point 21 737.5 933.8333333333333 1.0 21.0 1.0
Point 22 738.1666666666667 931.1666666666667 1.0 22.0 1.0
Point 23 738.8333333333333 930.5 1.0 23.0 1.0
Point 24 742.8333333333333 929.8333333333333 1.0 24.0 1.0
Point 25 744.1666666666667 927.8333333333333 1.0 25.0 1.0
Point 26 744.8333333333333 928.5 1.0 26.0 1.0
Point 27 758.1666666666667 921.1666666666667 1.0 27.0 1.0
Point 28 762.8333333333333 918.5 1.0 28.0 1.0
Point 29 762.8333333333333 916.5 1.0 29.0 1.0
Point 30 765.5 915.1666666666667 1.0 30.0 1.0
Point 31 768.1666666666667 911.1666666666667 1.0 31.0 1.0
Point 32 771.5 911.1666666666667 1.0 32.0 1.0
Point 33 775.5 923.1666666666667 1.0 33.0 1.0
Point 34 777.5 921.1666666666667 1.0 34.0 1.0
Point 35 778.1666666666667 913.8333333333333 1.0 35.0 1.0
Point 36 778.1666666666667 907.8333333333333 1.0 36.0 1.0
Point 37 779.5 905.8333333333333 1.0 37.0 1.0
Point 38 780.1666666666667 900.5 1.0 38.0 1.0
Point 39 778.1666666666667 897.1666666666666 1.0 39.0 1.0
Point 40 778.8333333333333 895.8333333333334 1.0 40.0 1.0
Point 41 780.1666666666667 894.5 1.0 41.0 1.0
Point 42 781.5 889.1666666666666 1.0 42.0 1.0
Point 43 784.1666666666667 885.1666666666666 1.0 43.0 1.0
Point 44 784.1666666666667 883.1666666666666 1.0 44.0 1.0
Point 45 784.1666666666667 883.8333333333334 1.0 45.0 1.0
Point 46 782.8333333333333 882.5 1.0 46.0 1.0
Point 47 783.5 888.5 1.0 47.0 1.0
Point 48 788.8333333333333 895.1666666666666 1.0 48.0 1.0
Point 49 786.8333333333333 893.1666666666666 1.0 49.0 1.0
Point 50 792.8333333333333 894.5 1.0 50.0 1.0
Point 51 793.5 894.5 1.0 51.0 1.0
Point 52 794.1666666666667 894.5 1.0 52.0 1.0
Point 53 798.1666666666667 895.1666666666666 1.0 53.0 1.0
Point 54 800.8333333333333 892.5 1.0 54.0 1.0
Point 55 800.8333333333333 891.1666666666666 1.0 55.0 1.0
Point 56 800.1666666666667 889.8333333333334 1.0 56.0 1.0
Point 57 801.5 888.5 1.0 57.0 1.0
Point 58 801.5 886.5 1.0 58.0 1.0
Point 59 804.1666666666667 887.1666666666666 1.0 59.0 1.0
Point 60 805.5 886.5 1.0 60.0 1.0
Point 61 806.1666666666667 886.5 1.0 61.0 1.0
Point 62 807.5 886.5 1.0 62.0 1.0
Point 63 810.8333333333333 887.1666666666666 1.0 63.0 1.0
Point 64 812.8333333333333 887.1666666666666 1.0 64.0 1.0
Point 65 815.5 888.5 1.0 65.0 1.0
Point 66 817.5 887.1666666666666 1.0 66.0 1.0
Point 67 818.8333333333333 885.1666666666666 1.0 67.0 1.0
Point 68 818.1666666666667 883.8333333333334 1.0 68.0 1.0
Point 69 818.8333333333333 882.5 1.0 69.0 1.0
Point 70 820.8333333333333 881.8333333333334 1.0 70.0 1.0
Point 71 828.1666666666667 886.5 1.0 71.0 1.0
Point 72 832.8333333333333 889.1666666666666 1.0 72.0 1.0
Point 73 835.5 890.5 1.0 73.0 1.0
Point 74 838.1666666666667 892.5 1.0 74.0 1.0
Point 75 834.8333333333333 894.5 1.0 75.0 1.0
Point 76 835.5 892.5 1.0 76.0 1.0
Point 77 836.8333333333333 891.1666666666666 1.0 77.0 1.0
Point 78 837.5 889.8333333333334 1.0 78.0 1.0
Point 79 840.1666666666667 891.1666666666666 1.0 79.0 1.0
Point 80 839.5 889.8333333333334 1.0 80.0 1.0
Point 81 838.1666666666667 889.1666666666666 1.0 81.0 1.0
Point 82 833.5 887.1666666666666 1.0 82.0 1.0
Point 83 832.8333333333333 885.1666666666666 1.0 83.0 1.0
Point 84 830.8333333333333 884.5 1.0 84.0 1.0
Point 85 826.1666666666667 881.1666666666666 1.0 85.0 1.0
Point 86 825.5 876.5 1.0 86.0 1.0
Point 87 819.5 871.1666666666666 1.0 87.0 1.0
Point 88 814.8333333333333 867.8333333333334 1.0 88.0 1.0
Point 89 814.1666666666667 865.1666666666666 1.0 89.0 1.0
Point 90 812.8333333333333 864.5 1.0 90.0 1.0
Point 91 819.5 865.1666666666666 1.0 91.0 1.0
Point 92 817.5 866.5 1.0 92.0 1.0
Point 93 818.1666666666667 865.1666666666666 1.0 93.0 1.0
Point 94 820.8333333333333 865.8333333333334 1.0 94.0 1.0
Point 95 821.5 864.5 1.0 95.0 1.0
Point 96 822.1666666666667 863.8333333333334 1.0 96.0 1.0
Point 97 824.1666666666667 863.8333333333334 1.0 97.0 1.0
Point 98 826.8333333333333 865.1666666666666 1.0 98.0 1.0
Point 99 826.1666666666667 864.5 1.0 99.0 1.0
Point 100 826.1666666666667 864.5 1.0 100.0 1.0
Point 101 828.1666666666667 865.1666666666666 1.0 101.0 1.0
Point 102 828.1666666666667 865.8333333333334 1.0 102.0 1.0
Point 103 828.8333333333333 865.1666666666666 1.0 103.0 1.0
Point 104 829.5 866.5 1.0 104.0 1.0
Point 105 830.8333333333333 866.5 1.0 105.0 1.0
Point 106 832.8333333333333 865.8333333333334 1.0 106.0 1.0
Point 107 832.1666666666667 867.1666666666666 1.0 107.0 1.0
Point 108 836.8333333333333 867.1666666666666 1.0 108.0 1.0
Point 109 839.5 865.8333333333334 1.0 109.0 1.0
Point 110 841.5 867.1666666666666 1.0 110.0 1.0
Point 111 838.8333333333333 867.8333333333334 1.0 111.0 1.0
Point 112 838.8333333333333 867.1666666666666 1.0 112.0 1.0
Point 113 837.5 865.8333333333334 1.0 113.0 1.0
Point 114 836.8333333333333 864.5 1.0 114.0 1.0
Point 115 837.5 861.8333333333334 1.0 115.0 1.0
Point 116 839.5 863.1666666666666 1.0 116.0 1.0
Point 117 840.8333333333333 865.1666666666666 1.0 117.0 1.0
Point 118 840.8333333333333 866.5 1.0 118.0 1.0
Point 119 840.1666666666667 865.1666666666666 1.0 119.0 1.0
Point 120 840.8333333333333 865.8333333333334 1.0 120.0 1.0
Point 121 840.8333333333333 866.5 1.0 121.0 1.0
Point 122 840.8333333333333 865.1666666666666 1.0 122.0 1.0
Point 123 842.1666666666667 864.5 1.0 123.0 1.0
Point 124 840.8333333333333 863.8333333333334 1.0 124.0 1.0
Point 125 841.5 863.8333333333334 1.0 125.0 1.0
Point 126 841.5 863.1666666666666 1.0 126.0 1.0
Point 127 842.8333333333333 861.8333333333334 1.0 127.0 1.0
Point 128 844.1666666666667 862.5 1.0 128.0 1.0
Point 129 844.1666666666667 861.8333333333334 1.0 129.0 1.0
Point 130 845.5 862.5 1.0 130.0 1.0
Point 131 846.1666666666667 862.5 1.0 131.0 1.0
Point 132 845.5 862.5 1.0 132.0 1.0
Point 133 846.1666666666667 862.5 1.0 133.0 1.0
Point 134 847.5 863.1666666666666 1.0 134.0 1.0
Point 135 847.5 863.1666666666666 1.0 135.0 1.0
Point 136 847.5 862.5 1.0 136.0 1.0
Point 137 849.5 862.5 1.0 137.0 1.0
Point 138 849.5 861.8333333333334 1.0 138.0 1.0
Point 139 850.1666666666667 861.8333333333334 1.0 139.0 1.0
Point 140 852.8333333333333 860.5 1.0 140.0 1.0
Point 141 852.8333333333333 859.8333333333334 1.0 141.0 1.0
Point 142 851.5 858.5 1.0 142.0 1.0
Point 143 852.1666666666667 856.5 1.0 143.0 1.0
Point 144 851.5 855.8333333333334 1.0 144.0 1.0
Point 145 852.8333333333333 857.1666666666666 1.0 145.0 1.0
Point 146 853.5 857.8333333333334 1.0 146.0 1.0
Point 147 852.8333333333333 856.5 1.0 147.0 1.0
Point 148 852.1666666666667 856.5 1.0 148.0 1.0
Point 149 851.5 856.5 1.0 149.0 1.0
Point 150 851.5 855.1666666666666 1.0 150.0 1.0
Point 151 852.1666666666667 855.1666666666666 1.0 151.0 1.0
Point 152 852.1666666666667 855.1666666666666 1.0 152.0 1.0
Point 153 851.5 855.1666666666666 1.0 153.0 1.0
Point 154 853.5 853.8333333333334 1.0 154.0 1.0
Point 155 853.5 853.8333333333334 1.0 155.0 1.0
Point 156 852.8333333333333 853.8333333333334 1.0 156.0 1.0
Point 157 852.8333333333333 853.1666666666666 1.0 157.0 1.0
Point 158 850.1666666666667 849.1666666666666 1.0 158.0 1.0
Point 159 848.8333333333333 848.5 1.0 159.0 1.0
Point 160 848.8333333333333 848.5 1.0 160.0 1.0
Point 161 848.8333333333333 847.8333333333334 1.0 161.0 1.0
Point 162 848.1666666666667 847.8333333333334 1.0 162.0 1.0
Point 163 847.5 847.1666666666666 1.0 163.0 1.0
Point 164 848.8333333333333 847.1666666666666 1.0 164.0 1.0
Point 165 851.5 846.5 1.0 165.0 1.0
Point 166 851.5 845.8333333333334 1.0 166.0 1.0
Point 167 853.5 845.1666666666666 1.0 167.0 1.0
Point 168 852.1666666666667 845.1666666666666 1.0 168.0 1.0
Point 169 844.1666666666667 843.1666666666666 1.0 169.0 1.0
Point 170 843.5 843.8333333333334 1.0 170.0 1.0
Point 171 844.8333333333333 841.8333333333334 1.0 171.0 1.0
Point 172 844.1666666666667 839.8333333333334 1.0 172.0 1.0
Point 173 842.8333333333333 839.1666666666666 1.0 173.0 1.0
Point 174 842.1666666666667 838.5 1.0 174.0 1.0
Point 175 841.5 839.8333333333334 1.0 175.0 1.0
Point 176 840.8333333333333 837.8333333333334 1.0 176.0 1.0
Point 177 840.8333333333333 837.8333333333334 1.0 177.0 1.0
Point 178 838.8333333333333 837.1666666666666 1.0 178.0 1.0
Point 179 839.5 836.5 1.0 179.0 1.0
Point 180 838.1666666666667 837.8333333333334 1.0 180.0 1.0
Point 181 838.8333333333333 835.8333333333334 1.0 181.0 1.0
Point 182 838.8333333333333 834.5 1.0 182.0 1.0
Point 183 839.5 835.1666666666666 1.0 183.0 1.0
Point 184 840.8333333333333 834.5 1.0 184.0 1.0
Point 185 841.5 835.1666666666666 1.0 185.0 1.0
Point 186 841.5 835.1666666666666 1.0 186.0 1.0
Point 187 841.5 835.1666666666666 1.0 187.0 1.0
Point 188 842.8333333333333 835.8333333333334 1.0 188.0 1.0
Point 189 845.5 835.1666666666666 1.0 189.0 1.0
Point 190 845.5 835.1666666666666 1.0 190.0 1.0
Point 191 845.5 835.1666666666666 1.0 191.0 1.0
Point 192 845.5 835.1666666666666 1.0 192.0 1.0
Point 193 846.1666666666667 834.5 1.0 193.0 1.0
Point 194 844.8333333333333 833.8333333333334 1.0 194.0 1.0
Point 195 844.8333333333333 833.1666666666666 1.0 195.0 1.0
Point 196 843.5 833.1666666666666 1.0 196.0 1.0
Point 197 846.1666666666667 833.8333333333334 1.0 197.0 1.0
Point 198 844.1666666666667 833.1666666666666 1.0 198.0 1.0
Point 199 841.5 831.1666666666666 1.0 199.0 1.0
Point 200 840.8333333333333 830.5 1.0 200.0 1.0
Point 201 841.5 830.5 1.0 201.0 1.0
Point 202 840.1666666666667 829.1666666666666 1.0 202.0 1.0
Point 203 836.1666666666667 827.8333333333334 1.0 203.0 1.0
Point 204 835.5 826.5 1.0 204.0 1.0
Point 205 836.1666666666667 823.8333333333334 1.0 205.0 1.0
Point 206 833.5 823.8333333333334 1.0 206.0 1.0
Point 207 819.5 823.8333333333334 1.0 207.0 1.0
Point 208 816.1666666666667 825.8333333333334 1.0 208.0 1.0
Point 209 808.1666666666667 827.8333333333334 1.0 209.0 1.0
Point 210 810.1666666666667 827.1666666666666 1.0 210.0 1.0
Point 211 808.8333333333333 827.8333333333334 1.0 211.0 1.0
Point 212 804.1666666666667 829.8333333333334 1.0 212.0 1.0
Point 213 803.5 831.1666666666666 1.0 213.0 1.0
Point 214 802.8333333333333 831.8333333333334 1.0 214.0 1.0
Point 215 800.8333333333333 830.5 1.0 215.0 1.0
Point 216 800.8333333333333 830.5 1.0 216.0 1.0
Point 217 801.5 829.8333333333334 1.0 217.0 1.0
Point 218 802.1666666666667 829.8333333333334 1.0 218.0 1.0
Point 219 802.8333333333333 829.1666666666666 1.0 219.0 1.0
Point 220 803.5 829.8333333333334 1.0 220.0 1.0
Point 221 804.8333333333333 829.1666666666666 1.0 221.0 1.0
Point 222 804.8333333333333 829.1666666666666 1.0 222.0 1.0
Point 223 804.1666666666667 828.5 1.0 223.0 1.0
Point 224 804.1666666666667 828.5 1.0 224.0 1.0
Point 225 804.8333333333333 827.1666666666666 1.0 225.0 1.0
Point 226 804.8333333333333 827.8333333333334 1.0 226.0 1.0
Point 227 804.8333333333333 827.1666666666666 1.0 227.0 1.0
Point 228 804.8333333333333 826.5 1.0 228.0 1.0
Point 229 818.1666666666667 820.5 1.0 229.0 1.0
Point 230 822.8333333333333 813.1666666666666 1.0 230.0 1.0
Point 231 824.1666666666667 807.1666666666666 1.0 231.0 1.0
Point 232 824.8333333333333 803.1666666666666 1.0 232.0 1.0
Point 233 837.5 798.5 1.0 233.0 1.0
Point 234 867.5 798.5 1.0 234.0 1.0
Point 235 875.5 794.5 1.0 235.0 1.0
Point 236 884.8333333333333 789.8333333333334 1.0 236.0 1.0
Point 237 890.1666666666667 787.1666666666666 1.0 237.0 1.0
Point 238 894.8333333333333 783.1666666666666 1.0 238.0 1.0
Point 239 899.5 780.5 1.0 239.0 1.0
Point 240 905.5 779.1666666666666 1.0 240.0 1.0
End of MTrackJ Data File
