MTrackJ 1.5.1 Data File
Displaying false true true 1 0 0 0 100 16 0 0 0 0 1 0 1 false false true false
Assembly 1 FF0000
Cluster 1 FF0000
Track 1 FF0000 true
Point 1 625.8333333333334 875.5 1.0 1.0 1.0
Point 2 623.1666666666666 876.1666666666666 1.0 2.0 1.0
Point 3 647.8333333333334 899.5 1.0 3.0 1.0
Point 4 654.5 903.5 1.0 4.0 1.0
Point 5 672.5 906.8333333333334 1.0 5.0 1.0
Point 6 685.1666666666667 912.1666666666666 1.0 6.0 1.0
Point 7 695.8333333333333 910.8333333333334 1.0 7.0 1.0
Point 8 694.5 914.8333333333334 1.0 8.0 1.0
Point 9 693.8333333333333 913.5 1.0 9.0 1.0
Point 10 689.1666666666667 910.1666666666666 1.0 10.0 1.0
Point 11 690.5 911.5 1.0 11.0 1.0
Point 12 697.8333333333333 922.8333333333334 1.0 12.0 1.0
Point 13 705.8333333333333 930.1666666666666 1.0 13.0 1.0
Point 14 733.1666666666667 946.8333333333334 1.0 14.0 1.0
Point 15 743.1666666666667 956.1666666666667 1.0 15.0 1.0
Point 16 744.5 944.1666666666666 1.0 16.0 1.0
Point 17 741.8333333333333 951.5 1.0 17.0 1.0
Point 18 747.8333333333333 942.1666666666666 1.0 18.0 1.0
Point 19 747.8333333333333 932.8333333333334 1.0 19.0 1.0
Point 20 751.1666666666667 928.1666666666666 1.0 20.0 1.0
Point 21 755.1666666666667 926.8333333333334 1.0 21.0 1.0
Point 22 766.5 926.1666666666666 1.0 22.0 1.0
Point 23 765.1666666666667 921.5 1.0 23.0 1.0
Point 24 754.5 922.8333333333334 1.0 24.0 1.0
Point 25 757.8333333333333 919.5 1.0 25.0 1.0
Point 26 751.1666666666667 922.1666666666666 1.0 26.0 1.0
Point 27 751.1666666666667 924.8333333333334 1.0 27.0 1.0
Point 28 753.8333333333333 923.5 1.0 28.0 1.0
Point 29 757.8333333333333 924.1666666666666 1.0 29.0 1.0
Point 30 757.1666666666667 925.5 1.0 30.0 1.0
Point 31 756.5 921.5 1.0 31.0 1.0
Point 32 763.8333333333333 927.5 1.0 32.0 1.0
Point 33 761.8333333333333 937.5 1.0 33.0 1.0
Point 34 762.5 928.8333333333334 1.0 34.0 1.0
Point 35 767.1666666666667 923.5 1.0 35.0 1.0
Point 36 768.5 918.8333333333334 1.0 36.0 1.0
Point 37 767.1666666666667 914.8333333333334 1.0 37.0 1.0
Point 38 767.1666666666667 909.5 1.0 38.0 1.0
Point 39 771.1666666666667 904.1666666666666 1.0 39.0 1.0
Point 40 768.5 904.8333333333334 1.0 40.0 1.0
Point 41 770.5 904.1666666666666 1.0 41.0 1.0
Point 42 776.5 903.5 1.0 42.0 1.0
Point 43 775.1666666666667 902.1666666666666 1.0 43.0 1.0
Point 44 781.1666666666667 902.1666666666666 1.0 44.0 1.0
Point 45 797.1666666666667 900.8333333333334 1.0 45.0 1.0
Point 46 803.8333333333333 902.1666666666666 1.0 46.0 1.0
Point 47 843.8333333333333 914.8333333333334 1.0 47.0 1.0
Point 48 859.1666666666667 920.1666666666666 1.0 48.0 1.0
Point 49 860.5 913.5 1.0 49.0 1.0
Point 50 860.5 913.5 1.0 50.0 1.0
Point 51 875.8333333333333 911.5 1.0 51.0 1.0
Point 52 864.5 910.1666666666666 1.0 52.0 1.0
Point 53 861.1666666666667 908.8333333333334 1.0 53.0 1.0
Point 54 859.1666666666667 909.5 1.0 54.0 1.0
Point 55 856.5 902.8333333333334 1.0 55.0 1.0
Point 56 850.5 900.1666666666666 1.0 56.0 1.0
Point 57 849.8333333333333 896.8333333333334 1.0 57.0 1.0
Point 58 851.1666666666667 896.8333333333334 1.0 58.0 1.0
Point 59 853.8333333333333 897.5 1.0 59.0 1.0
Point 60 841.1666666666667 898.8333333333334 1.0 60.0 1.0
Point 61 843.8333333333333 896.8333333333334 1.0 61.0 1.0
Point 62 845.8333333333333 897.5 1.0 62.0 1.0
Point 63 846.5 900.1666666666666 1.0 63.0 1.0
Point 64 854.5 900.8333333333334 1.0 64.0 1.0
Point 65 855.8333333333333 902.1666666666666 1.0 65.0 1.0
Point 66 855.1666666666667 898.1666666666666 1.0 66.0 1.0
Point 67 851.1666666666667 899.5 1.0 67.0 1.0
Point 68 851.1666666666667 900.1666666666666 1.0 68.0 1.0
Point 69 863.1666666666667 914.1666666666666 1.0 69.0 1.0
Point 70 863.8333333333333 922.8333333333334 1.0 70.0 1.0
Point 71 878.5 946.8333333333334 1.0 71.0 1.0
Point 72 883.1666666666667 963.5 1.0 72.0 1.0
Point 73 883.8333333333333 960.1666666666667 1.0 73.0 1.0
Point 74 884.5 952.8333333333333 1.0 74.0 1.0
Point 75 869.8333333333333 930.8333333333334 1.0 75.0 1.0
Point 76 863.8333333333333 915.5 1.0 76.0 1.0
Point 77 855.8333333333333 914.8333333333334 1.0 77.0 1.0
Point 78 856.5 913.5 1.0 78.0 1.0
Point 79 849.1666666666667 909.5 1.0 79.0 1.0
Point 80 827.1666666666667 893.5 1.0 80.0 1.0
Point 81 841.8333333333333 900.1666666666666 1.0 81.0 1.0
Point 82 812.5 876.1666666666666 1.0 82.0 1.0
Point 83 795.1666666666667 858.8333333333334 1.0 83.0 1.0
Point 84 777.8333333333333 847.5 1.0 84.0 1.0
Point 85 773.1666666666667 845.5 1.0 85.0 1.0
Point 86 777.8333333333333 850.1666666666666 1.0 86.0 1.0
Point 87 745.8333333333333 834.1666666666666 1.0 87.0 1.0
Point 88 755.8333333333333 834.1666666666666 1.0 88.0 1.0
Point 89 763.1666666666667 838.8333333333334 1.0 89.0 1.0
Point 90 761.8333333333333 838.1666666666666 1.0 90.0 1.0
Point 91 783.8333333333333 850.1666666666666 1.0 91.0 1.0
Point 92 787.8333333333333 846.8333333333334 1.0 92.0 1.0
Point 93 786.5 846.8333333333334 1.0 93.0 1.0
Point 94 770.5 836.1666666666666 1.0 94.0 1.0
Point 95 777.1666666666667 838.1666666666666 1.0 95.0 1.0
Point 96 781.8333333333333 840.1666666666666 1.0 96.0 1.0
Point 97 789.8333333333333 843.5 1.0 97.0 1.0
Point 98 797.8333333333333 846.8333333333334 1.0 98.0 1.0
Point 99 789.8333333333333 843.5 1.0 99.0 1.0
Point 100 799.1666666666667 855.5 1.0 100.0 1.0
Point 101 801.8333333333333 860.1666666666666 1.0 101.0 1.0
Point 102 803.8333333333333 862.8333333333334 1.0 102.0 1.0
Point 103 804.5 862.8333333333334 1.0 103.0 1.0
Point 104 809.1666666666667 865.5 1.0 104.0 1.0
Point 105 807.8333333333333 864.1666666666666 1.0 105.0 1.0
Point 106 811.1666666666667 865.5 1.0 106.0 1.0
Point 107 817.1666666666667 871.5 1.0 107.0 1.0
Point 108 817.1666666666667 867.5 1.0 108.0 1.0
Point 109 816.5 866.8333333333334 1.0 109.0 1.0
Point 110 821.1666666666667 866.8333333333334 1.0 110.0 1.0
Point 111 819.1666666666667 865.5 1.0 111.0 1.0
Point 112 817.8333333333333 864.1666666666666 1.0 112.0 1.0
Point 113 810.5 860.8333333333334 1.0 113.0 1.0
Point 114 817.8333333333333 861.5 1.0 114.0 1.0
Point 115 825.1666666666667 862.8333333333334 1.0 115.0 1.0
Point 116 823.1666666666667 863.5 1.0 116.0 1.0
Point 117 823.1666666666667 863.5 1.0 117.0 1.0
Point 118 795.1666666666667 845.5 1.0 118.0 1.0
Point 119 799.1666666666667 847.5 1.0 119.0 1.0
Point 120 815.8333333333333 860.8333333333334 1.0 120.0 1.0
Point 121 819.1666666666667 855.5 1.0 121.0 1.0
Point 122 792.5 838.8333333333334 1.0 122.0 1.0
Point 123 789.8333333333333 833.5 1.0 123.0 1.0
Point 124 793.1666666666667 835.5 1.0 124.0 1.0
Point 125 797.8333333333333 838.1666666666666 1.0 125.0 1.0
Point 126 799.8333333333333 838.1666666666666 1.0 126.0 1.0
Point 127 805.8333333333333 841.5 1.0 127.0 1.0
Point 128 803.1666666666667 834.8333333333334 1.0 128.0 1.0
Point 129 797.8333333333333 832.1666666666666 1.0 129.0 1.0
Point 130 797.8333333333333 832.8333333333334 1.0 130.0 1.0
Point 131 779.1666666666667 824.1666666666666 1.0 131.0 1.0
Point 132 775.8333333333333 822.8333333333334 1.0 132.0 1.0
Point 133 791.1666666666667 829.5 1.0 133.0 1.0
Point 134 801.8333333333333 838.1666666666666 1.0 134.0 1.0
Point 135 811.1666666666667 843.5 1.0 135.0 1.0
Point 136 811.1666666666667 841.5 1.0 136.0 1.0
Point 137 795.1666666666667 832.1666666666666 1.0 137.0 1.0
Point 138 806.5 834.1666666666666 1.0 138.0 1.0
Point 139 806.5 835.5 1.0 139.0 1.0
Point 140 805.1666666666667 834.8333333333334 1.0 140.0 1.0
Point 141 802.5 830.8333333333334 1.0 141.0 1.0
Point 142 813.8333333333333 833.5 1.0 142.0 1.0
Point 143 815.8333333333333 835.5 1.0 143.0 1.0
Point 144 808.5 833.5 1.0 144.0 1.0
Point 145 805.1666666666667 830.8333333333334 1.0 145.0 1.0
Point 146 813.1666666666667 838.8333333333334 1.0 146.0 1.0
Point 147 814.5 850.1666666666666 1.0 147.0 1.0
Point 148 813.8333333333333 852.1666666666666 1.0 148.0 1.0
Point 149 817.8333333333333 848.1666666666666 1.0 149.0 1.0
Point 150 820.5 850.8333333333334 1.0 150.0 1.0
Point 151 819.8333333333333 850.8333333333334 1.0 151.0 1.0
Point 152 827.8333333333333 850.8333333333334 1.0 152.0 1.0
Point 153 820.5 848.8333333333334 1.0 153.0 1.0
Point 154 817.8333333333333 847.5 1.0 154.0 1.0
Point 155 814.5 846.8333333333334 1.0 155.0 1.0
Point 156 817.1666666666667 847.5 1.0 156.0 1.0
Point 157 822.5 850.1666666666666 1.0 157.0 1.0
Point 158 823.8333333333333 848.8333333333334 1.0 158.0 1.0
Point 159 823.1666666666667 848.1666666666666 1.0 159.0 1.0
Point 160 817.1666666666667 850.8333333333334 1.0 160.0 1.0
Point 161 820.5 848.1666666666666 1.0 161.0 1.0
Point 162 823.1666666666667 847.5 1.0 162.0 1.0
Point 163 811.1666666666667 850.8333333333334 1.0 163.0 1.0
Point 164 819.1666666666667 846.8333333333334 1.0 164.0 1.0
Point 165 824.5 842.8333333333334 1.0 165.0 1.0
Point 166 819.1666666666667 845.5 1.0 166.0 1.0
Point 167 825.1666666666667 844.1666666666666 1.0 167.0 1.0
Point 168 818.5 844.8333333333334 1.0 168.0 1.0
Point 169 820.5 840.1666666666666 1.0 169.0 1.0
Point 170 823.1666666666667 840.1666666666666 1.0 170.0 1.0
Point 171 823.1666666666667 840.8333333333334 1.0 171.0 1.0
Point 172 812.5 840.1666666666666 1.0 172.0 1.0
Point 173 802.5 840.8333333333334 1.0 173.0 1.0
Point 174 813.1666666666667 835.5 1.0 174.0 1.0
Point 175 818.5 836.1666666666666 1.0 175.0 1.0
Point 176 819.8333333333333 834.8333333333334 1.0 176.0 1.0
Point 177 825.8333333333333 839.5 1.0 177.0 1.0
Point 178 821.8333333333333 836.8333333333334 1.0 178.0 1.0
Point 179 811.1666666666667 834.8333333333334 1.0 179.0 1.0
Point 180 811.8333333333333 832.1666666666666 1.0 180.0 1.0
Point 181 819.1666666666667 834.8333333333334 1.0 181.0 1.0
Point 182 819.1666666666667 835.5 1.0 182.0 1.0
Point 183 819.1666666666667 836.1666666666666 1.0 183.0 1.0
Point 184 815.8333333333333 836.1666666666666 1.0 184.0 1.0
Point 185 819.1666666666667 836.1666666666666 1.0 185.0 1.0
Point 186 819.1666666666667 834.8333333333334 1.0 186.0 1.0
Point 187 822.5 835.5 1.0 187.0 1.0
Point 188 825.1666666666667 834.1666666666666 1.0 188.0 1.0
Point 189 819.8333333333333 836.1666666666666 1.0 189.0 1.0
Point 190 820.5 834.8333333333334 1.0 190.0 1.0
Point 191 823.1666666666667 834.1666666666666 1.0 191.0 1.0
Point 192 819.8333333333333 833.5 1.0 192.0 1.0
Point 193 824.5 833.5 1.0 193.0 1.0
Point 194 818.5 833.5 1.0 194.0 1.0
Point 195 817.1666666666667 834.8333333333334 1.0 195.0 1.0
Point 196 814.5 833.5 1.0 196.0 1.0
Point 197 813.8333333333333 834.1666666666666 1.0 197.0 1.0
Point 198 814.5 833.5 1.0 198.0 1.0
Point 199 798.5 832.1666666666666 1.0 199.0 1.0
Point 200 799.1666666666667 832.8333333333334 1.0 200.0 1.0
Point 201 797.1666666666667 829.5 1.0 201.0 1.0
Point 202 796.5 830.1666666666666 1.0 202.0 1.0
Point 203 796.5 830.8333333333334 1.0 203.0 1.0
Point 204 797.8333333333333 829.5 1.0 204.0 1.0
Point 205 787.1666666666667 828.8333333333334 1.0 205.0 1.0
Point 206 777.1666666666667 841.5 1.0 206.0 1.0
Point 207 779.1666666666667 838.8333333333334 1.0 207.0 1.0
Point 208 780.5 841.5 1.0 208.0 1.0
Point 209 769.1666666666667 844.1666666666666 1.0 209.0 1.0
Point 210 779.1666666666667 829.5 1.0 210.0 1.0
Point 211 777.8333333333333 822.1666666666666 1.0 211.0 1.0
Point 212 770.5 808.1666666666666 1.0 212.0 1.0
Point 213 777.8333333333333 824.1666666666666 1.0 213.0 1.0
Point 214 779.8333333333333 823.5 1.0 214.0 1.0
Point 215 780.5 823.5 1.0 215.0 1.0
Point 216 777.1666666666667 819.5 1.0 216.0 1.0
Point 217 776.5 825.5 1.0 217.0 1.0
Point 218 773.8333333333333 828.1666666666666 1.0 218.0 1.0
Point 219 778.5 824.8333333333334 1.0 219.0 1.0
Point 220 782.5 824.1666666666666 1.0 220.0 1.0
Point 221 779.1666666666667 828.8333333333334 1.0 221.0 1.0
Point 222 781.1666666666667 823.5 1.0 222.0 1.0
Point 223 782.5 824.1666666666666 1.0 223.0 1.0
Point 224 781.1666666666667 822.1666666666666 1.0 224.0 1.0
Point 225 778.5 830.1666666666666 1.0 225.0 1.0
Point 226 786.5 824.8333333333334 1.0 226.0 1.0
Point 227 777.8333333333333 828.1666666666666 1.0 227.0 1.0
Point 228 779.8333333333333 823.5 1.0 228.0 1.0
Point 229 793.8333333333333 829.5 1.0 229.0 1.0
Point 230 795.1666666666667 828.1666666666666 1.0 230.0 1.0
Point 231 801.1666666666667 816.1666666666666 1.0 231.0 1.0
Point 232 813.1666666666667 804.8333333333334 1.0 232.0 1.0
Point 233 817.1666666666667 808.8333333333334 1.0 233.0 1.0
Point 234 849.1666666666667 801.5 1.0 234.0 1.0
Point 235 859.1666666666667 793.5 1.0 235.0 1.0
Point 236 870.5 788.8333333333334 1.0 236.0 1.0
Point 237 869.1666666666667 789.5 1.0 237.0 1.0
Point 238 878.5 782.1666666666666 1.0 238.0 1.0
Point 239 890.5 777.5 1.0 239.0 1.0
Point 240 896.5 778.1666666666666 1.0 240.0 1.0
End of MTrackJ Data File
