MTrackJ 1.5.1 Data File
Displaying false true true 1 0 0 0 100 16 0 0 0 0 1 0 1 false false true false
Assembly 1 FF0000
Cluster 1 FF0000
Track 1 FF0000 true
Point 1 782.8333333333333 953.8333333333333 1.0 6.0 1.0
Point 2 608.8333333333334 911.8333333333334 1.0 11.0 1.0
Point 3 705.5 992.5 1.0 12.0 1.0
Point 4 803.5 931.1666666666667 1.0 16.0 1.0
Point 5 802.8333333333333 937.8333333333333 1.0 32.0 1.0
Point 6 905.5 940.5 1.0 59.0 1.0
Point 7 800.1666666666667 949.1666666666667 1.0 64.0 1.0
Point 8 750.1666666666667 832.5 1.0 80.0 1.0
Point 9 800.8333333333333 884.5 1.0 104.0 1.0
Point 10 730.1666666666666 794.5 1.0 131.0 1.0
Point 11 753.5 880.5 1.0 150.0 1.0
Point 12 936.1666666666667 861.8333333333334 1.0 158.0 1.0
Point 13 895.5 919.1666666666667 1.0 166.0 1.0
Point 14 752.1666666666667 916.5 1.0 208.0 1.0
End of MTrackJ Data File
