MTrackJ 1.5.1 Data File
Displaying false true true 1 2 0 0 100 90 0 0 0 0 1 8 0 false false true false
Assembly 1 FF0000
Cluster 1 FF0000
Track 1 FF0000 true
Point 1 289.0 293.0 1.0 1.0 1.0
Point 2 291.0 293.0 1.0 2.0 1.0
Point 3 291.0 293.0 1.0 3.0 1.0
Point 4 293.0 291.0 1.0 4.0 1.0
Point 5 294.0 294.0 1.0 5.0 1.0
Point 6 294.0 293.0 1.0 6.0 1.0
Point 7 293.0 293.0 1.0 7.0 1.0
Point 8 290.0 293.0 1.0 8.0 1.0
Point 9 295.0 292.0 1.0 9.0 1.0
Point 10 294.0 292.0 1.0 10.0 1.0
Point 11 294.0 293.0 1.0 11.0 1.0
Point 12 293.0 292.0 1.0 12.0 1.0
Point 13 292.0 291.0 1.0 13.0 1.0
Point 14 291.0 294.0 1.0 14.0 1.0
Point 15 292.0 295.0 1.0 15.0 1.0
Point 16 292.0 296.0 1.0 16.0 1.0
Point 17 290.0 297.0 1.0 17.0 1.0
Point 18 287.0 301.0 1.0 18.0 1.0
Point 19 285.0 300.0 1.0 19.0 1.0
Point 20 286.0 301.0 1.0 20.0 1.0
Point 21 287.0 298.0 1.0 21.0 1.0
Point 22 285.0 298.0 1.0 22.0 1.0
Point 23 287.0 297.0 1.0 23.0 1.0
Point 24 288.0 296.0 1.0 24.0 1.0
Point 25 289.0 295.0 1.0 25.0 1.0
Point 26 289.0 295.0 1.0 26.0 1.0
Point 27 290.0 296.0 1.0 27.0 1.0
Point 28 287.0 298.0 1.0 28.0 1.0
Point 29 287.0 298.0 1.0 29.0 1.0
Point 30 286.0 298.0 1.0 30.0 1.0
Point 31 286.0 298.0 1.0 31.0 1.0
Point 32 286.0 298.0 1.0 32.0 1.0
Point 33 284.0 298.0 1.0 33.0 1.0
Point 34 284.0 296.0 1.0 34.0 1.0
Point 35 286.0 298.0 1.0 35.0 1.0
Point 36 291.0 301.0 1.0 36.0 1.0
Point 37 292.0 299.0 1.0 37.0 1.0
Point 38 290.0 300.0 1.0 38.0 1.0
Point 39 279.0 298.0 1.0 39.0 1.0
Point 40 274.0 297.0 1.0 40.0 1.0
Point 41 264.0 295.0 1.0 41.0 1.0
Point 42 262.0 297.0 1.0 42.0 1.0
Point 43 264.0 298.0 1.0 43.0 1.0
Point 44 268.0 299.0 1.0 44.0 1.0
Point 45 268.0 298.0 1.0 45.0 1.0
Point 46 271.0 299.0 1.0 46.0 1.0
Point 47 271.0 299.0 1.0 47.0 1.0
Point 48 271.0 298.0 1.0 48.0 1.0
Point 49 271.0 298.0 1.0 49.0 1.0
Point 50 273.0 298.0 1.0 50.0 1.0
Point 51 275.0 297.0 1.0 51.0 1.0
Point 52 277.0 298.0 1.0 52.0 1.0
Point 53 276.0 297.0 1.0 53.0 1.0
Point 54 276.0 296.0 1.0 54.0 1.0
Point 55 276.0 296.0 1.0 55.0 1.0
Point 56 278.0 297.0 1.0 56.0 1.0
Point 57 274.0 299.0 1.0 57.0 1.0
Point 58 291.0 303.0 1.0 58.0 1.0
Point 59 295.0 305.0 1.0 59.0 1.0
Point 60 305.0 309.0 1.0 60.0 1.0
Point 61 314.0 311.0 1.0 61.0 1.0
Point 62 324.0 314.0 1.0 62.0 1.0
Point 63 324.0 314.0 1.0 63.0 1.0
Point 64 325.0 312.0 1.0 64.0 1.0
Point 65 322.0 312.0 1.0 65.0 1.0
Point 66 316.0 311.0 1.0 66.0 1.0
Point 67 309.0 312.0 1.0 67.0 1.0
Point 68 307.0 309.0 1.0 68.0 1.0
Point 69 307.0 309.0 1.0 69.0 1.0
Point 70 310.0 311.0 1.0 70.0 1.0
Point 71 310.0 306.0 1.0 71.0 1.0
Point 72 312.0 305.0 1.0 72.0 1.0
Point 73 308.0 305.0 1.0 73.0 1.0
Point 74 302.0 310.0 1.0 74.0 1.0
Point 75 299.0 307.0 1.0 75.0 1.0
Point 76 295.0 305.0 1.0 76.0 1.0
Point 77 294.0 305.0 1.0 77.0 1.0
Point 78 299.0 301.0 1.0 78.0 1.0
Point 79 298.0 304.0 1.0 79.0 1.0
Point 80 296.0 304.0 1.0 80.0 1.0
Point 81 298.0 302.0 1.0 81.0 1.0
Point 82 299.0 302.0 1.0 82.0 1.0
Point 83 297.0 298.0 1.0 83.0 1.0
Point 84 296.0 308.0 1.0 84.0 1.0
Point 85 296.0 306.0 1.0 85.0 1.0
Point 86 298.0 305.0 1.0 86.0 1.0
Point 87 294.0 305.0 1.0 87.0 1.0
Point 88 297.0 305.0 1.0 88.0 1.0
Point 89 297.0 305.0 1.0 89.0 1.0
Point 90 294.0 304.0 1.0 90.0 1.0
Point 91 294.0 306.0 1.0 91.0 1.0
Point 92 294.0 304.0 1.0 92.0 1.0
Point 93 294.0 305.0 1.0 93.0 1.0
Point 94 294.0 305.0 1.0 94.0 1.0
Point 95 295.0 305.0 1.0 95.0 1.0
Point 96 299.0 307.0 1.0 96.0 1.0
Point 97 296.0 305.0 1.0 97.0 1.0
Point 98 298.0 306.0 1.0 98.0 1.0
Point 99 298.0 307.0 1.0 99.0 1.0
Point 100 298.0 307.0 1.0 100.0 1.0
Point 101 301.0 308.0 1.0 101.0 1.0
Point 102 300.0 305.0 1.0 102.0 1.0
Point 103 303.0 305.0 1.0 103.0 1.0
Point 104 300.0 301.0 1.0 104.0 1.0
Point 105 299.0 302.0 1.0 105.0 1.0
Point 106 299.0 301.0 1.0 106.0 1.0
Point 107 297.0 300.0 1.0 107.0 1.0
Point 108 300.0 301.0 1.0 108.0 1.0
Point 109 298.0 299.0 1.0 109.0 1.0
Point 110 297.0 302.0 1.0 110.0 1.0
Point 111 301.0 305.0 1.0 111.0 1.0
Point 112 299.0 305.0 1.0 112.0 1.0
Point 113 301.0 306.0 1.0 113.0 1.0
Point 114 301.0 305.0 1.0 114.0 1.0
Point 115 302.0 308.0 1.0 115.0 1.0
Point 116 302.0 308.0 1.0 116.0 1.0
Point 117 303.0 309.0 1.0 117.0 1.0
Point 118 303.0 309.0 1.0 118.0 1.0
Point 119 304.0 309.0 1.0 119.0 1.0
Point 120 300.0 309.0 1.0 120.0 1.0
End of MTrackJ Data File
