MTrackJ 1.5.1 Data File
Displaying false true true 1 2 0 0 100 18 0 0 0 0 1 8 0 false false true false
Assembly 1 FF0000
Cluster 1 FF0000
Track 1 FF0000 true
Point 1 322.0 312.0 1.0 1.0 2.0
Point 2 314.0 312.0 1.0 2.0 2.0
Point 3 304.0 314.0 1.0 3.0 2.0
Point 4 312.0 309.0 1.0 4.0 2.0
Point 5 302.0 308.0 1.0 5.0 2.0
Point 6 300.0 299.0 1.0 6.0 2.0
Point 7 300.0 316.0 1.0 7.0 2.0
Point 8 298.0 313.0 1.0 8.0 2.0
Point 9 300.0 310.0 1.0 9.0 2.0
Point 10 301.0 316.0 1.0 10.0 2.0
Point 11 322.0 313.0 1.0 11.0 2.0
Point 12 303.0 315.0 1.0 12.0 2.0
Point 13 313.0 320.0 1.0 13.0 2.0
Point 14 310.0 314.0 1.0 14.0 2.0
Point 15 325.0 317.0 1.0 15.0 2.0
Point 16 338.0 318.0 1.0 16.0 2.0
Point 17 315.0 319.0 1.0 17.0 2.0
Point 18 310.0 316.0 1.0 18.0 2.0
Point 19 309.0 316.0 1.0 19.0 2.0
Point 20 313.0 317.0 1.0 20.0 2.0
Point 21 302.0 309.0 1.0 21.0 2.0
Point 22 302.0 311.0 1.0 22.0 2.0
Point 23 307.0 314.0 1.0 23.0 2.0
Point 24 302.0 309.0 1.0 24.0 2.0
Point 25 306.0 320.0 1.0 25.0 2.0
Point 26 303.0 311.0 1.0 26.0 2.0
Point 27 300.0 313.0 1.0 27.0 2.0
Point 28 306.0 315.0 1.0 28.0 2.0
Point 29 307.0 318.0 1.0 29.0 2.0
Point 30 314.0 313.0 1.0 30.0 2.0
Point 31 319.0 322.0 1.0 31.0 2.0
Point 32 330.0 326.0 1.0 32.0 2.0
Point 33 346.0 327.0 1.0 33.0 2.0
Point 34 384.0 340.0 1.0 34.0 2.0
Point 35 390.0 342.0 1.0 35.0 2.0
Point 36 393.0 343.0 1.0 36.0 2.0
Point 37 392.0 342.0 1.0 37.0 2.0
Point 38 397.0 337.0 1.0 38.0 2.0
Point 39 390.0 332.0 1.0 39.0 2.0
Point 40 381.0 333.0 1.0 40.0 2.0
Point 41 385.0 333.0 1.0 41.0 2.0
Point 42 390.0 314.0 1.0 42.0 2.0
Point 43 387.0 319.0 1.0 43.0 2.0
Point 44 378.0 327.0 1.0 44.0 2.0
Point 45 401.0 295.0 1.0 45.0 2.0
Point 46 402.0 248.0 1.0 46.0 2.0
Point 47 406.0 239.0 1.0 47.0 2.0
Point 48 407.0 252.0 1.0 48.0 2.0
Point 49 404.0 266.0 1.0 49.0 2.0
Point 50 402.0 282.0 1.0 50.0 2.0
Point 51 394.0 299.0 1.0 51.0 2.0
Point 52 389.0 311.0 1.0 52.0 2.0
Point 53 388.0 315.0 1.0 53.0 2.0
Point 54 386.0 322.0 1.0 54.0 2.0
Point 55 390.0 334.0 1.0 55.0 2.0
Point 56 387.0 334.0 1.0 56.0 2.0
Point 57 391.0 340.0 1.0 57.0 2.0
Point 58 382.0 332.0 1.0 58.0 2.0
Point 59 379.0 324.0 1.0 59.0 2.0
Point 108 372.0 321.0 1.0 60.0 2.0
Point 109 363.0 316.0 1.0 61.0 2.0
Point 110 352.0 310.0 1.0 62.0 2.0
Point 111 346.0 307.0 1.0 63.0 2.0
Point 112 378.0 306.0 1.0 64.0 2.0
Point 113 365.0 306.0 1.0 65.0 2.0
Point 114 314.0 298.0 1.0 66.0 2.0
Point 115 308.0 305.0 1.0 67.0 2.0
Point 116 296.0 296.0 1.0 68.0 2.0
Point 117 289.0 289.0 1.0 69.0 2.0
Point 118 287.0 285.0 1.0 70.0 2.0
Point 119 294.0 275.0 1.0 71.0 2.0
Point 120 299.0 281.0 1.0 72.0 2.0
Point 107 297.0 331.0 1.0 73.0 2.0
Point 106 294.0 338.0 1.0 74.0 2.0
Point 60 287.0 322.0 1.0 75.0 2.0
Point 61 285.0 316.0 1.0 76.0 2.0
Point 62 297.0 340.0 1.0 77.0 2.0
Point 63 290.0 324.0 1.0 78.0 2.0
Point 64 285.0 318.0 1.0 79.0 2.0
Point 65 286.0 319.0 1.0 80.0 2.0
Point 66 279.0 310.0 1.0 81.0 2.0
Point 67 285.0 322.0 1.0 82.0 2.0
Point 68 287.0 304.0 1.0 83.0 2.0
Point 69 291.0 329.0 1.0 84.0 2.0
Point 70 287.0 328.0 1.0 85.0 2.0
Point 71 286.0 318.0 1.0 86.0 2.0
Point 72 283.0 313.0 1.0 87.0 2.0
Point 73 289.0 324.0 1.0 88.0 2.0
Point 74 292.0 333.0 1.0 89.0 2.0
Point 75 280.0 299.0 1.0 90.0 2.0
Point 76 291.0 321.0 1.0 91.0 2.0
Point 77 275.0 298.0 1.0 92.0 2.0
Point 78 287.0 318.0 1.0 93.0 2.0
Point 79 281.0 311.0 1.0 94.0 2.0
Point 80 276.0 299.0 1.0 95.0 2.0
Point 81 284.0 314.0 1.0 96.0 2.0
Point 82 282.0 311.0 1.0 97.0 2.0
Point 83 278.0 312.0 1.0 98.0 2.0
Point 84 283.0 314.0 1.0 99.0 2.0
Point 85 275.0 301.0 1.0 100.0 2.0
Point 86 278.0 297.0 1.0 101.0 2.0
Point 87 278.0 300.0 1.0 102.0 2.0
Point 88 279.0 296.0 1.0 103.0 2.0
Point 89 267.0 284.0 1.0 104.0 2.0
Point 90 275.0 298.0 1.0 105.0 2.0
Point 91 272.0 287.0 1.0 106.0 2.0
Point 92 268.0 283.0 1.0 107.0 2.0
Point 93 272.0 285.0 1.0 108.0 2.0
Point 94 270.0 278.0 1.0 109.0 2.0
Point 95 274.0 283.0 1.0 110.0 2.0
Point 96 279.0 285.0 1.0 111.0 2.0
Point 97 275.0 283.0 1.0 112.0 2.0
Point 98 277.0 283.0 1.0 113.0 2.0
Point 99 277.0 283.0 1.0 114.0 2.0
Point 100 283.0 284.0 1.0 115.0 2.0
Point 101 290.0 291.0 1.0 116.0 2.0
Point 102 287.0 288.0 1.0 117.0 2.0
Point 103 290.0 287.0 1.0 118.0 2.0
Point 104 290.0 284.0 1.0 119.0 2.0
Point 105 292.0 284.0 1.0 120.0 2.0
End of MTrackJ Data File
