MTrackJ 1.5.1 Data File
Displaying false true true 1 2 0 0 95 8 0 1 0 0 1 0 0 false true true false
Assembly 1 FF0000
Cluster 1 FF0000
Track 1 FF0000 true
Point 1 1296.0 474.0 1.0 1.0 2.0
Point 2 1326.0 470.0 1.0 2.0 2.0
Point 3 1338.0 468.0 1.0 3.0 2.0
Point 4 1331.0 461.0 1.0 4.0 2.0
Point 5 1341.0 433.0 1.0 5.0 2.0
Point 6 1342.0 430.0 1.0 6.0 2.0
Point 7 1338.0 410.0 1.0 7.0 2.0
Point 8 1336.0 380.0 1.0 8.0 2.0
Point 9 1329.0 374.0 1.0 9.0 2.0
Point 10 1326.0 364.0 1.0 10.0 2.0
Point 11 1343.0 376.0 1.0 11.0 2.0
Point 12 1370.0 350.0 1.0 12.0 2.0
Point 13 1356.0 398.0 1.0 13.0 2.0
Point 14 1356.0 409.0 1.0 14.0 2.0
Point 15 1349.0 405.0 1.0 15.0 2.0
Point 16 1335.0 385.0 1.0 16.0 2.0
Point 17 1339.0 374.0 1.0 17.0 2.0
Point 18 1342.0 388.0 1.0 18.0 2.0
Point 19 1317.0 370.0 1.0 19.0 2.0
Point 20 1317.0 354.0 1.0 20.0 2.0
Point 21 1320.0 349.0 1.0 21.0 2.0
Point 22 1322.0 342.0 1.0 22.0 2.0
Point 23 1286.0 341.0 1.0 23.0 2.0
Point 24 1271.0 370.0 1.0 24.0 2.0
Point 25 1254.0 388.0 1.0 25.0 2.0
Point 26 1267.0 361.0 1.0 26.0 2.0
Point 27 1275.0 371.0 1.0 27.0 2.0
Point 28 1280.0 386.0 1.0 28.0 2.0
Point 29 1282.0 399.0 1.0 29.0 2.0
Point 30 1283.0 402.0 1.0 30.0 2.0
Point 31 1284.0 384.0 1.0 31.0 2.0
Point 32 1277.0 381.0 1.0 32.0 2.0
Point 33 1284.0 377.0 1.0 33.0 2.0
Point 34 1284.0 379.0 1.0 34.0 2.0
Point 35 1275.0 378.0 1.0 35.0 2.0
Point 36 1261.0 357.0 1.0 36.0 2.0
Point 37 1257.0 344.0 1.0 37.0 2.0
Point 38 1220.0 338.0 1.0 38.0 2.0
Point 39 1211.0 345.0 1.0 39.0 2.0
Point 40 1205.0 345.0 1.0 40.0 2.0
Point 41 1202.0 344.0 1.0 41.0 2.0
Point 42 1194.0 342.0 1.0 42.0 2.0
Point 43 1192.0 344.0 1.0 43.0 2.0
Point 44 1178.0 352.0 1.0 44.0 2.0
Point 45 1179.0 355.0 1.0 45.0 2.0
Point 46 1183.0 364.0 1.0 46.0 2.0
Point 47 1184.0 372.0 1.0 47.0 2.0
Point 48 1185.0 378.0 1.0 48.0 2.0
Point 49 1195.0 372.0 1.0 49.0 2.0
Point 50 1201.0 372.0 1.0 50.0 2.0
Point 51 1204.0 376.0 1.0 51.0 2.0
Point 52 1211.0 378.0 1.0 52.0 2.0
Point 53 1223.0 386.0 1.0 53.0 2.0
Point 54 1217.0 379.0 1.0 54.0 2.0
Point 55 1216.0 376.0 1.0 55.0 2.0
Point 56 1202.0 365.0 1.0 56.0 2.0
Point 57 1182.0 340.0 1.0 57.0 2.0
Point 58 1173.0 330.0 1.0 58.0 2.0
Point 59 1160.0 316.0 1.0 59.0 2.0
Point 60 1136.0 311.0 1.0 60.0 2.0
Point 61 1109.0 270.0 1.0 61.0 2.0
Point 62 1141.0 229.0 1.0 62.0 2.0
Point 63 1164.0 221.0 1.0 63.0 2.0
Point 64 1177.0 214.0 1.0 64.0 2.0
Point 65 1182.0 207.0 1.0 65.0 2.0
Point 66 1164.0 195.0 1.0 66.0 2.0
Point 67 1172.0 198.0 1.0 67.0 2.0
Point 68 1168.0 198.0 1.0 68.0 2.0
Point 69 1168.0 196.0 1.0 69.0 2.0
Point 70 1163.0 193.0 1.0 70.0 2.0
Point 71 1166.0 199.0 1.0 71.0 2.0
Point 72 1163.0 197.0 1.0 72.0 2.0
Point 73 1162.0 199.0 1.0 73.0 2.0
Point 74 1152.0 209.0 1.0 74.0 2.0
Point 75 1134.0 214.0 1.0 75.0 2.0
Point 76 1121.0 220.0 1.0 76.0 2.0
Point 77 1111.0 254.0 1.0 77.0 2.0
Point 78 1141.0 228.0 1.0 78.0 2.0
Point 80 1137.0 223.0 1.0 79.0 2.0
Point 79 1143.0 218.0 1.0 80.0 2.0
Point 81 1134.0 223.0 1.0 81.0 2.0
Point 82 1129.0 215.0 1.0 82.0 2.0
Point 83 1142.0 216.0 1.0 83.0 2.0
Point 84 1127.0 244.0 1.0 84.0 2.0
Point 85 1133.0 262.0 1.0 85.0 2.0
Point 86 1133.0 269.0 1.0 86.0 2.0
Point 87 1143.0 287.0 1.0 87.0 2.0
Point 88 1174.0 288.0 1.0 88.0 2.0
Point 89 1190.0 280.0 1.0 89.0 2.0
Point 90 1185.0 280.0 1.0 90.0 2.0
Point 91 1183.0 272.0 1.0 91.0 2.0
Point 92 1191.0 263.0 1.0 92.0 2.0
Point 93 1188.0 260.0 1.0 93.0 2.0
Point 94 1188.0 258.0 1.0 94.0 2.0
Point 95 1184.0 267.0 1.0 95.0 2.0
Point 96 1178.0 270.0 1.0 96.0 2.0
Point 97 1175.0 264.0 1.0 97.0 2.0
Point 98 1158.0 263.0 1.0 98.0 2.0
Point 99 1139.0 265.0 1.0 99.0 2.0
Point 100 1137.0 271.0 1.0 100.0 2.0
Point 101 1138.0 279.0 1.0 101.0 2.0
Point 102 1171.0 295.0 1.0 102.0 2.0
Point 103 1180.0 298.0 1.0 103.0 2.0
Point 104 1172.0 295.0 1.0 104.0 2.0
Point 105 1176.0 283.0 1.0 105.0 2.0
Point 106 1191.0 273.0 1.0 106.0 2.0
Point 107 1197.0 262.0 1.0 107.0 2.0
Point 108 1198.0 264.0 1.0 108.0 2.0
Point 109 1200.0 257.0 1.0 109.0 2.0
Point 110 1191.0 256.0 1.0 110.0 2.0
Point 111 1198.0 255.0 1.0 111.0 2.0
Point 112 1195.0 251.0 1.0 112.0 2.0
Point 113 1195.0 254.0 1.0 113.0 2.0
Point 114 1197.0 257.0 1.0 114.0 2.0
Point 115 1199.0 263.0 1.0 115.0 2.0
Point 116 1184.0 252.0 1.0 116.0 2.0
Point 117 1184.0 253.0 1.0 117.0 2.0
Point 118 1192.0 259.0 1.0 118.0 2.0
Point 119 1220.0 266.0 1.0 119.0 2.0
Point 120 1233.0 265.0 1.0 120.0 2.0
Point 121 1242.0 268.0 1.0 121.0 2.0
Point 122 1232.0 266.0 1.0 122.0 2.0
Point 123 1245.0 274.0 1.0 123.0 2.0
Point 124 1244.0 281.0 1.0 124.0 2.0
Point 125 1243.0 285.0 1.0 125.0 2.0
Point 126 1241.0 285.0 1.0 126.0 2.0
Point 127 1235.0 298.0 1.0 127.0 2.0
Point 128 1229.0 304.0 1.0 128.0 2.0
Point 129 1220.0 320.0 1.0 129.0 2.0
Point 130 1208.0 314.0 1.0 130.0 2.0
Point 131 1201.0 314.0 1.0 131.0 2.0
Point 134 1213.0 303.0 1.0 132.0 2.0
Point 133 1220.0 294.0 1.0 133.0 2.0
Point 135 1190.0 259.0 1.0 134.0 2.0
Point 136 1176.0 282.0 1.0 135.0 2.0
Point 137 1174.0 286.0 1.0 136.0 2.0
Point 138 1199.0 276.0 1.0 137.0 2.0
Point 139 1182.0 275.0 1.0 138.0 2.0
Point 140 1170.0 254.0 1.0 139.0 2.0
Point 141 1154.0 226.0 1.0 140.0 2.0
Point 142 1153.0 236.0 1.0 141.0 2.0
Point 143 1145.0 254.0 1.0 142.0 2.0
Point 144 1174.0 293.0 1.0 143.0 2.0
Point 145 1181.0 288.0 1.0 144.0 2.0
Point 146 1181.0 280.0 1.0 145.0 2.0
Point 147 1197.0 279.0 1.0 146.0 2.0
Point 148 1192.0 271.0 1.0 147.0 2.0
Point 149 1196.0 233.0 1.0 148.0 2.0
Point 150 1195.0 240.0 1.0 149.0 2.0
Point 151 1180.0 242.0 1.0 150.0 2.0
Point 157 1189.0 242.0 1.0 151.0 2.0
Point 160 1184.0 243.0 1.0 152.0 2.0
Point 156 1195.0 243.0 1.0 153.0 2.0
Point 158 1191.0 250.0 1.0 154.0 2.0
Point 155 1191.0 255.0 1.0 155.0 2.0
Point 154 1189.0 270.0 1.0 156.0 2.0
Point 152 1202.0 269.0 1.0 157.0 2.0
Point 153 1209.0 265.0 1.0 158.0 2.0
Point 159 1204.0 252.0 1.0 159.0 2.0
End of MTrackJ Data File
