MTrackJ 1.5.1 Data File
Displaying false true true 1 0 0 0 100 12 0 0 0 0 1 9 1 false false true false
Assembly 1 FF0000
Cluster 1 FF0000
Track 1 FF0000 true
Point 1 1307.0 496.0 1.0 1.0 1.0
Point 2 1322.0 486.0 1.0 2.0 1.0
Point 3 1325.0 481.0 1.0 3.0 1.0
Point 4 1327.0 477.0 1.0 4.0 1.0
Point 5 1327.0 473.0 1.0 5.0 1.0
Point 6 1333.0 451.0 1.0 6.0 1.0
Point 7 1334.0 440.0 1.0 7.0 1.0
Point 8 1328.0 417.0 1.0 8.0 1.0
Point 9 1329.0 412.0 1.0 9.0 1.0
Point 10 1329.0 408.0 1.0 10.0 1.0
Point 11 1333.0 403.0 1.0 11.0 1.0
Point 12 1323.0 395.0 1.0 12.0 1.0
Point 13 1318.0 385.0 1.0 13.0 1.0
Point 14 1322.0 385.0 1.0 14.0 1.0
Point 15 1322.0 376.0 1.0 15.0 1.0
Point 16 1322.0 368.0 1.0 16.0 1.0
Point 17 1321.0 361.0 1.0 17.0 1.0
Point 18 1307.0 347.0 1.0 18.0 1.0
Point 19 1297.0 339.0 1.0 19.0 1.0
Point 20 1285.0 342.0 1.0 20.0 1.0
Point 21 1286.0 345.0 1.0 21.0 1.0
Point 22 1284.0 346.0 1.0 22.0 1.0
Point 23 1275.0 350.0 1.0 23.0 1.0
Point 24 1268.0 352.0 1.0 24.0 1.0
Point 25 1268.0 363.0 1.0 25.0 1.0
Point 26 1261.0 370.0 1.0 26.0 1.0
Point 27 1272.0 360.0 1.0 27.0 1.0
Point 28 1273.0 362.0 1.0 28.0 1.0
Point 29 1276.0 360.0 1.0 29.0 1.0
Point 30 1278.0 365.0 1.0 30.0 1.0
Point 31 1277.0 371.0 1.0 31.0 1.0
Point 32 1268.0 370.0 1.0 32.0 1.0
Point 33 1263.0 370.0 1.0 33.0 1.0
Point 34 1258.0 361.0 1.0 34.0 1.0
Point 35 1253.0 361.0 1.0 35.0 1.0
Point 36 1251.0 361.0 1.0 36.0 1.0
Point 37 1247.0 358.0 1.0 37.0 1.0
Point 38 1238.0 353.0 1.0 38.0 1.0
Point 39 1230.0 348.0 1.0 39.0 1.0
Point 40 1226.0 345.0 1.0 40.0 1.0
Point 41 1230.0 348.0 1.0 41.0 1.0
Point 42 1233.0 351.0 1.0 42.0 1.0
Point 43 1231.0 346.0 1.0 43.0 1.0
Point 44 1224.0 345.0 1.0 44.0 1.0
Point 45 1209.0 331.0 1.0 45.0 1.0
Point 46 1192.0 329.0 1.0 46.0 1.0
Point 47 1176.0 320.0 1.0 47.0 1.0
Point 48 1172.0 324.0 1.0 48.0 1.0
Point 49 1169.0 324.0 1.0 49.0 1.0
Point 50 1163.0 325.0 1.0 50.0 1.0
Point 51 1153.0 321.0 1.0 51.0 1.0
Point 52 1150.0 321.0 1.0 52.0 1.0
Point 53 1141.0 320.0 1.0 53.0 1.0
Point 54 1138.0 316.0 1.0 54.0 1.0
Point 55 1136.0 329.0 1.0 55.0 1.0
Point 56 1135.0 343.0 1.0 56.0 1.0
Point 57 1137.0 353.0 1.0 57.0 1.0
Point 58 1139.0 359.0 1.0 58.0 1.0
Point 59 1148.0 361.0 1.0 59.0 1.0
Point 60 1145.0 352.0 1.0 60.0 1.0
Point 61 1140.0 342.0 1.0 61.0 1.0
Point 62 1132.0 321.0 1.0 62.0 1.0
Point 63 1128.0 286.0 1.0 63.0 1.0
Point 64 1125.0 250.0 1.0 64.0 1.0
Point 65 1133.0 241.0 1.0 65.0 1.0
Point 66 1131.0 241.0 1.0 66.0 1.0
Point 67 1131.0 238.0 1.0 67.0 1.0
Point 68 1131.0 237.0 1.0 68.0 1.0
Point 69 1139.0 232.0 1.0 69.0 1.0
Point 70 1145.0 225.0 1.0 70.0 1.0
Point 71 1150.0 221.0 1.0 71.0 1.0
Point 72 1153.0 216.0 1.0 72.0 1.0
Point 73 1143.0 220.0 1.0 73.0 1.0
Point 74 1123.0 219.0 1.0 74.0 1.0
Point 75 1117.0 225.0 1.0 75.0 1.0
Point 76 1115.0 225.0 1.0 76.0 1.0
Point 77 1115.0 229.0 1.0 77.0 1.0
Point 78 1113.0 230.0 1.0 78.0 1.0
Point 79 1113.0 240.0 1.0 79.0 1.0
Point 80 1115.0 257.0 1.0 80.0 1.0
Point 81 1120.0 268.0 1.0 81.0 1.0
Point 82 1116.0 269.0 1.0 82.0 1.0
Point 83 1114.0 266.0 1.0 83.0 1.0
Point 84 1116.0 263.0 1.0 84.0 1.0
Point 85 1121.0 263.0 1.0 85.0 1.0
Point 86 1124.0 259.0 1.0 86.0 1.0
Point 87 1131.0 268.0 1.0 87.0 1.0
Point 88 1135.0 269.0 1.0 88.0 1.0
Point 89 1137.0 276.0 1.0 89.0 1.0
Point 90 1137.0 273.0 1.0 90.0 1.0
Point 91 1140.0 269.0 1.0 91.0 1.0
Point 92 1149.0 269.0 1.0 92.0 1.0
Point 93 1154.0 269.0 1.0 93.0 1.0
Point 94 1156.0 269.0 1.0 94.0 1.0
Point 95 1149.0 270.0 1.0 95.0 1.0
Point 96 1154.0 278.0 1.0 96.0 1.0
Point 97 1152.0 274.0 1.0 97.0 1.0
Point 98 1137.0 274.0 1.0 98.0 1.0
Point 99 1136.0 275.0 1.0 99.0 1.0
Point 100 1136.0 283.0 1.0 100.0 1.0
Point 101 1139.0 292.0 1.0 101.0 1.0
Point 102 1151.0 298.0 1.0 102.0 1.0
Point 103 1164.0 311.0 1.0 103.0 1.0
Point 104 1163.0 307.0 1.0 104.0 1.0
Point 105 1169.0 299.0 1.0 105.0 1.0
Point 106 1175.0 298.0 1.0 106.0 1.0
Point 107 1185.0 302.0 1.0 107.0 1.0
Point 108 1193.0 311.0 1.0 108.0 1.0
Point 109 1192.0 303.0 1.0 109.0 1.0
Point 110 1190.0 286.0 1.0 110.0 1.0
Point 111 1184.0 264.0 1.0 111.0 1.0
Point 112 1165.0 251.0 1.0 112.0 1.0
Point 113 1160.0 248.0 1.0 113.0 1.0
Point 114 1160.0 246.0 1.0 114.0 1.0
Point 115 1159.0 244.0 1.0 115.0 1.0
Point 116 1156.0 239.0 1.0 116.0 1.0
Point 117 1151.0 240.0 1.0 117.0 1.0
Point 118 1149.0 240.0 1.0 118.0 1.0
Point 119 1146.0 246.0 1.0 119.0 1.0
Point 120 1151.0 248.0 1.0 120.0 1.0
Point 121 1166.0 247.0 1.0 121.0 1.0
Point 122 1188.0 249.0 1.0 122.0 1.0
Point 123 1205.0 251.0 1.0 123.0 1.0
Point 124 1215.0 260.0 1.0 124.0 1.0
Point 125 1224.0 251.0 1.0 125.0 1.0
Point 126 1229.0 249.0 1.0 126.0 1.0
Point 127 1237.0 248.0 1.0 127.0 1.0
Point 128 1240.0 256.0 1.0 128.0 1.0
Point 129 1240.0 276.0 1.0 129.0 1.0
Point 130 1240.0 286.0 1.0 130.0 1.0
Point 131 1226.0 297.0 1.0 131.0 1.0
Point 132 1225.0 285.0 1.0 132.0 1.0
Point 133 1217.0 255.0 1.0 133.0 1.0
Point 134 1205.0 254.0 1.0 134.0 1.0
Point 135 1189.0 245.0 1.0 135.0 1.0
Point 136 1200.0 251.0 1.0 136.0 1.0
Point 137 1205.0 256.0 1.0 137.0 1.0
Point 138 1210.0 264.0 1.0 138.0 1.0
Point 139 1204.0 259.0 1.0 139.0 1.0
Point 140 1197.0 253.0 1.0 140.0 1.0
Point 141 1145.0 236.0 1.0 141.0 1.0
Point 142 1134.0 244.0 1.0 142.0 1.0
Point 143 1133.0 249.0 1.0 143.0 1.0
Point 144 1157.0 267.0 1.0 144.0 1.0
Point 145 1180.0 272.0 1.0 145.0 1.0
Point 146 1185.0 278.0 1.0 146.0 1.0
Point 147 1172.0 281.0 1.0 147.0 1.0
Point 148 1170.0 281.0 1.0 148.0 1.0
Point 149 1173.0 281.0 1.0 149.0 1.0
Point 150 1190.0 272.0 1.0 150.0 1.0
Point 151 1207.0 253.0 1.0 151.0 1.0
Point 152 1218.0 246.0 1.0 152.0 1.0
Point 153 1198.0 254.0 1.0 153.0 1.0
Point 154 1198.0 252.0 1.0 154.0 1.0
Point 155 1201.0 249.0 1.0 155.0 1.0
Point 156 1207.0 248.0 1.0 156.0 1.0
Point 157 1215.0 248.0 1.0 157.0 1.0
Point 158 1211.0 243.0 1.0 158.0 1.0
Point 159 1207.0 240.0 1.0 159.0 1.0
Point 160 1182.0 233.0 1.0 160.0 1.0
Point 161 1158.0 230.0 1.0 161.0 1.0
Point 162 1154.0 233.0 1.0 162.0 1.0
Point 163 1151.0 248.0 1.0 163.0 1.0
Point 164 1146.0 272.0 1.0 164.0 1.0
Point 165 1146.0 272.0 1.0 165.0 1.0
Point 166 1156.0 267.0 1.0 166.0 1.0
Point 167 1168.0 279.0 1.0 167.0 1.0
Point 168 1171.0 289.0 1.0 168.0 1.0
Point 169 1165.0 257.0 1.0 169.0 1.0
Point 170 1177.0 249.0 1.0 170.0 1.0
Point 171 1170.0 250.0 1.0 171.0 1.0
Point 172 1165.0 262.0 1.0 172.0 1.0
Point 173 1160.0 265.0 1.0 173.0 1.0
Point 174 1157.0 262.0 1.0 174.0 1.0
Point 175 1167.0 264.0 1.0 175.0 1.0
Point 176 1179.0 271.0 1.0 176.0 1.0
Point 177 1167.0 309.0 1.0 177.0 1.0
Point 178 1169.0 320.0 1.0 178.0 1.0
Point 179 1174.0 331.0 1.0 179.0 1.0
Point 180 1183.0 329.0 1.0 180.0 1.0
End of MTrackJ Data File
