MTrackJ 1.5.1 Data File
Displaying true true true 1 2 0 0 100 10 0 0 0 0 1 12 0 false true true false
Assembly 1 FF0000
Cluster 1 FF0000
Track 1 FF0000 true
Point 1 886.0 709.0 1.0 1.0 1.0
Point 2 883.0 707.0 1.0 2.0 1.0
Point 3 888.0 703.0 1.0 3.0 1.0
Point 4 890.0 703.0 1.0 4.0 1.0
Point 5 889.0 701.0 1.0 5.0 1.0
Point 6 891.0 700.0 1.0 6.0 1.0
Point 7 890.0 699.0 1.0 7.0 1.0
Point 8 889.0 697.0 1.0 8.0 1.0
Point 9 891.0 697.0 1.0 9.0 1.0
Point 10 889.0 697.0 1.0 10.0 1.0
Point 11 888.0 694.0 1.0 11.0 1.0
Point 12 890.0 692.0 1.0 12.0 1.0
Point 13 895.0 688.0 1.0 13.0 1.0
Point 14 895.0 688.0 1.0 14.0 1.0
Point 15 895.0 688.0 1.0 15.0 1.0
Point 16 895.0 687.0 1.0 16.0 1.0
Point 17 894.0 688.0 1.0 17.0 1.0
Point 18 896.0 687.0 1.0 18.0 1.0
Point 19 893.0 686.0 1.0 19.0 1.0
Point 20 896.0 687.0 1.0 20.0 1.0
Point 21 896.0 687.0 1.0 21.0 1.0
Point 22 896.0 686.0 1.0 22.0 1.0
Point 23 896.0 686.0 1.0 23.0 1.0
Point 24 892.0 683.0 1.0 24.0 1.0
Point 25 896.0 683.0 1.0 25.0 1.0
Point 26 898.0 681.0 1.0 26.0 1.0
Point 27 897.0 680.0 1.0 27.0 1.0
Point 28 897.0 679.0 1.0 28.0 1.0
Point 29 893.0 679.0 1.0 29.0 1.0
Point 30 893.0 679.0 1.0 30.0 1.0
Point 31 893.0 679.0 1.0 31.0 1.0
Point 32 894.0 679.0 1.0 32.0 1.0
Point 33 894.0 679.0 1.0 33.0 1.0
Point 34 894.0 679.0 1.0 34.0 1.0
Point 35 894.0 678.0 1.0 35.0 1.0
Point 36 895.0 678.0 1.0 36.0 1.0
Point 37 892.0 678.0 1.0 37.0 1.0
Point 38 894.0 678.0 1.0 38.0 1.0
Point 39 894.0 678.0 1.0 39.0 1.0
Point 40 892.0 678.0 1.0 40.0 1.0
Point 41 892.0 678.0 1.0 41.0 1.0
Point 42 893.0 677.0 1.0 42.0 1.0
Point 43 893.0 676.0 1.0 43.0 1.0
Point 44 893.0 676.0 1.0 44.0 1.0
Point 45 892.0 675.0 1.0 45.0 1.0
Point 46 894.0 674.0 1.0 46.0 1.0
Point 47 892.0 672.0 1.0 47.0 1.0
Point 48 898.0 672.0 1.0 48.0 1.0
Point 49 896.0 671.0 1.0 49.0 1.0
Point 50 897.0 671.0 1.0 50.0 1.0
Point 51 897.0 672.0 1.0 51.0 1.0
Point 52 897.0 672.0 1.0 52.0 1.0
Point 53 895.0 672.0 1.0 53.0 1.0
Point 54 896.0 671.0 1.0 54.0 1.0
Point 55 897.0 671.0 1.0 55.0 1.0
Point 56 895.0 672.0 1.0 56.0 1.0
Point 57 895.0 672.0 1.0 57.0 1.0
Point 58 895.0 671.0 1.0 58.0 1.0
Point 59 901.0 669.0 1.0 59.0 1.0
Point 60 899.0 670.0 1.0 60.0 1.0
Point 61 898.0 670.0 1.0 61.0 1.0
Point 62 897.0 669.0 1.0 62.0 1.0
Point 63 899.0 669.0 1.0 63.0 1.0
Point 64 899.0 668.0 1.0 64.0 1.0
Point 65 896.0 668.0 1.0 65.0 1.0
Point 66 892.0 668.0 1.0 66.0 1.0
Point 67 891.0 666.0 1.0 67.0 1.0
Point 68 890.0 665.0 1.0 68.0 1.0
Point 69 891.0 665.0 1.0 69.0 1.0
Point 70 890.0 665.0 1.0 70.0 1.0
Point 71 894.0 666.0 1.0 71.0 1.0
Point 72 894.0 666.0 1.0 72.0 1.0
Point 73 887.0 666.0 1.0 73.0 1.0
Point 74 885.0 666.0 1.0 74.0 1.0
Point 75 887.0 666.0 1.0 75.0 1.0
Point 76 887.0 666.0 1.0 76.0 1.0
Point 77 887.0 665.0 1.0 77.0 1.0
Point 78 887.0 665.0 1.0 78.0 1.0
Point 79 887.0 665.0 1.0 79.0 1.0
Point 80 884.0 665.0 1.0 80.0 1.0
Point 81 879.0 666.0 1.0 81.0 1.0
Point 82 885.0 667.0 1.0 82.0 1.0
Point 83 885.0 666.0 1.0 83.0 1.0
Point 84 886.0 665.0 1.0 84.0 1.0
Point 85 886.0 666.0 1.0 85.0 1.0
Point 86 883.0 666.0 1.0 86.0 1.0
Point 87 882.0 666.0 1.0 87.0 1.0
Point 88 884.0 665.0 1.0 88.0 1.0
Point 89 885.0 665.0 1.0 89.0 1.0
Point 90 888.0 664.0 1.0 90.0 1.0
Point 91 887.0 664.0 1.0 91.0 1.0
Point 92 889.0 663.0 1.0 92.0 1.0
Point 93 888.0 663.0 1.0 93.0 1.0
Point 94 888.0 663.0 1.0 94.0 1.0
Point 95 889.0 663.0 1.0 95.0 1.0
Point 96 889.0 664.0 1.0 96.0 1.0
Point 97 888.0 663.0 1.0 97.0 1.0
Point 98 888.0 664.0 1.0 98.0 1.0
Point 99 890.0 664.0 1.0 99.0 1.0
Point 100 890.0 663.0 1.0 100.0 1.0
Point 101 892.0 663.0 1.0 101.0 1.0
Point 102 893.0 662.0 1.0 102.0 1.0
Point 103 893.0 662.0 1.0 103.0 1.0
Point 104 892.0 662.0 1.0 104.0 1.0
Point 105 893.0 662.0 1.0 105.0 1.0
Point 106 892.0 662.0 1.0 106.0 1.0
Point 107 891.0 662.0 1.0 107.0 1.0
Point 108 890.0 661.0 1.0 108.0 1.0
Point 109 888.0 661.0 1.0 109.0 1.0
Point 110 887.0 662.0 1.0 110.0 1.0
Point 111 886.0 662.0 1.0 111.0 1.0
Point 112 888.0 662.0 1.0 112.0 1.0
Point 113 888.0 662.0 1.0 113.0 1.0
Point 114 886.0 662.0 1.0 114.0 1.0
Point 115 886.0 662.0 1.0 115.0 1.0
Point 116 887.0 662.0 1.0 116.0 1.0
Point 117 889.0 662.0 1.0 117.0 1.0
Point 118 889.0 662.0 1.0 118.0 1.0
Point 119 890.0 661.0 1.0 119.0 1.0
Point 120 889.0 660.0 1.0 120.0 1.0
Point 121 890.0 660.0 1.0 121.0 1.0
Point 122 890.0 659.0 1.0 122.0 1.0
Point 123 890.0 658.0 1.0 123.0 1.0
Point 124 891.0 658.0 1.0 124.0 1.0
Point 125 889.0 658.0 1.0 125.0 1.0
Point 126 890.0 658.0 1.0 126.0 1.0
Point 127 890.0 658.0 1.0 127.0 1.0
Point 128 889.0 658.0 1.0 128.0 1.0
Point 129 889.0 658.0 1.0 129.0 1.0
Point 130 889.0 658.0 1.0 130.0 1.0
Point 131 889.0 658.0 1.0 131.0 1.0
Point 132 889.0 658.0 1.0 132.0 1.0
Point 133 887.0 658.0 1.0 133.0 1.0
Point 134 888.0 658.0 1.0 134.0 1.0
Point 135 888.0 658.0 1.0 135.0 1.0
Point 136 887.0 660.0 1.0 136.0 1.0
Point 137 887.0 659.0 1.0 137.0 1.0
Point 138 886.0 658.0 1.0 138.0 1.0
Point 139 884.0 657.0 1.0 139.0 1.0
Point 140 885.0 656.0 1.0 140.0 1.0
Point 141 882.0 657.0 1.0 141.0 1.0
Point 142 883.0 658.0 1.0 142.0 1.0
Point 143 885.0 657.0 1.0 143.0 1.0
Point 144 884.0 658.0 1.0 144.0 1.0
Point 145 884.0 658.0 1.0 145.0 1.0
Point 146 883.0 657.0 1.0 146.0 1.0
Point 147 882.0 657.0 1.0 147.0 1.0
Point 148 883.0 657.0 1.0 148.0 1.0
Point 149 882.0 657.0 1.0 149.0 1.0
Point 150 883.0 656.0 1.0 150.0 1.0
Point 151 881.0 656.0 1.0 151.0 1.0
Point 152 877.0 655.0 1.0 152.0 1.0
Point 153 877.0 655.0 1.0 153.0 1.0
Point 154 877.0 655.0 1.0 154.0 1.0
Point 155 876.0 655.0 1.0 155.0 1.0
Point 156 876.0 655.0 1.0 156.0 1.0
Point 157 873.0 655.0 1.0 157.0 1.0
Point 158 872.0 655.0 1.0 158.0 1.0
Point 159 867.0 656.0 1.0 159.0 1.0
Point 160 861.0 656.0 1.0 160.0 1.0
Point 161 857.0 656.0 1.0 161.0 1.0
Point 162 853.0 657.0 1.0 162.0 1.0
Point 163 854.0 657.0 1.0 163.0 1.0
Point 164 856.0 657.0 1.0 164.0 1.0
Point 165 854.0 657.0 1.0 165.0 1.0
Point 166 854.0 657.0 1.0 166.0 1.0
Point 167 854.0 657.0 1.0 167.0 1.0
Point 168 852.0 656.0 1.0 168.0 1.0
Point 169 849.0 657.0 1.0 169.0 1.0
Point 170 841.0 658.0 1.0 170.0 1.0
Point 171 829.0 660.0 1.0 171.0 1.0
Point 172 827.0 660.0 1.0 172.0 1.0
Point 173 826.0 660.0 1.0 173.0 1.0
Point 174 829.0 661.0 1.0 174.0 1.0
Point 175 830.0 662.0 1.0 175.0 1.0
Point 176 831.0 663.0 1.0 176.0 1.0
Point 177 832.0 662.0 1.0 177.0 1.0
Point 178 833.0 662.0 1.0 178.0 1.0
Point 179 836.0 662.0 1.0 179.0 1.0
Point 180 836.0 662.0 1.0 180.0 1.0
Point 181 838.0 662.0 1.0 181.0 1.0
Point 182 838.0 662.0 1.0 182.0 1.0
Point 183 841.0 662.0 1.0 183.0 1.0
Point 184 841.0 662.0 1.0 184.0 1.0
Point 185 840.0 663.0 1.0 185.0 1.0
Point 186 837.0 663.0 1.0 186.0 1.0
Point 187 839.0 663.0 1.0 187.0 1.0
Point 188 840.0 664.0 1.0 188.0 1.0
Point 189 841.0 664.0 1.0 189.0 1.0
Point 190 841.0 663.0 1.0 190.0 1.0
Point 191 841.0 663.0 1.0 191.0 1.0
Point 192 841.0 663.0 1.0 192.0 1.0
Point 193 842.0 662.0 1.0 193.0 1.0
Point 194 841.0 662.0 1.0 194.0 1.0
Point 195 841.0 662.0 1.0 195.0 1.0
Point 196 840.0 662.0 1.0 196.0 1.0
Point 197 838.0 663.0 1.0 197.0 1.0
Point 198 837.0 663.0 1.0 198.0 1.0
Point 199 838.0 663.0 1.0 199.0 1.0
Point 200 838.0 663.0 1.0 200.0 1.0
Point 201 837.0 663.0 1.0 201.0 1.0
Point 202 837.0 663.0 1.0 202.0 1.0
Point 203 834.0 664.0 1.0 203.0 1.0
Point 204 832.0 663.0 1.0 204.0 1.0
Point 205 833.0 663.0 1.0 205.0 1.0
Point 206 834.0 662.0 1.0 206.0 1.0
Point 207 832.0 663.0 1.0 207.0 1.0
Point 208 833.0 662.0 1.0 208.0 1.0
Point 209 833.0 662.0 1.0 209.0 1.0
Point 210 833.0 662.0 1.0 210.0 1.0
Point 211 834.0 662.0 1.0 211.0 1.0
Point 212 834.0 661.0 1.0 212.0 1.0
Point 213 835.0 659.0 1.0 213.0 1.0
Point 214 834.0 658.0 1.0 214.0 1.0
Point 215 834.0 659.0 1.0 215.0 1.0
Point 216 834.0 659.0 1.0 216.0 1.0
Point 217 837.0 659.0 1.0 217.0 1.0
Point 218 837.0 660.0 1.0 218.0 1.0
Point 219 837.0 661.0 1.0 219.0 1.0
Point 220 838.0 661.0 1.0 220.0 1.0
Point 221 838.0 661.0 1.0 221.0 1.0
Point 222 838.0 661.0 1.0 222.0 1.0
Point 223 838.0 662.0 1.0 223.0 1.0
Point 224 839.0 661.0 1.0 224.0 1.0
Point 225 840.0 660.0 1.0 225.0 1.0
Point 226 840.0 660.0 1.0 226.0 1.0
Point 227 843.0 660.0 1.0 227.0 1.0
Point 228 843.0 660.0 1.0 228.0 1.0
Point 229 842.0 660.0 1.0 229.0 1.0
Point 230 842.0 660.0 1.0 230.0 1.0
Point 231 842.0 660.0 1.0 231.0 1.0
Point 232 843.0 660.0 1.0 232.0 1.0
Point 233 842.0 661.0 1.0 233.0 1.0
Point 234 842.0 661.0 1.0 234.0 1.0
Point 235 840.0 662.0 1.0 235.0 1.0
Point 236 840.0 663.0 1.0 236.0 1.0
Point 237 840.0 663.0 1.0 237.0 1.0
Point 238 841.0 663.0 1.0 238.0 1.0
Point 239 840.0 664.0 1.0 239.0 1.0
Point 240 842.0 665.0 1.0 240.0 1.0
End of MTrackJ Data File
