MTrackJ 1.5.1 Data File
Displaying true true true 1 2 0 0 100 10 0 0 0 0 1 12 0 false true true false
Assembly 1 FF0000
Cluster 1 FF0000
Track 1 FF0000 true
Point 1 845.0 719.0 1.0 1.0 1.0
Point 2 842.0 718.0 1.0 2.0 1.0
Point 3 846.0 717.0 1.0 3.0 1.0
Point 4 848.0 721.0 1.0 4.0 1.0
Point 5 848.0 716.0 1.0 5.0 1.0
Point 6 851.0 714.0 1.0 6.0 1.0
Point 7 848.0 715.0 1.0 7.0 1.0
Point 8 850.0 712.0 1.0 8.0 1.0
Point 9 850.0 712.0 1.0 9.0 1.0
Point 10 855.0 711.0 1.0 10.0 1.0
Point 11 853.0 709.0 1.0 11.0 1.0
Point 12 850.0 707.0 1.0 12.0 1.0
Point 13 855.0 702.0 1.0 13.0 1.0
Point 14 860.0 705.0 1.0 14.0 1.0
Point 15 856.0 705.0 1.0 15.0 1.0
Point 16 861.0 705.0 1.0 16.0 1.0
Point 17 862.0 704.0 1.0 17.0 1.0
Point 18 864.0 698.0 1.0 18.0 1.0
Point 19 859.0 696.0 1.0 19.0 1.0
Point 20 864.0 697.0 1.0 20.0 1.0
Point 21 862.0 701.0 1.0 21.0 1.0
Point 22 866.0 699.0 1.0 22.0 1.0
Point 23 873.0 690.0 1.0 23.0 1.0
Point 24 869.0 696.0 1.0 24.0 1.0
Point 25 869.0 697.0 1.0 25.0 1.0
Point 26 869.0 695.0 1.0 26.0 1.0
Point 27 871.0 693.0 1.0 27.0 1.0
Point 28 872.0 695.0 1.0 28.0 1.0
Point 29 875.0 694.0 1.0 29.0 1.0
Point 30 873.0 692.0 1.0 30.0 1.0
Point 31 876.0 683.0 1.0 31.0 1.0
Point 32 872.0 682.0 1.0 32.0 1.0
Point 33 873.0 691.0 1.0 33.0 1.0
Point 34 873.0 690.0 1.0 34.0 1.0
Point 35 872.0 685.0 1.0 35.0 1.0
Point 36 879.0 680.0 1.0 36.0 1.0
Point 37 877.0 678.0 1.0 37.0 1.0
Point 38 877.0 682.0 1.0 38.0 1.0
Point 39 878.0 680.0 1.0 39.0 1.0
Point 40 881.0 683.0 1.0 40.0 1.0
Point 41 875.0 682.0 1.0 41.0 1.0
Point 42 872.0 682.0 1.0 42.0 1.0
Point 43 876.0 667.0 1.0 43.0 1.0
Point 44 874.0 669.0 1.0 44.0 1.0
Point 45 869.0 669.0 1.0 45.0 1.0
Point 46 874.0 664.0 1.0 46.0 1.0
Point 47 878.0 656.0 1.0 47.0 1.0
Point 48 865.0 666.0 1.0 48.0 1.0
Point 49 869.0 662.0 1.0 49.0 1.0
Point 50 867.0 664.0 1.0 50.0 1.0
Point 51 861.0 667.0 1.0 51.0 1.0
Point 52 851.0 672.0 1.0 52.0 1.0
Point 53 861.0 664.0 1.0 53.0 1.0
Point 54 855.0 666.0 1.0 54.0 1.0
Point 55 857.0 666.0 1.0 55.0 1.0
Point 56 850.0 668.0 1.0 56.0 1.0
Point 57 851.0 669.0 1.0 57.0 1.0
Point 58 871.0 669.0 1.0 58.0 1.0
Point 59 878.0 659.0 1.0 59.0 1.0
Point 60 873.0 666.0 1.0 60.0 1.0
Point 61 867.0 669.0 1.0 61.0 1.0
Point 62 877.0 658.0 1.0 62.0 1.0
Point 63 886.0 649.0 1.0 63.0 1.0
Point 64 870.0 657.0 1.0 64.0 1.0
Point 65 837.0 666.0 1.0 65.0 1.0
Point 66 826.0 671.0 1.0 66.0 1.0
Point 67 810.0 682.0 1.0 67.0 1.0
Point 68 813.0 681.0 1.0 68.0 1.0
Point 69 852.0 657.0 1.0 69.0 1.0
Point 70 857.0 660.0 1.0 70.0 1.0
Point 71 845.0 669.0 1.0 71.0 1.0
Point 72 796.0 686.0 1.0 72.0 1.0
Point 73 774.0 693.0 1.0 73.0 1.0
Point 74 756.0 704.0 1.0 74.0 1.0
Point 75 744.0 718.0 1.0 75.0 1.0
Point 76 773.0 696.0 1.0 76.0 1.0
Point 77 811.0 682.0 1.0 77.0 1.0
Point 78 831.0 673.0 1.0 78.0 1.0
Point 79 832.0 674.0 1.0 79.0 1.0
Point 80 803.0 685.0 1.0 80.0 1.0
Point 81 755.0 708.0 1.0 81.0 1.0
Point 82 782.0 694.0 1.0 82.0 1.0
Point 83 792.0 688.0 1.0 83.0 1.0
Point 84 793.0 690.0 1.0 84.0 1.0
Point 85 793.0 693.0 1.0 85.0 1.0
Point 86 802.0 692.0 1.0 86.0 1.0
Point 87 813.0 684.0 1.0 87.0 1.0
Point 88 823.0 679.0 1.0 88.0 1.0
Point 89 818.0 680.0 1.0 89.0 1.0
Point 90 813.0 681.0 1.0 90.0 1.0
Point 91 796.0 687.0 1.0 91.0 1.0
Point 92 809.0 685.0 1.0 92.0 1.0
Point 93 811.0 683.0 1.0 93.0 1.0
Point 94 817.0 679.0 1.0 94.0 1.0
Point 95 819.0 676.0 1.0 95.0 1.0
Point 96 813.0 681.0 1.0 96.0 1.0
Point 97 810.0 681.0 1.0 97.0 1.0
Point 98 819.0 676.0 1.0 98.0 1.0
Point 99 812.0 681.0 1.0 99.0 1.0
Point 100 804.0 681.0 1.0 100.0 1.0
Point 101 814.0 679.0 1.0 101.0 1.0
Point 102 814.0 679.0 1.0 102.0 1.0
Point 103 818.0 677.0 1.0 103.0 1.0
Point 104 820.0 679.0 1.0 104.0 1.0
Point 105 820.0 678.0 1.0 105.0 1.0
Point 106 826.0 675.0 1.0 106.0 1.0
Point 107 828.0 673.0 1.0 107.0 1.0
Point 108 829.0 672.0 1.0 108.0 1.0
Point 109 837.0 669.0 1.0 109.0 1.0
Point 110 830.0 676.0 1.0 110.0 1.0
Point 111 824.0 683.0 1.0 111.0 1.0
Point 112 826.0 682.0 1.0 113.0 1.0
Point 113 825.0 680.0 1.0 114.0 1.0
Point 114 830.0 675.0 1.0 115.0 1.0
Point 115 832.0 676.0 1.0 116.0 1.0
Point 116 823.0 683.0 1.0 117.0 1.0
Point 117 818.0 688.0 1.0 118.0 1.0
Point 118 820.0 688.0 1.0 119.0 1.0
Point 119 827.0 687.0 1.0 120.0 1.0
Point 120 830.0 682.0 1.0 121.0 1.0
Point 121 827.0 691.0 1.0 122.0 1.0
Point 122 832.0 684.0 1.0 123.0 1.0
Point 123 830.0 689.0 1.0 124.0 1.0
Point 124 832.0 681.0 1.0 125.0 1.0
Point 125 835.0 677.0 1.0 126.0 1.0
Point 126 836.0 674.0 1.0 127.0 1.0
Point 127 828.0 690.0 1.0 128.0 1.0
Point 128 830.0 689.0 1.0 129.0 1.0
Point 129 838.0 677.0 1.0 130.0 1.0
Point 130 831.0 683.0 1.0 131.0 1.0
Point 131 827.0 688.0 1.0 132.0 1.0
Point 132 832.0 680.0 1.0 133.0 1.0
Point 133 835.0 683.0 1.0 134.0 1.0
Point 134 836.0 679.0 1.0 135.0 1.0
Point 135 838.0 676.0 1.0 136.0 1.0
Point 136 834.0 679.0 1.0 137.0 1.0
Point 137 833.0 680.0 1.0 138.0 1.0
Point 138 833.0 680.0 1.0 139.0 1.0
Point 139 834.0 682.0 1.0 140.0 1.0
Point 140 834.0 682.0 1.0 141.0 1.0
Point 141 838.0 678.0 1.0 142.0 1.0
Point 142 835.0 680.0 1.0 143.0 1.0
Point 143 838.0 680.0 1.0 144.0 1.0
Point 144 838.0 677.0 1.0 145.0 1.0
Point 145 837.0 679.0 1.0 146.0 1.0
Point 146 836.0 679.0 1.0 147.0 1.0
Point 147 834.0 679.0 1.0 148.0 1.0
Point 148 835.0 680.0 1.0 149.0 1.0
Point 149 836.0 680.0 1.0 150.0 1.0
Point 150 834.0 681.0 1.0 151.0 1.0
Point 151 836.0 687.0 1.0 152.0 1.0
Point 152 834.0 686.0 1.0 153.0 1.0
Point 153 837.0 685.0 1.0 154.0 1.0
Point 154 839.0 685.0 1.0 155.0 1.0
Point 155 838.0 679.0 1.0 156.0 1.0
Point 156 836.0 676.0 1.0 157.0 1.0
Point 157 840.0 676.0 1.0 158.0 1.0
Point 158 839.0 675.0 1.0 159.0 1.0
Point 159 843.0 669.0 1.0 160.0 1.0
Point 160 839.0 664.0 1.0 161.0 1.0
Point 161 850.0 667.0 1.0 162.0 1.0
Point 162 850.0 664.0 1.0 163.0 1.0
Point 163 834.0 667.0 1.0 164.0 1.0
Point 164 835.0 664.0 1.0 165.0 1.0
Point 165 841.0 667.0 1.0 166.0 1.0
Point 166 849.0 665.0 1.0 167.0 1.0
Point 167 840.0 663.0 1.0 168.0 1.0
Point 168 829.0 660.0 1.0 169.0 1.0
Point 169 817.0 655.0 1.0 170.0 1.0
Point 170 778.0 648.0 1.0 171.0 1.0
Point 171 769.0 649.0 1.0 172.0 1.0
Point 172 782.0 652.0 1.0 173.0 1.0
Point 173 804.0 659.0 1.0 174.0 1.0
Point 174 795.0 659.0 1.0 175.0 1.0
Point 175 807.0 659.0 1.0 176.0 1.0
Point 176 812.0 656.0 1.0 177.0 1.0
Point 177 821.0 659.0 1.0 178.0 1.0
Point 178 826.0 660.0 1.0 179.0 1.0
Point 179 821.0 657.0 1.0 180.0 1.0
Point 180 825.0 657.0 1.0 181.0 1.0
Point 181 833.0 661.0 1.0 182.0 1.0
Point 182 831.0 655.0 1.0 183.0 1.0
Point 183 820.0 652.0 1.0 184.0 1.0
Point 184 809.0 652.0 1.0 185.0 1.0
Point 185 821.0 653.0 1.0 186.0 1.0
Point 186 816.0 653.0 1.0 187.0 1.0
Point 187 815.0 651.0 1.0 188.0 1.0
Point 188 820.0 652.0 1.0 189.0 1.0
Point 189 825.0 651.0 1.0 190.0 1.0
Point 190 833.0 651.0 1.0 191.0 1.0
Point 191 838.0 652.0 1.0 192.0 1.0
Point 192 829.0 659.0 1.0 193.0 1.0
Point 193 831.0 659.0 1.0 194.0 1.0
Point 194 824.0 659.0 1.0 195.0 1.0
Point 195 813.0 655.0 1.0 196.0 1.0
Point 196 819.0 657.0 1.0 197.0 1.0
Point 197 825.0 661.0 1.0 198.0 1.0
Point 198 826.0 667.0 1.0 199.0 1.0
Point 199 820.0 656.0 1.0 200.0 1.0
Point 200 821.0 660.0 1.0 201.0 1.0
Point 201 825.0 663.0 1.0 202.0 1.0
Point 202 822.0 659.0 1.0 203.0 1.0
Point 203 818.0 661.0 1.0 204.0 1.0
Point 204 825.0 658.0 1.0 205.0 1.0
Point 205 821.0 663.0 1.0 206.0 1.0
Point 206 822.0 658.0 1.0 207.0 1.0
Point 207 828.0 654.0 1.0 208.0 1.0
Point 208 829.0 657.0 1.0 209.0 1.0
Point 209 833.0 655.0 1.0 210.0 1.0
Point 210 829.0 657.0 1.0 211.0 1.0
Point 211 828.0 657.0 1.0 212.0 1.0
Point 212 835.0 654.0 1.0 213.0 1.0
Point 213 832.0 653.0 1.0 214.0 1.0
Point 214 833.0 653.0 1.0 215.0 1.0
Point 215 836.0 651.0 1.0 216.0 1.0
Point 216 836.0 652.0 1.0 217.0 1.0
Point 217 830.0 654.0 1.0 218.0 1.0
Point 218 819.0 653.0 1.0 219.0 1.0
Point 219 828.0 652.0 1.0 220.0 1.0
Point 220 820.0 656.0 1.0 221.0 1.0
Point 221 828.0 652.0 1.0 222.0 1.0
Point 222 828.0 653.0 1.0 223.0 1.0
Point 223 833.0 654.0 1.0 224.0 1.0
Point 224 828.0 658.0 1.0 225.0 1.0
Point 225 817.0 659.0 1.0 226.0 1.0
Point 226 817.0 661.0 1.0 227.0 1.0
Point 227 827.0 657.0 1.0 228.0 1.0
Point 228 824.0 657.0 1.0 229.0 1.0
Point 229 829.0 656.0 1.0 230.0 1.0
Point 230 833.0 657.0 1.0 231.0 1.0
Point 231 831.0 659.0 1.0 232.0 1.0
Point 232 817.0 662.0 1.0 233.0 1.0
Point 233 809.0 666.0 1.0 234.0 1.0
Point 234 793.0 672.0 1.0 235.0 1.0
Point 235 800.0 670.0 1.0 236.0 1.0
Point 236 795.0 673.0 1.0 237.0 1.0
Point 237 780.0 683.0 1.0 238.0 1.0
Point 238 792.0 674.0 1.0 239.0 1.0
Point 239 799.0 674.0 1.0 240.0 1.0
End of MTrackJ Data File
