MTrackJ 1.5.1 Data File
Displaying false true true 1 2 0 0 100 20 0 0 0 0 1 8 0 false false true false
Assembly 1 FF0000
Cluster 1 FF0000
Track 1 FF0000 true
Point 1 293.0 280.0 1.0 1.0 2.0
Point 2 282.0 275.0 1.0 2.0 2.0
Point 3 292.0 289.0 1.0 3.0 2.0
Point 4 284.0 294.0 1.0 4.0 2.0
Point 5 263.0 276.0 1.0 5.0 2.0
Point 6 236.0 279.0 1.0 6.0 2.0
Point 7 259.0 285.0 1.0 7.0 2.0
Point 8 233.0 270.0 1.0 8.0 2.0
Point 9 220.0 269.0 1.0 9.0 2.0
Point 10 206.0 256.0 1.0 10.0 2.0
Point 11 225.0 280.0 1.0 11.0 2.0
Point 12 232.0 278.0 1.0 12.0 2.0
Point 13 212.0 292.0 1.0 13.0 2.0
Point 14 203.0 300.0 1.0 14.0 2.0
Point 15 206.0 313.0 1.0 15.0 2.0
Point 16 184.0 304.0 1.0 16.0 2.0
Point 17 184.0 316.0 1.0 17.0 2.0
Point 18 200.0 313.0 1.0 18.0 2.0
Point 19 188.0 306.0 1.0 19.0 2.0
Point 20 196.0 305.0 1.0 20.0 2.0
Point 21 196.0 302.0 1.0 21.0 2.0
Point 22 197.0 294.0 1.0 22.0 2.0
Point 23 207.0 294.0 1.0 23.0 2.0
Point 24 192.0 294.0 1.0 24.0 2.0
Point 25 192.0 290.0 1.0 25.0 2.0
Point 26 218.0 292.0 1.0 26.0 2.0
Point 27 224.0 292.0 1.0 27.0 2.0
Point 28 192.0 275.0 1.0 28.0 2.0
Point 29 213.0 280.0 1.0 29.0 2.0
Point 30 190.0 281.0 1.0 30.0 2.0
Point 31 211.0 277.0 1.0 31.0 2.0
Point 32 201.0 281.0 1.0 32.0 2.0
Point 33 188.0 267.0 1.0 33.0 2.0
Point 34 194.0 277.0 1.0 34.0 2.0
Point 35 208.0 285.0 1.0 35.0 2.0
Point 36 210.0 276.0 1.0 36.0 2.0
Point 37 213.0 290.0 1.0 37.0 2.0
Point 38 205.0 298.0 1.0 38.0 2.0
Point 39 222.0 294.0 1.0 39.0 2.0
Point 40 230.0 294.0 1.0 40.0 2.0
Point 41 243.0 290.0 1.0 41.0 2.0
Point 42 269.0 274.0 1.0 42.0 2.0
Point 43 319.0 330.0 1.0 43.0 2.0
Point 44 351.0 343.0 1.0 44.0 2.0
Point 45 294.0 299.0 1.0 45.0 2.0
Point 46 317.0 304.0 1.0 46.0 2.0
Point 47 314.0 303.0 1.0 47.0 2.0
Point 48 335.0 315.0 1.0 48.0 2.0
Point 49 343.0 315.0 1.0 49.0 2.0
Point 50 314.0 288.0 1.0 50.0 2.0
Point 51 352.0 323.0 1.0 51.0 2.0
Point 52 374.0 335.0 1.0 52.0 2.0
Point 53 316.0 287.0 1.0 53.0 2.0
Point 54 319.0 290.0 1.0 54.0 2.0
Point 55 311.0 281.0 1.0 55.0 2.0
Point 56 309.0 279.0 1.0 56.0 2.0
Point 57 299.0 264.0 1.0 57.0 2.0
Point 58 299.0 266.0 1.0 58.0 2.0
Point 59 317.0 289.0 1.0 59.0 2.0
Point 60 299.0 252.0 1.0 60.0 2.0
Point 61 335.0 297.0 1.0 61.0 2.0
Point 62 334.0 302.0 1.0 62.0 2.0
Point 63 326.0 296.0 1.0 63.0 2.0
Point 64 338.0 303.0 1.0 64.0 2.0
Point 65 339.0 301.0 1.0 65.0 2.0
Point 66 314.0 291.0 1.0 66.0 2.0
Point 67 314.0 292.0 1.0 67.0 2.0
Point 68 302.0 285.0 1.0 68.0 2.0
Point 69 316.0 288.0 1.0 69.0 2.0
Point 70 287.0 280.0 1.0 70.0 2.0
Point 71 291.0 288.0 1.0 71.0 2.0
Point 72 288.0 291.0 1.0 72.0 2.0
Point 73 284.0 297.0 1.0 73.0 2.0
Point 74 275.0 299.0 1.0 74.0 2.0
Point 75 273.0 295.0 1.0 75.0 2.0
Point 76 276.0 294.0 1.0 76.0 2.0
Point 77 274.0 300.0 1.0 77.0 2.0
Point 78 281.0 318.0 1.0 78.0 2.0
Point 79 270.0 263.0 1.0 79.0 2.0
Point 80 315.0 286.0 1.0 80.0 2.0
Point 81 296.0 282.0 1.0 81.0 2.0
Point 82 300.0 280.0 1.0 82.0 2.0
Point 83 327.0 288.0 1.0 83.0 2.0
Point 84 314.0 275.0 1.0 84.0 2.0
Point 85 307.0 281.0 1.0 85.0 2.0
Point 86 286.0 295.0 1.0 86.0 2.0
Point 87 301.0 298.0 1.0 87.0 2.0
Point 88 304.0 297.0 1.0 88.0 2.0
Point 89 295.0 293.0 1.0 89.0 2.0
Point 90 296.0 294.0 1.0 90.0 2.0
Point 91 300.0 300.0 1.0 91.0 2.0
Point 92 296.0 301.0 1.0 92.0 2.0
Point 93 294.0 303.0 1.0 93.0 2.0
Point 94 302.0 306.0 1.0 94.0 2.0
Point 95 295.0 306.0 1.0 95.0 2.0
Point 96 291.0 304.0 1.0 96.0 2.0
Point 97 294.0 304.0 1.0 97.0 2.0
Point 98 288.0 310.0 1.0 98.0 2.0
Point 99 288.0 305.0 1.0 99.0 2.0
Point 100 301.0 287.0 1.0 100.0 2.0
Point 101 305.0 287.0 1.0 101.0 2.0
Point 102 284.0 279.0 1.0 102.0 2.0
Point 103 268.0 250.0 1.0 103.0 2.0
Point 118 304.0 285.0 1.0 104.0 2.0
Point 119 303.0 282.0 1.0 105.0 2.0
Point 120 292.0 287.0 1.0 106.0 2.0
Point 104 286.0 275.0 1.0 107.0 2.0
Point 105 296.0 283.0 1.0 108.0 2.0
Point 106 297.0 283.0 1.0 109.0 2.0
Point 107 308.0 292.0 1.0 110.0 2.0
Point 108 294.0 287.0 1.0 111.0 2.0
Point 109 282.0 287.0 1.0 112.0 2.0
Point 110 304.0 293.0 1.0 113.0 2.0
Point 111 309.0 290.0 1.0 114.0 2.0
Point 112 292.0 293.0 1.0 115.0 2.0
Point 113 309.0 293.0 1.0 116.0 2.0
Point 114 312.0 292.0 1.0 117.0 2.0
Point 115 307.0 284.0 1.0 118.0 2.0
Point 116 325.0 288.0 1.0 119.0 2.0
Point 117 317.0 289.0 1.0 120.0 2.0
End of MTrackJ Data File
