MTrackJ 1.5.1 Data File
Displaying false true true 1 2 0 0 100 90 0 0 0 0 1 8 0 false false true false
Assembly 1 FF0000
Cluster 1 FF0000
Track 1 FF0000 true
Point 1 303.0 297.0 1.0 1.0 1.0
Point 2 299.0 299.0 1.0 2.0 1.0
Point 3 294.0 300.0 1.0 3.0 1.0
Point 4 293.0 302.0 1.0 4.0 1.0
Point 5 289.0 303.0 1.0 5.0 1.0
Point 6 275.0 301.0 1.0 6.0 1.0
Point 7 274.0 297.0 1.0 7.0 1.0
Point 8 267.0 295.0 1.0 8.0 1.0
Point 9 268.0 296.0 1.0 9.0 1.0
Point 10 267.0 294.0 1.0 10.0 1.0
Point 11 270.0 297.0 1.0 11.0 1.0
Point 12 274.0 301.0 1.0 12.0 1.0
Point 13 269.0 298.0 1.0 13.0 1.0
Point 14 268.0 297.0 1.0 14.0 1.0
Point 15 268.0 298.0 1.0 15.0 1.0
Point 16 262.0 299.0 1.0 16.0 1.0
Point 17 254.0 298.0 1.0 17.0 1.0
Point 18 248.0 301.0 1.0 18.0 1.0
Point 19 241.0 301.0 1.0 19.0 1.0
Point 20 256.0 307.0 1.0 20.0 1.0
Point 21 264.0 306.0 1.0 21.0 1.0
Point 22 259.0 300.0 1.0 22.0 1.0
Point 23 264.0 302.0 1.0 23.0 1.0
Point 24 265.0 302.0 1.0 24.0 1.0
Point 25 270.0 303.0 1.0 25.0 1.0
Point 26 272.0 306.0 1.0 26.0 1.0
Point 27 277.0 308.0 1.0 27.0 1.0
Point 28 277.0 306.0 1.0 28.0 1.0
Point 29 282.0 302.0 1.0 29.0 1.0
Point 30 288.0 301.0 1.0 30.0 1.0
Point 31 290.0 305.0 1.0 31.0 1.0
Point 32 288.0 299.0 1.0 32.0 1.0
Point 33 289.0 300.0 1.0 33.0 1.0
Point 34 290.0 300.0 1.0 34.0 1.0
Point 35 275.0 294.0 1.0 35.0 1.0
Point 36 258.0 289.0 1.0 36.0 1.0
Point 37 250.0 288.0 1.0 37.0 1.0
Point 38 247.0 289.0 1.0 38.0 1.0
Point 39 248.0 291.0 1.0 39.0 1.0
Point 40 255.0 293.0 1.0 40.0 1.0
Point 41 250.0 295.0 1.0 41.0 1.0
Point 42 258.0 295.0 1.0 42.0 1.0
Point 43 261.0 293.0 1.0 43.0 1.0
Point 44 269.0 299.0 1.0 44.0 1.0
Point 45 268.0 299.0 1.0 45.0 1.0
Point 46 276.0 298.0 1.0 46.0 1.0
Point 47 282.0 303.0 1.0 47.0 1.0
Point 48 300.0 302.0 1.0 48.0 1.0
Point 49 303.0 304.0 1.0 49.0 1.0
Point 50 299.0 303.0 1.0 50.0 1.0
Point 51 296.0 303.0 1.0 51.0 1.0
Point 52 301.0 305.0 1.0 52.0 1.0
Point 53 301.0 309.0 1.0 53.0 1.0
Point 54 306.0 315.0 1.0 54.0 1.0
Point 55 308.0 317.0 1.0 55.0 1.0
Point 56 306.0 315.0 1.0 56.0 1.0
Point 57 306.0 311.0 1.0 57.0 1.0
Point 58 306.0 311.0 1.0 58.0 1.0
Point 59 307.0 306.0 1.0 59.0 1.0
Point 60 305.0 304.0 1.0 60.0 1.0
Point 61 303.0 308.0 1.0 61.0 1.0
Point 62 304.0 308.0 1.0 62.0 1.0
Point 63 302.0 309.0 1.0 63.0 1.0
Point 64 306.0 310.0 1.0 64.0 1.0
Point 65 302.0 310.0 1.0 65.0 1.0
Point 66 300.0 310.0 1.0 66.0 1.0
Point 67 302.0 310.0 1.0 67.0 1.0
Point 68 300.0 309.0 1.0 68.0 1.0
Point 69 300.0 305.0 1.0 69.0 1.0
Point 70 301.0 301.0 1.0 70.0 1.0
Point 71 307.0 306.0 1.0 71.0 1.0
Point 72 307.0 305.0 1.0 72.0 1.0
Point 73 303.0 308.0 1.0 73.0 1.0
Point 74 303.0 310.0 1.0 74.0 1.0
Point 75 302.0 310.0 1.0 75.0 1.0
Point 76 299.0 310.0 1.0 76.0 1.0
Point 77 302.0 312.0 1.0 77.0 1.0
Point 78 301.0 312.0 1.0 78.0 1.0
Point 79 294.0 314.0 1.0 79.0 1.0
Point 80 298.0 316.0 1.0 80.0 1.0
Point 81 298.0 317.0 1.0 81.0 1.0
Point 82 302.0 316.0 1.0 82.0 1.0
Point 83 304.0 310.0 1.0 83.0 1.0
Point 84 303.0 307.0 1.0 84.0 1.0
Point 85 302.0 308.0 1.0 85.0 1.0
Point 86 304.0 309.0 1.0 86.0 1.0
Point 87 304.0 311.0 1.0 87.0 1.0
Point 88 301.0 311.0 1.0 88.0 1.0
Point 89 299.0 310.0 1.0 89.0 1.0
Point 90 301.0 310.0 1.0 90.0 1.0
Point 91 299.0 311.0 1.0 91.0 1.0
Point 92 299.0 314.0 1.0 92.0 1.0
Point 93 299.0 319.0 1.0 93.0 1.0
Point 94 299.0 318.0 1.0 94.0 1.0
Point 95 297.0 314.0 1.0 95.0 1.0
Point 96 297.0 314.0 1.0 96.0 1.0
Point 97 296.0 313.0 1.0 97.0 1.0
Point 98 295.0 313.0 1.0 98.0 1.0
Point 99 296.0 311.0 1.0 99.0 1.0
Point 100 297.0 314.0 1.0 100.0 1.0
Point 101 296.0 315.0 1.0 101.0 1.0
Point 102 295.0 314.0 1.0 102.0 1.0
Point 103 291.0 314.0 1.0 103.0 1.0
Point 104 292.0 317.0 1.0 104.0 1.0
Point 105 295.0 318.0 1.0 105.0 1.0
Point 106 293.0 317.0 1.0 106.0 1.0
Point 107 293.0 320.0 1.0 107.0 1.0
Point 108 294.0 317.0 1.0 108.0 1.0
Point 109 291.0 314.0 1.0 109.0 1.0
Point 110 287.0 315.0 1.0 110.0 1.0
Point 111 291.0 315.0 1.0 111.0 1.0
Point 112 293.0 315.0 1.0 112.0 1.0
Point 113 294.0 317.0 1.0 113.0 1.0
Point 114 292.0 314.0 1.0 114.0 1.0
Point 115 292.0 312.0 1.0 115.0 1.0
Point 116 295.0 310.0 1.0 116.0 1.0
Point 117 297.0 308.0 1.0 117.0 1.0
Point 118 297.0 311.0 1.0 118.0 1.0
Point 119 294.0 309.0 1.0 119.0 1.0
Point 120 299.0 309.0 1.0 120.0 1.0
End of MTrackJ Data File
