MTrackJ 1.5.1 Data File
Displaying true true true 2 2 0 0 100 10 0 0 0 2 1 12 0 true false false false
Assembly 1 FF0000
Cluster 1 FF0000
Track 1 FF0000 true
Point 1 675.1666666666667 255.5 1.0 1.0 2.0
Point 2 675.8333333333333 257.5 1.0 2.0 2.0
Point 3 683.1666666666667 251.5 1.0 3.0 2.0
Point 4 690.5 243.5 1.0 4.0 2.0
Point 5 689.1666666666667 238.16666666666666 1.0 5.0 2.0
Point 6 689.1666666666667 238.16666666666666 1.0 6.0 2.0
Point 7 695.8333333333333 231.5 1.0 7.0 2.0
Point 8 694.5 230.83333333333334 1.0 8.0 2.0
Point 9 709.1666666666667 222.16666666666666 1.0 9.0 2.0
Point 10 715.1666666666667 212.83333333333334 1.0 10.0 2.0
Point 11 709.8333333333333 215.5 1.0 11.0 2.0
Point 12 715.1666666666667 209.5 1.0 12.0 2.0
Point 13 722.5 201.5 1.0 13.0 2.0
Point 14 717.1666666666667 208.83333333333334 1.0 14.0 2.0
Point 15 719.8333333333333 201.5 1.0 15.0 2.0
Point 16 721.1666666666667 203.5 1.0 16.0 2.0
Point 17 718.5 200.83333333333334 1.0 17.0 2.0
Point 18 715.1666666666667 203.5 1.0 18.0 2.0
Point 19 715.8333333333333 198.16666666666666 1.0 19.0 2.0
Point 20 723.1666666666667 196.83333333333334 1.0 20.0 2.0
Point 21 725.8333333333333 194.83333333333334 1.0 21.0 2.0
Point 22 721.8333333333333 191.5 1.0 22.0 2.0
Point 23 715.8333333333333 191.5 1.0 23.0 2.0
Point 24 710.5 192.16666666666666 1.0 24.0 2.0
Point 25 723.1666666666667 188.83333333333334 1.0 25.0 2.0
Point 26 723.8333333333333 184.16666666666666 1.0 26.0 2.0
Point 27 723.8333333333333 184.16666666666666 1.0 27.0 2.0
Point 28 729.8333333333333 176.83333333333334 1.0 28.0 2.0
Point 29 729.1666666666667 174.16666666666666 1.0 29.0 2.0
Point 30 724.5 178.83333333333334 1.0 30.0 2.0
Point 31 710.5 181.5 1.0 31.0 2.0
Point 32 727.1666666666667 174.16666666666666 1.0 32.0 2.0
Point 33 729.8333333333333 166.16666666666666 1.0 33.0 2.0
Point 34 721.1666666666667 171.5 1.0 34.0 2.0
Point 35 727.8333333333333 162.83333333333334 1.0 35.0 2.0
Point 36 730.5 153.5 1.0 36.0 2.0
Point 37 730.5 140.83333333333334 1.0 37.0 2.0
Point 38 728.5 146.83333333333334 1.0 38.0 2.0
Point 39 727.1666666666667 138.16666666666666 1.0 39.0 2.0
Point 40 727.1666666666667 143.5 1.0 40.0 2.0
Point 41 727.8333333333333 138.83333333333334 1.0 41.0 2.0
Point 42 723.8333333333333 146.16666666666666 1.0 42.0 2.0
Point 43 725.8333333333333 149.5 1.0 43.0 2.0
Point 44 726.5 140.16666666666666 1.0 44.0 2.0
Point 45 723.1666666666667 151.5 1.0 45.0 2.0
Point 46 722.5 153.5 1.0 46.0 2.0
Point 47 725.1666666666667 146.16666666666666 1.0 47.0 2.0
Point 48 724.5 141.5 1.0 48.0 2.0
Point 49 722.5 146.83333333333334 1.0 49.0 2.0
Point 50 720.5 152.83333333333334 1.0 50.0 2.0
Point 51 722.5 148.16666666666666 1.0 51.0 2.0
Point 52 722.5 145.5 1.0 52.0 2.0
Point 53 725.8333333333333 132.83333333333334 1.0 53.0 2.0
Point 54 727.1666666666667 127.5 1.0 54.0 2.0
Point 55 722.5 136.83333333333334 1.0 55.0 2.0
Point 56 716.5 138.83333333333334 1.0 56.0 2.0
Point 57 726.5 136.83333333333334 1.0 57.0 2.0
Point 58 721.1666666666667 132.16666666666666 1.0 58.0 2.0
Point 59 721.8333333333333 138.16666666666666 1.0 59.0 2.0
Point 60 728.5 129.5 1.0 60.0 2.0
Point 61 721.8333333333333 133.5 1.0 61.0 2.0
Point 62 720.5 138.16666666666666 1.0 62.0 2.0
Point 63 719.8333333333333 136.83333333333334 1.0 63.0 2.0
Point 64 722.5 126.16666666666667 1.0 64.0 2.0
Point 65 721.1666666666667 128.16666666666666 1.0 65.0 2.0
Point 66 720.5 128.16666666666666 1.0 66.0 2.0
Point 67 719.1666666666667 128.16666666666666 1.0 67.0 2.0
Point 68 720.5 125.5 1.0 68.0 2.0
Point 69 719.1666666666667 121.5 1.0 69.0 2.0
Point 70 717.1666666666667 125.5 1.0 70.0 2.0
Point 71 715.8333333333333 124.83333333333333 1.0 71.0 2.0
Point 72 713.8333333333333 118.83333333333333 1.0 72.0 2.0
Point 73 711.1666666666667 118.83333333333333 1.0 73.0 2.0
Point 74 710.5 117.5 1.0 74.0 2.0
Point 75 697.1666666666667 109.5 1.0 75.0 2.0
Point 76 697.1666666666667 109.5 1.0 76.0 2.0
Point 77 679.8333333333333 108.16666666666667 1.0 77.0 2.0
Point 78 701.1666666666667 120.16666666666667 1.0 78.0 2.0
Point 79 707.1666666666667 108.83333333333333 1.0 79.0 2.0
Point 80 696.5 108.16666666666667 1.0 80.0 2.0
Point 81 703.8333333333333 112.16666666666667 1.0 81.0 2.0
Point 82 700.5 112.83333333333333 1.0 82.0 2.0
Point 83 709.8333333333333 110.83333333333333 1.0 83.0 2.0
Point 84 715.8333333333333 108.83333333333333 1.0 84.0 2.0
Point 85 710.5 104.16666666666667 1.0 85.0 2.0
Point 86 707.8333333333333 105.5 1.0 86.0 2.0
Point 87 710.5 102.16666666666667 1.0 87.0 2.0
Point 88 713.1666666666667 102.16666666666667 1.0 88.0 2.0
Point 89 716.5 100.16666666666667 1.0 89.0 2.0
Point 90 721.8333333333333 100.16666666666667 1.0 90.0 2.0
Point 91 731.1666666666667 108.83333333333333 1.0 91.0 2.0
Point 92 733.1666666666667 107.5 1.0 92.0 2.0
Point 93 736.5 107.5 1.0 93.0 2.0
Point 94 735.1666666666667 108.16666666666667 1.0 94.0 2.0
Point 95 733.1666666666667 107.5 1.0 95.0 2.0
Point 96 726.5 105.5 1.0 96.0 2.0
Point 97 725.1666666666667 104.16666666666667 1.0 97.0 2.0
Point 98 721.1666666666667 105.5 1.0 98.0 2.0
Point 99 707.1666666666667 102.16666666666667 1.0 99.0 2.0
Point 100 705.8333333333333 94.16666666666667 1.0 100.0 2.0
Point 101 708.5 104.16666666666667 1.0 101.0 2.0
Point 102 713.1666666666667 104.83333333333333 1.0 102.0 2.0
Point 103 713.8333333333333 100.83333333333333 1.0 103.0 2.0
Point 104 719.8333333333333 94.83333333333333 1.0 104.0 2.0
Point 105 726.5 97.5 1.0 105.0 2.0
Point 106 727.1666666666667 91.5 1.0 106.0 2.0
Point 107 734.5 90.16666666666667 1.0 107.0 2.0
Point 108 735.1666666666667 90.83333333333333 1.0 108.0 2.0
Point 109 729.8333333333333 94.16666666666667 1.0 109.0 2.0
Point 110 737.1666666666667 90.83333333333333 1.0 110.0 2.0
Point 111 732.5 91.5 1.0 111.0 2.0
Point 112 731.1666666666667 91.5 1.0 112.0 2.0
Point 113 731.1666666666667 89.5 1.0 113.0 2.0
Point 114 727.8333333333333 93.5 1.0 114.0 2.0
Point 115 727.1666666666667 94.16666666666667 1.0 115.0 2.0
Point 116 729.1666666666667 94.83333333333333 1.0 116.0 2.0
Point 117 734.5 87.5 1.0 117.0 2.0
Point 118 733.1666666666667 88.83333333333333 1.0 118.0 2.0
Point 119 732.5 84.16666666666667 1.0 119.0 2.0
Point 120 735.1666666666667 81.5 1.0 120.0 2.0
Point 121 733.1666666666667 83.5 1.0 121.0 2.0
Point 122 725.8333333333333 78.83333333333333 1.0 122.0 2.0
Point 123 728.5 86.16666666666667 1.0 123.0 2.0
Point 124 729.1666666666667 89.5 1.0 124.0 2.0
Point 125 715.1666666666667 97.5 1.0 125.0 2.0
Point 126 713.1666666666667 99.5 1.0 126.0 2.0
Point 127 709.1666666666667 101.5 1.0 127.0 2.0
Point 128 705.8333333333333 100.83333333333333 1.0 128.0 2.0
Point 129 709.8333333333333 101.5 1.0 129.0 2.0
Point 130 715.1666666666667 104.83333333333333 1.0 130.0 2.0
Point 131 707.1666666666667 104.83333333333333 1.0 131.0 2.0
Point 132 710.5 104.83333333333333 1.0 132.0 2.0
Point 133 709.1666666666667 105.5 1.0 133.0 2.0
Point 134 713.1666666666667 108.16666666666667 1.0 134.0 2.0
Point 135 710.5 103.5 1.0 135.0 2.0
Point 136 709.8333333333333 104.83333333333333 1.0 136.0 2.0
Point 137 712.5 103.5 1.0 137.0 2.0
Point 138 713.1666666666667 106.83333333333333 1.0 138.0 2.0
Point 139 714.5 110.16666666666667 1.0 139.0 2.0
Point 140 719.1666666666667 114.83333333333333 1.0 140.0 2.0
Point 141 710.5 110.83333333333333 1.0 141.0 2.0
Point 142 707.1666666666667 113.5 1.0 142.0 2.0
Point 143 710.5 109.5 1.0 143.0 2.0
Point 144 707.8333333333333 123.5 1.0 144.0 2.0
Point 145 701.8333333333333 132.83333333333334 1.0 145.0 2.0
Point 146 701.8333333333333 124.16666666666667 1.0 146.0 2.0
Point 147 701.1666666666667 132.16666666666666 1.0 147.0 2.0
Point 148 693.1666666666667 143.5 1.0 148.0 2.0
Point 149 701.1666666666667 129.5 1.0 149.0 2.0
Point 150 698.5 130.83333333333334 1.0 150.0 2.0
Point 151 698.5 120.83333333333333 1.0 151.0 2.0
Point 152 699.1666666666667 121.5 1.0 152.0 2.0
Point 153 701.8333333333333 116.16666666666667 1.0 153.0 2.0
Point 154 702.5 115.5 1.0 154.0 2.0
Point 155 707.1666666666667 117.5 1.0 155.0 2.0
Point 156 703.1666666666667 116.83333333333333 1.0 156.0 2.0
Point 157 704.5 114.16666666666667 1.0 157.0 2.0
Point 158 699.8333333333333 111.5 1.0 158.0 2.0
Point 159 703.8333333333333 117.5 1.0 159.0 2.0
Point 160 706.5 118.83333333333333 1.0 160.0 2.0
Point 161 707.1666666666667 117.5 1.0 161.0 2.0
Point 162 707.1666666666667 120.16666666666667 1.0 162.0 2.0
Point 163 709.8333333333333 122.16666666666667 1.0 163.0 2.0
Point 164 712.5 113.5 1.0 164.0 2.0
Point 165 709.1666666666667 112.83333333333333 1.0 165.0 2.0
Point 166 713.8333333333333 108.16666666666667 1.0 166.0 2.0
Point 167 716.5 104.83333333333333 1.0 167.0 2.0
Point 168 716.5 113.5 1.0 168.0 2.0
Point 169 717.1666666666667 108.16666666666667 1.0 169.0 2.0
Point 170 711.8333333333333 108.16666666666667 1.0 170.0 2.0
Point 171 705.8333333333333 104.16666666666667 1.0 171.0 2.0
Point 172 708.5 106.83333333333333 1.0 172.0 2.0
Point 173 707.1666666666667 108.83333333333333 1.0 173.0 2.0
Point 174 702.5 107.5 1.0 174.0 2.0
Point 175 704.5 109.5 1.0 175.0 2.0
Point 176 697.8333333333333 102.83333333333333 1.0 176.0 2.0
Point 177 700.5 108.83333333333333 1.0 177.0 2.0
Point 178 703.1666666666667 109.5 1.0 178.0 2.0
Point 179 701.8333333333333 108.83333333333333 1.0 179.0 2.0
Point 180 699.8333333333333 106.83333333333333 1.0 180.0 2.0
Point 181 696.5 108.83333333333333 1.0 181.0 2.0
Point 182 695.1666666666667 112.16666666666667 1.0 182.0 2.0
Point 183 699.1666666666667 114.16666666666667 1.0 183.0 2.0
Point 184 703.8333333333333 100.83333333333333 1.0 184.0 2.0
Point 185 693.1666666666667 93.5 1.0 185.0 2.0
Point 186 697.8333333333333 103.5 1.0 186.0 2.0
Point 187 693.1666666666667 111.5 1.0 187.0 2.0
Point 188 701.8333333333333 114.16666666666667 1.0 188.0 2.0
Point 189 711.8333333333333 112.83333333333333 1.0 189.0 2.0
Point 190 709.8333333333333 106.16666666666667 1.0 190.0 2.0
Point 191 716.5 105.5 1.0 191.0 2.0
Point 192 710.5 112.83333333333333 1.0 192.0 2.0
Point 193 712.5 112.83333333333333 1.0 193.0 2.0
Point 194 717.1666666666667 114.16666666666667 1.0 194.0 2.0
Point 195 719.8333333333333 114.83333333333333 1.0 195.0 2.0
Point 196 703.8333333333333 114.83333333333333 1.0 196.0 2.0
Point 197 708.5 111.5 1.0 197.0 2.0
Point 198 710.5 111.5 1.0 198.0 2.0
Point 199 714.5 114.83333333333333 1.0 199.0 2.0
Point 200 727.1666666666667 104.83333333333333 1.0 200.0 2.0
Point 201 731.1666666666667 108.83333333333333 1.0 201.0 2.0
Point 202 739.8333333333333 102.16666666666667 1.0 202.0 2.0
Point 203 747.1666666666667 100.83333333333333 1.0 203.0 2.0
Point 204 743.8333333333333 97.5 1.0 204.0 2.0
Point 205 749.1666666666667 100.83333333333333 1.0 205.0 2.0
End of MTrackJ Data File
