MTrackJ 1.5.1 Data File
Displaying true true true 2 2 0 0 100 10 0 0 0 2 1 12 0 true false false false
Assembly 1 FF0000
Cluster 1 FF0000
Track 1 FF0000 true
Point 1 721.1666666666667 241.5 1.0 1.0 2.0
Point 2 723.1666666666667 237.5 1.0 2.0 2.0
Point 3 727.1666666666667 228.16666666666666 1.0 3.0 2.0
Point 4 731.1666666666667 224.83333333333334 1.0 4.0 2.0
Point 5 735.8333333333333 222.16666666666666 1.0 5.0 2.0
Point 6 738.5 218.83333333333334 1.0 6.0 2.0
Point 7 739.8333333333333 213.5 1.0 7.0 2.0
Point 8 741.8333333333333 211.5 1.0 8.0 2.0
Point 9 743.1666666666667 208.83333333333334 1.0 9.0 2.0
Point 10 743.8333333333333 204.83333333333334 1.0 10.0 2.0
Point 11 743.8333333333333 204.16666666666666 1.0 11.0 2.0
Point 12 746.5 202.83333333333334 1.0 12.0 2.0
Point 13 751.8333333333333 197.5 1.0 13.0 2.0
Point 14 751.8333333333333 198.16666666666666 1.0 14.0 2.0
Point 15 751.8333333333333 195.5 1.0 15.0 2.0
Point 16 751.8333333333333 193.5 1.0 16.0 2.0
Point 17 751.1666666666667 187.5 1.0 17.0 2.0
Point 18 753.1666666666667 187.5 1.0 18.0 2.0
Point 19 754.5 184.83333333333334 1.0 19.0 2.0
Point 20 755.8333333333333 182.16666666666666 1.0 20.0 2.0
Point 21 757.8333333333333 180.16666666666666 1.0 21.0 2.0
Point 22 754.5 178.83333333333334 1.0 22.0 2.0
Point 23 756.5 176.83333333333334 1.0 23.0 2.0
Point 24 758.5 172.83333333333334 1.0 24.0 2.0
Point 25 759.8333333333333 170.83333333333334 1.0 25.0 2.0
Point 26 757.8333333333333 170.83333333333334 1.0 26.0 2.0
Point 27 758.5 169.5 1.0 27.0 2.0
Point 28 758.5 168.83333333333334 1.0 28.0 2.0
Point 29 756.5 167.5 1.0 29.0 2.0
Point 30 755.8333333333333 166.83333333333334 1.0 30.0 2.0
Point 31 751.1666666666667 168.83333333333334 1.0 31.0 2.0
Point 32 752.5 168.16666666666666 1.0 32.0 2.0
Point 33 753.1666666666667 164.83333333333334 1.0 33.0 2.0
Point 34 753.1666666666667 164.16666666666666 1.0 34.0 2.0
Point 35 752.5 162.16666666666666 1.0 35.0 2.0
Point 36 754.5 160.16666666666666 1.0 36.0 2.0
Point 37 755.8333333333333 160.16666666666666 1.0 37.0 2.0
Point 38 755.8333333333333 160.16666666666666 1.0 38.0 2.0
Point 39 756.5 161.5 1.0 39.0 2.0
Point 40 751.1666666666667 157.5 1.0 40.0 2.0
Point 41 748.5 154.83333333333334 1.0 41.0 2.0
Point 42 749.8333333333333 154.83333333333334 1.0 42.0 2.0
Point 43 750.5 153.5 1.0 43.0 2.0
Point 44 750.5 153.5 1.0 44.0 2.0
Point 45 750.5 150.16666666666666 1.0 45.0 2.0
Point 46 752.5 150.83333333333334 1.0 46.0 2.0
Point 47 753.8333333333333 148.83333333333334 1.0 47.0 2.0
Point 48 754.5 147.5 1.0 48.0 2.0
Point 49 754.5 145.5 1.0 49.0 2.0
Point 50 755.1666666666667 144.16666666666666 1.0 50.0 2.0
Point 51 751.1666666666667 144.16666666666666 1.0 51.0 2.0
Point 52 749.8333333333333 136.16666666666666 1.0 52.0 2.0
Point 53 751.8333333333333 138.16666666666666 1.0 53.0 2.0
Point 54 753.1666666666667 139.5 1.0 54.0 2.0
Point 55 753.8333333333333 136.83333333333334 1.0 55.0 2.0
Point 56 751.8333333333333 136.83333333333334 1.0 56.0 2.0
Point 57 751.8333333333333 135.5 1.0 57.0 2.0
Point 58 751.8333333333333 136.16666666666666 1.0 58.0 2.0
Point 59 751.8333333333333 134.16666666666666 1.0 59.0 2.0
Point 60 751.1666666666667 133.5 1.0 60.0 2.0
Point 61 749.1666666666667 132.16666666666666 1.0 61.0 2.0
Point 62 747.8333333333333 131.5 1.0 62.0 2.0
Point 63 746.5 131.5 1.0 63.0 2.0
Point 64 744.5 131.5 1.0 64.0 2.0
Point 65 744.5 127.5 1.0 65.0 2.0
Point 66 741.8333333333333 127.5 1.0 66.0 2.0
Point 67 741.8333333333333 127.5 1.0 67.0 2.0
Point 68 741.1666666666667 126.16666666666667 1.0 68.0 2.0
Point 69 741.1666666666667 126.16666666666667 1.0 69.0 2.0
Point 70 743.1666666666667 125.5 1.0 70.0 2.0
Point 71 741.1666666666667 125.5 1.0 71.0 2.0
Point 72 742.5 125.5 1.0 72.0 2.0
Point 73 742.5 124.16666666666667 1.0 73.0 2.0
Point 74 743.1666666666667 123.5 1.0 74.0 2.0
Point 75 743.1666666666667 122.16666666666667 1.0 75.0 2.0
Point 76 741.1666666666667 121.5 1.0 76.0 2.0
Point 77 739.8333333333333 121.5 1.0 77.0 2.0
Point 78 739.1666666666667 118.83333333333333 1.0 78.0 2.0
Point 79 739.1666666666667 118.83333333333333 1.0 79.0 2.0
Point 80 738.5 118.83333333333333 1.0 80.0 2.0
Point 81 738.5 118.83333333333333 1.0 81.0 2.0
Point 82 738.5 118.83333333333333 1.0 82.0 2.0
Point 83 737.1666666666667 118.83333333333333 1.0 83.0 2.0
Point 84 736.5 116.83333333333333 1.0 84.0 2.0
Point 85 734.5 114.16666666666667 1.0 85.0 2.0
Point 86 735.8333333333333 112.16666666666667 1.0 86.0 2.0
Point 87 735.8333333333333 109.5 1.0 87.0 2.0
Point 88 735.1666666666667 108.83333333333333 1.0 88.0 2.0
Point 89 736.5 108.16666666666667 1.0 89.0 2.0
Point 90 736.5 108.16666666666667 1.0 90.0 2.0
Point 91 736.5 108.16666666666667 1.0 91.0 2.0
Point 92 736.5 108.16666666666667 1.0 92.0 2.0
Point 93 737.1666666666667 108.16666666666667 1.0 93.0 2.0
Point 94 735.8333333333333 109.5 1.0 94.0 2.0
Point 95 736.5 109.5 1.0 95.0 2.0
Point 96 734.5 110.16666666666667 1.0 96.0 2.0
Point 97 735.1666666666667 110.16666666666667 1.0 97.0 2.0
Point 98 735.1666666666667 110.16666666666667 1.0 98.0 2.0
Point 99 733.1666666666667 110.16666666666667 1.0 99.0 2.0
Point 100 730.5 109.5 1.0 100.0 2.0
Point 101 730.5 109.5 1.0 101.0 2.0
Point 102 731.1666666666667 109.5 1.0 102.0 2.0
Point 103 733.8333333333333 110.16666666666667 1.0 103.0 2.0
Point 104 734.5 107.5 1.0 104.0 2.0
Point 105 735.1666666666667 106.16666666666667 1.0 105.0 2.0
Point 106 735.1666666666667 104.16666666666667 1.0 106.0 2.0
Point 107 735.1666666666667 103.5 1.0 107.0 2.0
Point 108 735.8333333333333 103.5 1.0 108.0 2.0
Point 109 735.8333333333333 103.5 1.0 109.0 2.0
Point 110 733.1666666666667 104.16666666666667 1.0 110.0 2.0
Point 111 731.8333333333333 102.83333333333333 1.0 111.0 2.0
Point 112 731.8333333333333 102.83333333333333 1.0 112.0 2.0
Point 113 730.5 99.5 1.0 113.0 2.0
Point 114 732.5 98.16666666666667 1.0 114.0 2.0
Point 115 735.8333333333333 98.16666666666667 1.0 115.0 2.0
Point 116 734.5 97.5 1.0 116.0 2.0
Point 117 734.5 97.5 1.0 117.0 2.0
Point 118 735.1666666666667 96.16666666666667 1.0 118.0 2.0
Point 119 736.5 94.83333333333333 1.0 119.0 2.0
Point 120 738.5 92.16666666666667 1.0 120.0 2.0
Point 121 739.8333333333333 90.83333333333333 1.0 121.0 2.0
Point 122 739.8333333333333 90.83333333333333 1.0 122.0 2.0
Point 123 737.8333333333333 91.5 1.0 123.0 2.0
Point 124 736.5 88.16666666666667 1.0 124.0 2.0
Point 125 729.1666666666667 88.16666666666667 1.0 125.0 2.0
Point 126 732.5 88.16666666666667 1.0 126.0 2.0
Point 127 733.1666666666667 88.16666666666667 1.0 127.0 2.0
Point 128 733.1666666666667 88.16666666666667 1.0 128.0 2.0
Point 129 733.1666666666667 88.16666666666667 1.0 129.0 2.0
Point 130 735.8333333333333 90.16666666666667 1.0 130.0 2.0
Point 131 739.1666666666667 89.5 1.0 131.0 2.0
Track 2 FFFF00 true
Point 1 738.5 88.16666666666667 1.0 132.0 2.0
Point 2 738.5 88.83333333333333 1.0 133.0 2.0
Point 3 734.5 88.16666666666667 1.0 134.0 2.0
Point 4 731.8333333333333 86.16666666666667 1.0 135.0 2.0
Point 5 729.8333333333333 86.16666666666667 1.0 136.0 2.0
Point 6 729.8333333333333 88.83333333333333 1.0 137.0 2.0
Point 7 729.1666666666667 88.83333333333333 1.0 138.0 2.0
Point 8 729.1666666666667 88.16666666666667 1.0 139.0 2.0
Point 9 729.1666666666667 86.83333333333333 1.0 140.0 2.0
Point 10 731.8333333333333 87.5 1.0 141.0 2.0
Point 11 737.8333333333333 88.16666666666667 1.0 142.0 2.0
Point 12 739.8333333333333 85.5 1.0 143.0 2.0
Point 13 738.5 86.16666666666667 1.0 144.0 2.0
Point 14 738.5 86.16666666666667 1.0 145.0 2.0
Point 15 735.8333333333333 85.5 1.0 146.0 2.0
Point 16 735.8333333333333 85.5 1.0 147.0 2.0
Point 17 733.1666666666667 87.5 1.0 148.0 2.0
Point 18 733.1666666666667 87.5 1.0 149.0 2.0
Point 19 733.1666666666667 87.5 1.0 150.0 2.0
Point 20 733.1666666666667 87.5 1.0 151.0 2.0
Point 21 733.1666666666667 87.5 1.0 152.0 2.0
Point 22 731.8333333333333 86.83333333333333 1.0 153.0 2.0
Point 23 731.1666666666667 86.16666666666667 1.0 154.0 2.0
Point 24 731.1666666666667 85.5 1.0 155.0 2.0
Point 25 731.1666666666667 85.5 1.0 156.0 2.0
Point 26 731.1666666666667 85.5 1.0 157.0 2.0
Point 27 732.5 82.83333333333333 1.0 158.0 2.0
Point 28 732.5 82.83333333333333 1.0 159.0 2.0
Point 29 732.5 81.5 1.0 160.0 2.0
Point 30 732.5 81.5 1.0 161.0 2.0
Point 31 732.5 81.5 1.0 162.0 2.0
Point 32 732.5 81.5 1.0 163.0 2.0
Point 33 731.8333333333333 81.5 1.0 164.0 2.0
Point 34 730.5 83.5 1.0 165.0 2.0
Point 35 730.5 83.5 1.0 166.0 2.0
Point 36 730.5 83.5 1.0 167.0 2.0
Point 37 730.5 80.83333333333333 1.0 168.0 2.0
Point 38 730.5 80.83333333333333 1.0 169.0 2.0
Point 39 730.5 80.83333333333333 1.0 170.0 2.0
Point 40 730.5 80.83333333333333 1.0 171.0 2.0
Point 41 731.1666666666667 80.83333333333333 1.0 172.0 2.0
Point 42 731.1666666666667 80.83333333333333 1.0 173.0 2.0
Point 43 731.1666666666667 80.83333333333333 1.0 174.0 2.0
Point 44 726.5 82.16666666666667 1.0 175.0 2.0
Point 45 726.5 81.5 1.0 176.0 2.0
Point 46 726.5 81.5 1.0 177.0 2.0
Point 47 725.8333333333333 81.5 1.0 178.0 2.0
Point 48 725.8333333333333 81.5 1.0 179.0 2.0
Point 49 723.8333333333333 80.83333333333333 1.0 180.0 2.0
Point 50 723.8333333333333 80.83333333333333 1.0 181.0 2.0
Point 51 722.5 79.5 1.0 182.0 2.0
Point 52 722.5 79.5 1.0 183.0 2.0
Point 53 722.5 79.5 1.0 184.0 2.0
Point 54 721.8333333333333 79.5 1.0 185.0 2.0
Point 55 723.1666666666667 82.16666666666667 1.0 186.0 2.0
Point 56 722.5 82.83333333333333 1.0 187.0 2.0
Point 57 722.5 82.83333333333333 1.0 188.0 2.0
Point 58 722.5 83.5 1.0 189.0 2.0
Point 59 722.5 83.5 1.0 190.0 2.0
Point 60 722.5 84.16666666666667 1.0 191.0 2.0
Point 61 722.5 84.16666666666667 1.0 192.0 2.0
Point 62 723.1666666666667 85.5 1.0 193.0 2.0
Point 63 723.1666666666667 84.83333333333333 1.0 194.0 2.0
Point 64 723.1666666666667 84.83333333333333 1.0 195.0 2.0
Point 65 723.1666666666667 84.83333333333333 1.0 196.0 2.0
Point 66 723.1666666666667 83.5 1.0 197.0 2.0
Point 67 723.1666666666667 83.5 1.0 198.0 2.0
Point 68 724.5 82.83333333333333 1.0 199.0 2.0
Point 69 723.8333333333333 82.83333333333333 1.0 200.0 2.0
Point 70 723.8333333333333 82.83333333333333 1.0 201.0 2.0
Point 71 723.8333333333333 82.83333333333333 1.0 202.0 2.0
Point 72 724.5 82.83333333333333 1.0 203.0 2.0
Point 73 721.8333333333333 82.83333333333333 1.0 204.0 2.0
Point 74 722.5 82.16666666666667 1.0 205.0 2.0
Point 75 723.1666666666667 82.83333333333333 1.0 206.0 2.0
Point 76 723.1666666666667 82.83333333333333 1.0 207.0 2.0
Point 77 723.1666666666667 82.83333333333333 1.0 208.0 2.0
Point 78 723.1666666666667 82.83333333333333 1.0 209.0 2.0
Point 79 723.8333333333333 82.83333333333333 1.0 210.0 2.0
Point 80 723.8333333333333 82.83333333333333 1.0 211.0 2.0
Point 81 723.8333333333333 82.83333333333333 1.0 212.0 2.0
Point 82 724.5 82.83333333333333 1.0 213.0 2.0
Point 83 725.8333333333333 80.16666666666667 1.0 214.0 2.0
Point 84 727.1666666666667 78.83333333333333 1.0 215.0 2.0
Point 85 727.1666666666667 77.5 1.0 216.0 2.0
Point 86 727.1666666666667 77.5 1.0 217.0 2.0
Point 87 727.1666666666667 76.16666666666667 1.0 218.0 2.0
Point 88 729.1666666666667 74.83333333333333 1.0 219.0 2.0
Point 89 729.1666666666667 74.83333333333333 1.0 220.0 2.0
Point 90 729.1666666666667 74.83333333333333 1.0 221.0 2.0
Point 91 729.1666666666667 74.83333333333333 1.0 222.0 2.0
Point 92 729.8333333333333 74.16666666666667 1.0 223.0 2.0
Point 94 729.1666666666667 73.5 1.0 224.0 2.0
End of MTrackJ Data File
