MTrackJ 1.5.1 Data File
Displaying true true true 1 2 0 0 100 10 0 0 0 0 1 12 0 false true true false
Assembly 1 FF0000
Cluster 1 FF0000
Track 1 FF0000 true
Point 1 627.0 411.0 1.0 1.0 1.0
Point 2 630.0 406.0 1.0 2.0 1.0
Point 3 626.0 400.0 1.0 3.0 1.0
Point 4 622.0 394.0 1.0 4.0 1.0
Point 5 630.0 400.0 1.0 5.0 1.0
Point 6 625.0 391.0 1.0 6.0 1.0
Point 7 624.0 387.0 1.0 7.0 1.0
Point 8 616.0 383.0 1.0 8.0 1.0
Point 9 621.0 383.0 1.0 9.0 1.0
Point 10 624.0 381.0 1.0 10.0 1.0
Point 11 627.0 382.0 1.0 11.0 1.0
Point 12 631.0 382.0 1.0 12.0 1.0
Point 13 632.0 379.0 1.0 13.0 1.0
Point 14 636.0 381.0 1.0 14.0 1.0
Point 15 639.0 380.0 1.0 15.0 1.0
Point 16 646.0 382.0 1.0 16.0 1.0
Point 17 647.0 381.0 1.0 17.0 1.0
Point 18 647.0 378.0 1.0 18.0 1.0
Point 19 647.0 379.0 1.0 19.0 1.0
Point 20 653.0 380.0 1.0 20.0 1.0
Point 21 647.0 378.0 1.0 21.0 1.0
Point 22 648.0 380.0 1.0 22.0 1.0
Point 23 645.0 376.0 1.0 23.0 1.0
Point 24 641.0 372.0 1.0 24.0 1.0
Point 25 642.0 370.0 1.0 25.0 1.0
Point 26 637.0 367.0 1.0 26.0 1.0
Point 27 646.0 373.0 1.0 27.0 1.0
Point 28 640.0 370.0 1.0 28.0 1.0
Point 29 645.0 367.0 1.0 29.0 1.0
Point 30 654.0 387.0 1.0 30.0 1.0
Point 31 664.0 385.0 1.0 31.0 1.0
Point 32 662.0 413.0 1.0 32.0 1.0
Point 33 663.0 409.0 1.0 33.0 1.0
Point 34 666.0 412.0 1.0 34.0 1.0
Point 35 660.0 423.0 1.0 35.0 1.0
Point 36 664.0 420.0 1.0 36.0 1.0
Point 37 663.0 424.0 1.0 37.0 1.0
Point 38 668.0 418.0 1.0 38.0 1.0
Point 39 672.0 419.0 1.0 39.0 1.0
Point 40 654.0 443.0 1.0 40.0 1.0
Point 41 649.0 446.0 1.0 41.0 1.0
Point 42 650.0 444.0 1.0 42.0 1.0
Point 43 641.0 451.0 1.0 43.0 1.0
Point 44 643.0 449.0 1.0 44.0 1.0
Point 45 641.0 446.0 1.0 45.0 1.0
Point 46 624.0 453.0 1.0 46.0 1.0
Point 47 641.0 441.0 1.0 47.0 1.0
Point 48 653.0 438.0 1.0 48.0 1.0
Point 49 670.0 427.0 1.0 49.0 1.0
Point 50 672.0 423.0 1.0 50.0 1.0
Point 51 664.0 428.0 1.0 51.0 1.0
Point 52 669.0 425.0 1.0 52.0 1.0
Point 53 667.0 430.0 1.0 53.0 1.0
Point 54 662.0 430.0 1.0 54.0 1.0
Point 55 666.0 428.0 1.0 55.0 1.0
Point 56 669.0 425.0 1.0 56.0 1.0
Point 57 686.0 412.0 1.0 57.0 1.0
Point 58 693.0 407.0 1.0 58.0 1.0
Point 59 688.0 397.0 1.0 59.0 1.0
Point 60 700.0 397.0 1.0 60.0 1.0
Point 61 695.0 397.0 1.0 61.0 1.0
Point 62 696.0 399.0 1.0 62.0 1.0
Point 63 693.0 403.0 1.0 63.0 1.0
Point 64 695.0 403.0 1.0 64.0 1.0
Point 65 691.0 408.0 1.0 65.0 1.0
Point 66 696.0 409.0 1.0 66.0 1.0
Point 67 704.0 408.0 1.0 67.0 1.0
Point 68 701.0 404.0 1.0 68.0 1.0
Point 69 701.0 403.0 1.0 69.0 1.0
Point 70 699.0 403.0 1.0 70.0 1.0
Point 71 694.0 410.0 1.0 71.0 1.0
Point 72 698.0 400.0 1.0 72.0 1.0
Point 73 696.0 398.0 1.0 73.0 1.0
Point 74 704.0 399.0 1.0 74.0 1.0
Point 75 720.0 396.0 1.0 75.0 1.0
Point 76 764.0 388.0 1.0 76.0 1.0
Point 77 787.0 382.0 1.0 77.0 1.0
Point 78 779.0 383.0 1.0 78.0 1.0
Point 79 811.0 376.0 1.0 79.0 1.0
Point 80 813.0 376.0 1.0 80.0 1.0
Point 81 780.0 382.0 1.0 81.0 1.0
Point 82 758.0 385.0 1.0 82.0 1.0
Point 83 749.0 388.0 1.0 83.0 1.0
Point 84 765.0 385.0 1.0 84.0 1.0
Point 85 744.0 387.0 1.0 85.0 1.0
Point 86 741.0 388.0 1.0 86.0 1.0
Point 87 733.0 389.0 1.0 87.0 1.0
Point 88 733.0 389.0 1.0 88.0 1.0
Point 89 725.0 391.0 1.0 89.0 1.0
Point 90 730.0 385.0 1.0 90.0 1.0
Point 91 719.0 385.0 1.0 91.0 1.0
Point 92 707.0 385.0 1.0 92.0 1.0
Point 93 707.0 384.0 1.0 93.0 1.0
Point 94 688.0 380.0 1.0 94.0 1.0
Point 95 685.0 375.0 1.0 95.0 1.0
Point 96 694.0 382.0 1.0 96.0 1.0
Point 97 697.0 383.0 1.0 97.0 1.0
Point 98 698.0 381.0 1.0 98.0 1.0
Point 99 696.0 377.0 1.0 99.0 1.0
Point 100 704.0 372.0 1.0 100.0 1.0
Point 101 704.0 377.0 1.0 101.0 1.0
Point 102 712.0 356.0 1.0 102.0 1.0
Point 103 721.0 337.0 1.0 103.0 1.0
Point 104 730.0 325.0 1.0 104.0 1.0
Point 105 731.0 321.0 1.0 105.0 1.0
Point 106 731.0 323.0 1.0 106.0 1.0
Point 107 728.0 327.0 1.0 107.0 1.0
Point 108 727.0 332.0 1.0 108.0 1.0
Point 109 715.0 344.0 1.0 109.0 1.0
Point 110 714.0 352.0 1.0 110.0 1.0
Point 111 709.0 351.0 1.0 111.0 1.0
Point 112 712.0 347.0 1.0 112.0 1.0
Point 113 713.0 349.0 1.0 113.0 1.0
Point 114 714.0 352.0 1.0 114.0 1.0
Point 115 711.0 347.0 1.0 115.0 1.0
Point 116 715.0 342.0 1.0 116.0 1.0
Point 117 717.0 349.0 1.0 117.0 1.0
Point 118 716.0 346.0 1.0 118.0 1.0
Point 119 720.0 358.0 1.0 119.0 1.0
Point 120 721.0 360.0 1.0 120.0 1.0
Point 121 727.0 364.0 1.0 121.0 1.0
Point 122 726.0 356.0 1.0 122.0 1.0
Point 123 729.0 361.0 1.0 123.0 1.0
Point 124 735.0 366.0 1.0 124.0 1.0
Point 125 728.0 367.0 1.0 125.0 1.0
Point 126 724.0 363.0 1.0 126.0 1.0
Point 127 727.0 361.0 1.0 127.0 1.0
Point 128 721.0 363.0 1.0 128.0 1.0
Point 129 716.0 364.0 1.0 129.0 1.0
Point 130 719.0 362.0 1.0 130.0 1.0
Point 131 722.0 364.0 1.0 131.0 1.0
Point 132 730.0 368.0 1.0 132.0 1.0
Point 133 742.0 370.0 1.0 133.0 1.0
Point 134 741.0 369.0 1.0 134.0 1.0
Point 135 737.0 370.0 1.0 135.0 1.0
Point 136 740.0 369.0 1.0 136.0 1.0
Point 137 740.0 370.0 1.0 137.0 1.0
Point 138 750.0 374.0 1.0 138.0 1.0
Point 139 758.0 387.0 1.0 139.0 1.0
Point 140 763.0 381.0 1.0 140.0 1.0
Point 141 774.0 383.0 1.0 141.0 1.0
Point 142 769.0 374.0 1.0 142.0 1.0
Point 143 774.0 375.0 1.0 143.0 1.0
Point 144 774.0 385.0 1.0 144.0 1.0
Point 145 778.0 384.0 1.0 145.0 1.0
Point 146 768.0 383.0 1.0 146.0 1.0
Point 147 766.0 382.0 1.0 147.0 1.0
Point 148 766.0 381.0 1.0 148.0 1.0
Point 149 768.0 389.0 1.0 149.0 1.0
Point 150 766.0 386.0 1.0 150.0 1.0
Point 151 757.0 388.0 1.0 151.0 1.0
Point 152 744.0 383.0 1.0 152.0 1.0
Point 153 744.0 384.0 1.0 153.0 1.0
Point 154 740.0 383.0 1.0 154.0 1.0
Point 155 736.0 379.0 1.0 155.0 1.0
Point 156 747.0 380.0 1.0 156.0 1.0
Point 157 750.0 387.0 1.0 157.0 1.0
Point 158 746.0 381.0 1.0 158.0 1.0
Point 159 748.0 379.0 1.0 159.0 1.0
Point 160 748.0 380.0 1.0 160.0 1.0
Point 161 751.0 377.0 1.0 161.0 1.0
Point 162 756.0 376.0 1.0 162.0 1.0
Point 163 765.0 368.0 1.0 163.0 1.0
Point 164 765.0 370.0 1.0 164.0 1.0
Point 165 770.0 365.0 1.0 165.0 1.0
Point 166 773.0 368.0 1.0 166.0 1.0
Point 167 772.0 367.0 1.0 167.0 1.0
Point 168 792.0 364.0 1.0 168.0 1.0
Point 169 823.0 350.0 1.0 169.0 1.0
Point 170 840.0 338.0 1.0 170.0 1.0
Point 171 855.0 327.0 1.0 171.0 1.0
Point 172 848.0 325.0 1.0 172.0 1.0
Point 173 849.0 329.0 1.0 173.0 1.0
Point 174 846.0 332.0 1.0 174.0 1.0
Point 175 844.0 333.0 1.0 175.0 1.0
Point 176 840.0 333.0 1.0 176.0 1.0
Point 177 846.0 330.0 1.0 177.0 1.0
Point 178 842.0 332.0 1.0 178.0 1.0
Point 179 840.0 337.0 1.0 179.0 1.0
Point 180 842.0 335.0 1.0 180.0 1.0
Point 181 842.0 336.0 1.0 181.0 1.0
Point 182 825.0 341.0 1.0 182.0 1.0
Point 183 826.0 340.0 1.0 183.0 1.0
Point 184 816.0 343.0 1.0 184.0 1.0
Point 185 819.0 341.0 1.0 185.0 1.0
Point 186 816.0 344.0 1.0 186.0 1.0
Point 187 821.0 345.0 1.0 187.0 1.0
Point 188 824.0 340.0 1.0 188.0 1.0
Point 189 822.0 339.0 1.0 189.0 1.0
Point 190 824.0 338.0 1.0 190.0 1.0
Point 191 827.0 339.0 1.0 191.0 1.0
Point 192 825.0 338.0 1.0 192.0 1.0
Point 193 823.0 341.0 1.0 193.0 1.0
Point 194 822.0 343.0 1.0 194.0 1.0
Point 195 817.0 344.0 1.0 195.0 1.0
Point 196 819.0 343.0 1.0 196.0 1.0
Point 197 821.0 341.0 1.0 197.0 1.0
Point 198 824.0 343.0 1.0 198.0 1.0
Point 199 827.0 343.0 1.0 199.0 1.0
Point 200 828.0 345.0 1.0 200.0 1.0
Point 201 821.0 347.0 1.0 201.0 1.0
Point 202 829.0 345.0 1.0 202.0 1.0
Point 203 814.0 355.0 1.0 203.0 1.0
Point 204 818.0 350.0 1.0 204.0 1.0
Point 205 824.0 345.0 1.0 205.0 1.0
Point 206 817.0 346.0 1.0 206.0 1.0
Point 207 819.0 348.0 1.0 207.0 1.0
Point 208 830.0 337.0 1.0 208.0 1.0
Point 209 841.0 326.0 1.0 209.0 1.0
Point 210 840.0 334.0 1.0 210.0 1.0
Point 211 840.0 342.0 1.0 211.0 1.0
Point 212 848.0 338.0 1.0 212.0 1.0
Point 213 849.0 342.0 1.0 213.0 1.0
Point 214 850.0 346.0 1.0 214.0 1.0
Point 215 839.0 346.0 1.0 215.0 1.0
Point 216 838.0 353.0 1.0 216.0 1.0
Point 217 836.0 351.0 1.0 217.0 1.0
Point 218 829.0 354.0 1.0 218.0 1.0
Point 219 833.0 353.0 1.0 219.0 1.0
Point 220 834.0 346.0 1.0 220.0 1.0
Point 221 833.0 333.0 1.0 221.0 1.0
Point 222 832.0 337.0 1.0 222.0 1.0
Point 223 834.0 335.0 1.0 223.0 1.0
Point 224 829.0 340.0 1.0 224.0 1.0
Point 225 818.0 352.0 1.0 225.0 1.0
Point 226 816.0 355.0 1.0 226.0 1.0
Point 227 799.0 366.0 1.0 227.0 1.0
Point 228 793.0 380.0 1.0 228.0 1.0
Point 229 776.0 402.0 1.0 229.0 1.0
Point 230 777.0 412.0 1.0 230.0 1.0
Point 231 763.0 430.0 1.0 231.0 1.0
Point 232 749.0 446.0 1.0 232.0 1.0
Point 233 744.0 447.0 1.0 233.0 1.0
Point 234 736.0 451.0 1.0 234.0 1.0
Point 235 730.0 457.0 1.0 235.0 1.0
Point 236 730.0 458.0 1.0 236.0 1.0
Point 237 728.0 455.0 1.0 237.0 1.0
Point 238 735.0 448.0 1.0 238.0 1.0
Point 239 744.0 437.0 1.0 239.0 1.0
Point 240 745.0 433.0 1.0 240.0 1.0
End of MTrackJ Data File
