MTrackJ 1.5.1 Data File
Displaying false true true 1 0 0 0 100 16 0 0 0 0 1 0 1 false false true false
Assembly 1 FF0000
Cluster 1 FF0000
Track 1 FF0000 true
Point 1 1309.8333333333333 368.16666666666663 1.0 1.0 1.0
Point 2 1304.5 367.5 1.0 2.0 1.0
Point 3 1303.8333333333333 362.83333333333337 1.0 3.0 1.0
Point 4 1303.1666666666667 362.83333333333337 1.0 4.0 1.0
Point 5 1306.5 359.5 1.0 5.0 1.0
Point 6 1307.8333333333333 358.83333333333337 1.0 6.0 1.0
Point 7 1308.5 354.83333333333337 1.0 7.0 1.0
Point 8 1311.1666666666667 350.16666666666663 1.0 8.0 1.0
Point 9 1311.8333333333333 344.16666666666663 1.0 9.0 1.0
Point 10 1311.1666666666667 343.5 1.0 10.0 1.0
Point 11 1311.8333333333333 341.5 1.0 11.0 1.0
Point 12 1311.8333333333333 342.16666666666663 1.0 12.0 1.0
Point 13 1317.1666666666667 345.5 1.0 13.0 1.0
Point 14 1317.8333333333333 353.5 1.0 14.0 1.0
Point 16 1320.5 357.5 1.0 15.0 1.0
Point 17 1316.5 340.16666666666663 1.0 16.0 1.0
Point 18 1314.5 339.5 1.0 17.0 1.0
Point 19 1318.5 338.16666666666663 1.0 18.0 1.0
Point 20 1317.1666666666667 336.83333333333337 1.0 19.0 1.0
Point 21 1317.8333333333333 335.5 1.0 20.0 1.0
Point 22 1317.8333333333333 334.83333333333337 1.0 21.0 1.0
Point 23 1320.5 332.16666666666663 1.0 22.0 1.0
Point 24 1320.5 330.16666666666663 1.0 23.0 1.0
Point 25 1322.5 323.5 1.0 24.0 1.0
Point 26 1322.5 323.5 1.0 25.0 1.0
Point 27 1322.5 321.5 1.0 26.0 1.0
Point 28 1324.5 322.16666666666663 1.0 27.0 1.0
Point 29 1321.1666666666667 321.5 1.0 28.0 1.0
Point 30 1322.5 318.83333333333337 1.0 29.0 1.0
Point 31 1323.1666666666667 321.5 1.0 30.0 1.0
Point 32 1322.5 324.16666666666663 1.0 31.0 1.0
Point 33 1322.5 324.83333333333337 1.0 32.0 1.0
Point 34 1325.8333333333333 339.5 1.0 33.0 1.0
Point 35 1325.8333333333333 333.5 1.0 34.0 1.0
Point 36 1325.1666666666667 326.83333333333337 1.0 35.0 1.0
Point 37 1325.8333333333333 322.16666666666663 1.0 36.0 1.0
Point 38 1326.5 318.16666666666663 1.0 37.0 1.0
Point 39 1326.5 315.5 1.0 38.0 1.0
Point 40 1327.1666666666667 312.83333333333337 1.0 39.0 1.0
Point 41 1327.1666666666667 311.5 1.0 40.0 1.0
Point 42 1327.8333333333333 308.16666666666663 1.0 41.0 1.0
Point 43 1328.5 306.16666666666663 1.0 42.0 1.0
Point 44 1327.8333333333333 306.83333333333337 1.0 43.0 1.0
Point 45 1326.5 305.5 1.0 44.0 1.0
Point 46 1327.1666666666667 304.16666666666663 1.0 45.0 1.0
Point 47 1325.8333333333333 306.16666666666663 1.0 46.0 1.0
Point 48 1322.5 309.5 1.0 47.0 1.0
Point 49 1326.5 317.5 1.0 48.0 1.0
Point 50 1326.5 312.16666666666663 1.0 49.0 1.0
Point 51 1327.1666666666667 310.83333333333337 1.0 50.0 1.0
Point 52 1325.8333333333333 308.83333333333337 1.0 51.0 1.0
Point 53 1327.1666666666667 306.16666666666663 1.0 52.0 1.0
Point 54 1328.5 303.5 1.0 53.0 1.0
Point 55 1328.5 304.16666666666663 1.0 54.0 1.0
Point 56 1328.5 302.83333333333337 1.0 55.0 1.0
Point 57 1329.8333333333333 298.83333333333337 1.0 56.0 1.0
Point 58 1329.8333333333333 299.5 1.0 57.0 1.0
Point 59 1327.1666666666667 297.5 1.0 58.0 1.0
Point 60 1330.5 298.16666666666663 1.0 59.0 1.0
Point 61 1329.8333333333333 298.16666666666663 1.0 60.0 1.0
Point 62 1331.8333333333333 298.83333333333337 1.0 61.0 1.0
Point 63 1329.8333333333333 297.5 1.0 62.0 1.0
Point 64 1331.8333333333333 299.5 1.0 63.0 1.0
Point 65 1330.5 299.5 1.0 64.0 1.0
Point 66 1331.1666666666667 298.83333333333337 1.0 65.0 1.0
Point 67 1330.5 297.5 1.0 66.0 1.0
Point 68 1330.5 296.83333333333337 1.0 67.0 1.0
Point 69 1330.5 294.16666666666663 1.0 68.0 1.0
Point 70 1331.1666666666667 292.83333333333337 1.0 69.0 1.0
Point 71 1329.8333333333333 291.5 1.0 70.0 1.0
Point 72 1329.8333333333333 292.83333333333337 1.0 71.0 1.0
Point 73 1331.8333333333333 290.83333333333337 1.0 72.0 1.0
Point 74 1331.8333333333333 290.83333333333337 1.0 73.0 1.0
Point 75 1331.8333333333333 289.5 1.0 74.0 1.0
Point 76 1330.5 289.5 1.0 75.0 1.0
Point 77 1331.1666666666667 289.5 1.0 76.0 1.0
Point 78 1332.5 288.16666666666663 1.0 77.0 1.0
Point 79 1332.5 286.16666666666663 1.0 78.0 1.0
Point 80 1333.8333333333333 284.16666666666663 1.0 79.0 1.0
Point 81 1333.8333333333333 282.16666666666663 1.0 80.0 1.0
Point 82 1333.8333333333333 280.16666666666663 1.0 81.0 1.0
Point 83 1329.1666666666667 279.5 1.0 82.0 1.0
Point 84 1329.1666666666667 277.5 1.0 83.0 1.0
Point 85 1331.1666666666667 278.16666666666663 1.0 84.0 1.0
Point 86 1332.5 276.16666666666663 1.0 85.0 1.0
Point 87 1332.5 276.16666666666663 1.0 86.0 1.0
Point 88 1333.1666666666667 274.83333333333337 1.0 87.0 1.0
Point 89 1334.5 274.16666666666663 1.0 88.0 1.0
Point 90 1335.1666666666667 273.5 1.0 89.0 1.0
Point 91 1334.5 274.16666666666663 1.0 90.0 1.0
Point 92 1335.8333333333333 272.83333333333337 1.0 91.0 1.0
Point 93 1336.5 272.16666666666663 1.0 92.0 1.0
Point 94 1335.8333333333333 271.5 1.0 93.0 1.0
Point 95 1335.1666666666667 271.5 1.0 94.0 1.0
Point 96 1334.5 271.5 1.0 95.0 1.0
Point 97 1335.1666666666667 272.16666666666663 1.0 96.0 1.0
Point 98 1335.1666666666667 270.83333333333337 1.0 97.0 1.0
Point 99 1333.8333333333333 270.83333333333337 1.0 98.0 1.0
Point 100 1331.8333333333333 269.5 1.0 99.0 1.0
Point 101 1331.8333333333333 268.83333333333337 1.0 100.0 1.0
Point 102 1332.5 268.16666666666663 1.0 101.0 1.0
Point 103 1332.5 269.5 1.0 102.0 1.0
Point 104 1333.1666666666667 268.16666666666663 1.0 103.0 1.0
Point 105 1333.8333333333333 269.5 1.0 104.0 1.0
Point 106 1333.8333333333333 270.83333333333337 1.0 105.0 1.0
Point 107 1334.5 270.16666666666663 1.0 106.0 1.0
Point 108 1336.5 274.16666666666663 1.0 107.0 1.0
Point 109 1338.5 275.5 1.0 108.0 1.0
Point 110 1338.5 276.83333333333337 1.0 109.0 1.0
Point 111 1339.1666666666667 277.5 1.0 110.0 1.0
Point 112 1340.5 277.5 1.0 111.0 1.0
Point 113 1338.5 276.83333333333337 1.0 112.0 1.0
Point 114 1338.5 276.16666666666663 1.0 113.0 1.0
Point 140 1342.5 276.83333333333337 1.0 114.0 1.0
Point 141 1341.8333333333333 277.5 1.0 115.0 1.0
Point 142 1343.8333333333333 277.5 1.0 116.0 1.0
Point 143 1343.8333333333333 278.16666666666663 1.0 117.0 1.0
Point 144 1345.1666666666667 284.16666666666663 1.0 118.0 1.0
Point 120 1345.1666666666667 290.83333333333337 1.0 119.0 1.0
Point 121 1344.5 292.83333333333337 1.0 120.0 1.0
Point 122 1345.1666666666667 294.16666666666663 1.0 121.0 1.0
Point 123 1345.8333333333333 301.5 1.0 122.0 1.0
Point 124 1347.1666666666667 304.16666666666663 1.0 123.0 1.0
Point 125 1347.1666666666667 304.16666666666663 1.0 124.0 1.0
Point 150 1348.5 301.5 1.0 125.0 1.0
Point 145 1347.8333333333333 294.16666666666663 1.0 126.0 1.0
Point 146 1348.5 294.16666666666663 1.0 127.0 1.0
Point 147 1347.8333333333333 290.83333333333337 1.0 128.0 1.0
Point 148 1346.5 286.16666666666663 1.0 129.0 1.0
Point 149 1345.8333333333333 284.83333333333337 1.0 130.0 1.0
Point 132 1346.5 290.16666666666663 1.0 131.0 1.0
Point 133 1344.5 286.83333333333337 1.0 132.0 1.0
Point 134 1346.5 286.16666666666663 1.0 133.0 1.0
Point 135 1346.5 284.16666666666663 1.0 134.0 1.0
Point 136 1345.8333333333333 282.83333333333337 1.0 135.0 1.0
Point 137 1344.5 282.16666666666663 1.0 136.0 1.0
Point 151 1342.5 278.83333333333337 1.0 137.0 1.0
Point 152 1341.8333333333333 275.5 1.0 138.0 1.0
Point 153 1340.5 271.5 1.0 139.0 1.0
Point 154 1341.1666666666667 270.83333333333337 1.0 140.0 1.0
Point 155 1338.5 270.83333333333337 1.0 141.0 1.0
Point 156 1339.8333333333333 269.5 1.0 142.0 1.0
Point 157 1337.1666666666667 270.16666666666663 1.0 143.0 1.0
Point 158 1337.1666666666667 270.83333333333337 1.0 144.0 1.0
Point 159 1333.8333333333333 271.5 1.0 145.0 1.0
Point 160 1332.5 270.16666666666663 1.0 146.0 1.0
Point 161 1331.8333333333333 270.83333333333337 1.0 147.0 1.0
Point 162 1333.8333333333333 272.16666666666663 1.0 148.0 1.0
Point 163 1335.1666666666667 272.16666666666663 1.0 149.0 1.0
Point 164 1331.8333333333333 270.83333333333337 1.0 150.0 1.0
Point 165 1331.8333333333333 269.5 1.0 151.0 1.0
Point 166 1329.1666666666667 268.83333333333337 1.0 152.0 1.0
Point 167 1329.1666666666667 268.83333333333337 1.0 153.0 1.0
Point 168 1331.1666666666667 272.16666666666663 1.0 154.0 1.0
Point 169 1331.8333333333333 272.16666666666663 1.0 155.0 1.0
Point 170 1331.8333333333333 269.5 1.0 156.0 1.0
Point 171 1333.1666666666667 269.5 1.0 157.0 1.0
Point 172 1332.5 268.83333333333337 1.0 158.0 1.0
Point 173 1333.1666666666667 268.83333333333337 1.0 159.0 1.0
Point 174 1332.5 269.5 1.0 160.0 1.0
Point 175 1331.8333333333333 268.83333333333337 1.0 161.0 1.0
Point 186 1328.5 268.16666666666663 1.0 162.0 1.0
Point 187 1324.5 268.83333333333337 1.0 163.0 1.0
Point 188 1322.5 268.83333333333337 1.0 164.0 1.0
Point 189 1321.1666666666667 268.16666666666663 1.0 165.0 1.0
Point 190 1320.5 267.5 1.0 166.0 1.0
Point 191 1317.8333333333333 267.5 1.0 167.0 1.0
Point 192 1315.8333333333333 270.16666666666663 1.0 168.0 1.0
Point 193 1307.1666666666667 269.5 1.0 169.0 1.0
Point 194 1300.5 268.83333333333337 1.0 170.0 1.0
Point 195 1295.1666666666667 270.16666666666663 1.0 171.0 1.0
Point 196 1292.5 271.5 1.0 172.0 1.0
Point 197 1289.8333333333333 276.16666666666663 1.0 173.0 1.0
Point 198 1288.5 275.5 1.0 174.0 1.0
Point 199 1287.8333333333333 272.83333333333337 1.0 175.0 1.0
Point 200 1288.5 271.5 1.0 176.0 1.0
Point 201 1287.1666666666667 271.5 1.0 177.0 1.0
Point 202 1286.5 268.83333333333337 1.0 178.0 1.0
Point 203 1288.5 266.83333333333337 1.0 179.0 1.0
Point 204 1291.1666666666667 266.16666666666663 1.0 180.0 1.0
Point 205 1286.5 265.5 1.0 181.0 1.0
Point 206 1286.5 268.16666666666663 1.0 182.0 1.0
Point 207 1285.1666666666667 267.5 1.0 183.0 1.0
Point 208 1285.1666666666667 265.5 1.0 184.0 1.0
Point 209 1284.5 265.5 1.0 185.0 1.0
Point 210 1283.8333333333333 266.83333333333337 1.0 186.0 1.0
Point 211 1283.1666666666667 266.83333333333337 1.0 187.0 1.0
Point 212 1283.8333333333333 266.16666666666663 1.0 188.0 1.0
Point 213 1287.1666666666667 263.5 1.0 189.0 1.0
Point 214 1287.1666666666667 262.1666666666667 1.0 190.0 1.0
Point 215 1285.8333333333333 262.8333333333333 1.0 191.0 1.0
Point 216 1284.5 260.8333333333333 1.0 192.0 1.0
Point 217 1281.8333333333333 261.5 1.0 193.0 1.0
Point 218 1281.1666666666667 264.16666666666663 1.0 194.0 1.0
Point 219 1281.8333333333333 264.16666666666663 1.0 195.0 1.0
Point 220 1279.8333333333333 261.5 1.0 196.0 1.0
Point 240 1288.5 258.1666666666667 1.0 197.0 1.0
Point 241 1290.5 257.5 1.0 198.0 1.0
Point 242 1293.8333333333333 255.5 1.0 199.0 1.0
Point 243 1294.5 254.16666666666669 1.0 200.0 1.0
Point 244 1298.5 252.16666666666669 1.0 201.0 1.0
Point 245 1301.8333333333333 250.16666666666669 1.0 202.0 1.0
Point 246 1305.8333333333333 248.83333333333331 1.0 203.0 1.0
Point 247 1305.8333333333333 249.5 1.0 204.0 1.0
Point 248 1305.1666666666667 248.83333333333331 1.0 205.0 1.0
Point 249 1307.1666666666667 248.16666666666669 1.0 206.0 1.0
Point 250 1308.5 248.16666666666669 1.0 207.0 1.0
Point 251 1309.8333333333333 247.5 1.0 208.0 1.0
Point 252 1313.1666666666667 245.5 1.0 209.0 1.0
Point 253 1314.5 244.83333333333331 1.0 210.0 1.0
Point 254 1313.8333333333333 243.5 1.0 211.0 1.0
Point 255 1314.5 242.16666666666669 1.0 212.0 1.0
Point 256 1316.5 240.83333333333331 1.0 213.0 1.0
Point 257 1325.1666666666667 242.83333333333331 1.0 214.0 1.0
Point 258 1323.1666666666667 241.5 1.0 215.0 1.0
Point 259 1324.5 240.16666666666669 1.0 216.0 1.0
Point 260 1325.1666666666667 239.5 1.0 217.0 1.0
Point 261 1325.1666666666667 238.16666666666669 1.0 218.0 1.0
Point 262 1327.8333333333333 236.16666666666669 1.0 219.0 1.0
Point 263 1332.5 234.83333333333331 1.0 220.0 1.0
Point 264 1333.8333333333333 234.83333333333331 1.0 221.0 1.0
Point 265 1329.8333333333333 234.83333333333331 1.0 222.0 1.0
Point 266 1331.1666666666667 234.83333333333331 1.0 223.0 1.0
Point 267 1333.1666666666667 234.83333333333331 1.0 224.0 1.0
Point 268 1335.8333333333333 234.83333333333331 1.0 225.0 1.0
Point 269 1336.5 233.5 1.0 226.0 1.0
Point 270 1333.1666666666667 233.5 1.0 227.0 1.0
Point 271 1331.8333333333333 232.83333333333331 1.0 228.0 1.0
Point 272 1351.8333333333333 224.83333333333331 1.0 229.0 1.0
Point 273 1355.1666666666667 218.16666666666669 1.0 230.0 1.0
Point 274 1354.5 215.5 1.0 231.0 1.0
Point 275 1354.5 212.16666666666669 1.0 232.0 1.0
Point 276 1365.1666666666667 210.16666666666669 1.0 233.0 1.0
Point 277 1397.1666666666667 208.16666666666669 1.0 234.0 1.0
Point 278 1401.8333333333333 202.83333333333331 1.0 235.0 1.0
Point 279 1405.1666666666667 199.5 1.0 236.0 1.0
Point 280 1409.1666666666667 194.83333333333334 1.0 237.0 1.0
Point 281 1408.5 194.83333333333334 1.0 238.0 1.0
Point 282 1405.1666666666667 196.16666666666666 1.0 239.0 1.0
Point 283 1405.8333333333333 194.83333333333334 1.0 240.0 1.0
End of MTrackJ Data File
