MTrackJ 1.5.1 Data File
Displaying false true true 1 0 0 0 100 16 0 0 0 0 1 0 1 false false true false
Assembly 1 FF0000
Cluster 1 FF0000
Track 1 FF0000 true
Point 1 1349.8333333333333 379.5 1.0 3.0 1.0
Point 2 1383.1666666666667 336.83333333333337 1.0 10.0 1.0
Point 3 1383.1666666666667 416.8333333333333 1.0 17.0 1.0
Point 4 1288.5 382.16666666666663 1.0 20.0 1.0
Point 5 1396.5 242.16666666666669 1.0 25.0 1.0
Point 6 1302.5 378.16666666666663 1.0 47.0 1.0
Point 7 1347.8333333333333 378.83333333333337 1.0 48.0 1.0
Point 13 1347.1666666666667 398.8333333333333 1.0 52.0 1.0
Point 8 1378.5 398.1666666666667 1.0 66.0 1.0
Point 9 1397.1666666666667 401.5 1.0 74.0 1.0
Point 10 1449.1666666666667 207.5 1.0 91.0 1.0
Point 12 1260.5 317.5 1.0 94.0 1.0
Point 11 1347.1666666666667 374.16666666666663 1.0 100.0 1.0
Point 14 1323.8333333333333 457.5 1.0 116.0 1.0
Point 15 1297.1666666666667 287.5 1.0 128.0 1.0
Point 16 1342.5 282.16666666666663 1.0 207.0 1.0
Point 17 1336.5 337.5 1.0 215.0 1.0
Point 18 1407.8333333333333 186.83333333333334 1.0 233.0 1.0
End of MTrackJ Data File
