MTrackJ 1.5.1 Data File
Displaying false true true 1 0 0 0 100 16 0 0 0 0 1 0 1 false false true false
Assembly 1 FF0000
Cluster 1 FF0000
Track 1 FF0000 true
Point 1 1329.8333333333333 408.8333333333333 1.0 1.0 1.0
Point 2 1331.1666666666667 417.5 1.0 2.0 1.0
Point 3 1329.1666666666667 405.5 1.0 3.0 1.0
Point 4 1321.8333333333333 394.8333333333333 1.0 4.0 1.0
Point 5 1323.1666666666667 383.5 1.0 5.0 1.0
Point 6 1325.1666666666667 378.83333333333337 1.0 6.0 1.0
Point 7 1326.5 370.16666666666663 1.0 7.0 1.0
Point 8 1323.8333333333333 366.16666666666663 1.0 8.0 1.0
Point 9 1322.5 360.16666666666663 1.0 9.0 1.0
Point 10 1329.1666666666667 354.83333333333337 1.0 10.0 1.0
Point 11 1325.8333333333333 349.5 1.0 11.0 1.0
Point 12 1329.8333333333333 352.16666666666663 1.0 12.0 1.0
Point 13 1325.1666666666667 360.16666666666663 1.0 13.0 1.0
Point 14 1330.5 363.5 1.0 14.0 1.0
Point 15 1333.8333333333333 352.16666666666663 1.0 15.0 1.0
Point 16 1334.5 349.5 1.0 16.0 1.0
Point 17 1339.1666666666667 353.5 1.0 17.0 1.0
Point 18 1339.8333333333333 348.83333333333337 1.0 18.0 1.0
Point 19 1341.8333333333333 344.83333333333337 1.0 19.0 1.0
Point 20 1345.8333333333333 339.5 1.0 20.0 1.0
Point 21 1348.5 342.16666666666663 1.0 21.0 1.0
Point 22 1341.8333333333333 332.83333333333337 1.0 22.0 1.0
Point 23 1343.1666666666667 330.16666666666663 1.0 23.0 1.0
Point 24 1343.1666666666667 327.5 1.0 24.0 1.0
Point 25 1344.5 319.5 1.0 25.0 1.0
Point 26 1338.5 320.83333333333337 1.0 26.0 1.0
Point 27 1335.1666666666667 323.5 1.0 27.0 1.0
Point 28 1330.5 330.83333333333337 1.0 28.0 1.0
Point 29 1331.8333333333333 328.16666666666663 1.0 29.0 1.0
Point 30 1336.5 328.16666666666663 1.0 30.0 1.0
Point 31 1331.1666666666667 335.5 1.0 31.0 1.0
Point 32 1335.1666666666667 343.5 1.0 32.0 1.0
Point 33 1336.5 341.5 1.0 33.0 1.0
Point 34 1319.8333333333333 352.16666666666663 1.0 34.0 1.0
Point 35 1334.5 329.5 1.0 35.0 1.0
Point 36 1337.1666666666667 318.16666666666663 1.0 36.0 1.0
Point 37 1333.1666666666667 325.5 1.0 37.0 1.0
Point 38 1334.5 321.5 1.0 38.0 1.0
Point 39 1335.8333333333333 312.16666666666663 1.0 39.0 1.0
Point 40 1339.1666666666667 307.5 1.0 40.0 1.0
Point 41 1337.8333333333333 310.16666666666663 1.0 41.0 1.0
Point 42 1336.5 314.16666666666663 1.0 42.0 1.0
Point 43 1337.1666666666667 304.16666666666663 1.0 43.0 1.0
Point 44 1336.5 306.16666666666663 1.0 44.0 1.0
Point 45 1334.5 301.5 1.0 45.0 1.0
Point 46 1337.1666666666667 305.5 1.0 46.0 1.0
Point 47 1333.8333333333333 310.83333333333337 1.0 47.0 1.0
Point 48 1331.8333333333333 314.16666666666663 1.0 48.0 1.0
Point 49 1333.8333333333333 308.16666666666663 1.0 49.0 1.0
Point 50 1329.8333333333333 317.5 1.0 50.0 1.0
Point 51 1338.5 304.16666666666663 1.0 51.0 1.0
Point 52 1335.1666666666667 308.83333333333337 1.0 52.0 1.0
Point 53 1332.5 308.83333333333337 1.0 53.0 1.0
Point 54 1338.5 314.16666666666663 1.0 54.0 1.0
Point 55 1335.8333333333333 306.83333333333337 1.0 55.0 1.0
Point 56 1335.8333333333333 298.16666666666663 1.0 56.0 1.0
Point 57 1339.8333333333333 304.83333333333337 1.0 57.0 1.0
Point 58 1331.8333333333333 306.16666666666663 1.0 58.0 1.0
Point 59 1332.5 312.16666666666663 1.0 59.0 1.0
Point 60 1334.5 317.5 1.0 60.0 1.0
Point 61 1331.1666666666667 315.5 1.0 61.0 1.0
Point 62 1331.8333333333333 322.16666666666663 1.0 62.0 1.0
Point 63 1333.8333333333333 316.83333333333337 1.0 63.0 1.0
Point 64 1334.5 311.5 1.0 64.0 1.0
Point 65 1334.5 312.16666666666663 1.0 65.0 1.0
Point 66 1332.5 316.16666666666663 1.0 66.0 1.0
Point 67 1337.1666666666667 306.83333333333337 1.0 67.0 1.0
Point 68 1333.8333333333333 302.16666666666663 1.0 68.0 1.0
Point 69 1331.8333333333333 309.5 1.0 69.0 1.0
Point 70 1331.1666666666667 312.16666666666663 1.0 70.0 1.0
Point 71 1332.5 312.16666666666663 1.0 71.0 1.0
Point 72 1339.1666666666667 308.83333333333337 1.0 72.0 1.0
Point 73 1338.5 306.83333333333337 1.0 73.0 1.0
Point 74 1340.5 310.83333333333337 1.0 74.0 1.0
Point 75 1337.8333333333333 310.83333333333337 1.0 75.0 1.0
Point 76 1337.1666666666667 298.83333333333337 1.0 76.0 1.0
Point 77 1341.1666666666667 304.83333333333337 1.0 77.0 1.0
Point 78 1344.5 304.16666666666663 1.0 78.0 1.0
Point 79 1341.1666666666667 296.83333333333337 1.0 79.0 1.0
Point 80 1339.8333333333333 296.16666666666663 1.0 80.0 1.0
Point 81 1341.1666666666667 294.83333333333337 1.0 81.0 1.0
Point 82 1342.5 288.16666666666663 1.0 82.0 1.0
Point 83 1342.5 284.16666666666663 1.0 83.0 1.0
Point 84 1347.1666666666667 276.83333333333337 1.0 84.0 1.0
Point 85 1354.5 266.83333333333337 1.0 85.0 1.0
Point 86 1345.8333333333333 272.16666666666663 1.0 86.0 1.0
Point 87 1342.5 274.16666666666663 1.0 87.0 1.0
Point 88 1349.1666666666667 270.83333333333337 1.0 88.0 1.0
Point 89 1350.5 274.83333333333337 1.0 89.0 1.0
Point 90 1355.1666666666667 266.83333333333337 1.0 90.0 1.0
Point 91 1356.5 262.1666666666667 1.0 91.0 1.0
Point 92 1355.1666666666667 259.5 1.0 92.0 1.0
Point 93 1353.1666666666667 261.5 1.0 93.0 1.0
Point 94 1353.1666666666667 264.83333333333337 1.0 94.0 1.0
Point 95 1358.5 265.5 1.0 95.0 1.0
Point 96 1354.5 262.1666666666667 1.0 96.0 1.0
Point 97 1353.1666666666667 276.83333333333337 1.0 97.0 1.0
Point 98 1348.5 264.16666666666663 1.0 98.0 1.0
Point 99 1341.1666666666667 268.83333333333337 1.0 99.0 1.0
Point 100 1341.1666666666667 265.5 1.0 100.0 1.0
Point 101 1350.5 272.83333333333337 1.0 101.0 1.0
Point 102 1341.8333333333333 274.16666666666663 1.0 102.0 1.0
Point 103 1346.5 286.16666666666663 1.0 103.0 1.0
Point 104 1348.5 293.5 1.0 104.0 1.0
Point 105 1346.5 295.5 1.0 105.0 1.0
Point 106 1342.5 318.16666666666663 1.0 106.0 1.0
Point 107 1345.1666666666667 310.83333333333337 1.0 107.0 1.0
Point 108 1344.5 319.5 1.0 108.0 1.0
Point 109 1338.5 354.16666666666663 1.0 109.0 1.0
Point 110 1338.5 350.83333333333337 1.0 110.0 1.0
Point 111 1339.8333333333333 348.16666666666663 1.0 111.0 1.0
Point 112 1328.5 386.83333333333337 1.0 112.0 1.0
Point 113 1332.5 382.83333333333337 1.0 113.0 1.0
Point 114 1331.8333333333333 394.1666666666667 1.0 114.0 1.0
Point 115 1333.1666666666667 394.8333333333333 1.0 115.0 1.0
Point 116 1332.5 386.83333333333337 1.0 116.0 1.0
Point 117 1335.1666666666667 379.5 1.0 117.0 1.0
Point 118 1331.8333333333333 380.83333333333337 1.0 118.0 1.0
Point 119 1335.8333333333333 373.5 1.0 119.0 1.0
Point 120 1335.8333333333333 382.16666666666663 1.0 120.0 1.0
Point 121 1329.1666666666667 376.83333333333337 1.0 121.0 1.0
Point 122 1331.8333333333333 368.16666666666663 1.0 122.0 1.0
Point 123 1334.5 371.5 1.0 123.0 1.0
Point 124 1338.5 358.83333333333337 1.0 124.0 1.0
Point 125 1339.1666666666667 359.5 1.0 125.0 1.0
Point 126 1341.8333333333333 348.16666666666663 1.0 126.0 1.0
Point 127 1345.1666666666667 326.16666666666663 1.0 127.0 1.0
Point 128 1344.5 328.16666666666663 1.0 128.0 1.0
Point 129 1345.1666666666667 320.83333333333337 1.0 129.0 1.0
Point 130 1344.5 314.83333333333337 1.0 130.0 1.0
Point 131 1346.5 310.83333333333337 1.0 131.0 1.0
Point 132 1346.5 322.83333333333337 1.0 132.0 1.0
Point 133 1343.8333333333333 326.83333333333337 1.0 133.0 1.0
Point 140 1344.5 312.83333333333337 1.0 134.0 1.0
Point 135 1341.1666666666667 312.16666666666663 1.0 135.0 1.0
Point 136 1341.8333333333333 308.16666666666663 1.0 136.0 1.0
Point 137 1342.5 308.16666666666663 1.0 137.0 1.0
Point 141 1340.5 303.5 1.0 138.0 1.0
Point 142 1342.5 302.16666666666663 1.0 139.0 1.0
Point 143 1339.1666666666667 297.5 1.0 140.0 1.0
Point 144 1339.1666666666667 294.16666666666663 1.0 141.0 1.0
Point 145 1329.1666666666667 290.16666666666663 1.0 142.0 1.0
Point 146 1325.8333333333333 290.83333333333337 1.0 143.0 1.0
Point 147 1313.8333333333333 291.5 1.0 144.0 1.0
Point 148 1290.5 305.5 1.0 145.0 1.0
Point 149 1283.1666666666667 306.16666666666663 1.0 146.0 1.0
Point 150 1297.8333333333333 296.16666666666663 1.0 147.0 1.0
Point 151 1296.5 301.5 1.0 148.0 1.0
Point 152 1306.5 291.5 1.0 149.0 1.0
Point 153 1307.1666666666667 290.16666666666663 1.0 150.0 1.0
Point 154 1296.5 302.83333333333337 1.0 151.0 1.0
Point 155 1301.1666666666667 296.16666666666663 1.0 152.0 1.0
Point 156 1288.5 314.16666666666663 1.0 153.0 1.0
Point 157 1296.5 296.83333333333337 1.0 154.0 1.0
Point 158 1308.5 288.83333333333337 1.0 155.0 1.0
Point 159 1305.1666666666667 291.5 1.0 156.0 1.0
Point 160 1305.1666666666667 288.16666666666663 1.0 157.0 1.0
Point 161 1307.1666666666667 285.5 1.0 158.0 1.0
Point 162 1299.8333333333333 292.16666666666663 1.0 159.0 1.0
Point 163 1307.8333333333333 285.5 1.0 160.0 1.0
Point 164 1302.5 289.5 1.0 161.0 1.0
Point 165 1302.5 292.83333333333337 1.0 162.0 1.0
Point 166 1301.1666666666667 290.83333333333337 1.0 163.0 1.0
Point 167 1312.5 284.16666666666663 1.0 164.0 1.0
Point 168 1297.8333333333333 294.83333333333337 1.0 165.0 1.0
Point 169 1308.5 288.16666666666663 1.0 166.0 1.0
Point 170 1303.8333333333333 284.83333333333337 1.0 167.0 1.0
Point 171 1297.8333333333333 291.5 1.0 168.0 1.0
Point 172 1296.5 285.5 1.0 169.0 1.0
Point 173 1301.1666666666667 278.16666666666663 1.0 170.0 1.0
Point 174 1299.1666666666667 278.16666666666663 1.0 171.0 1.0
Point 175 1307.8333333333333 273.5 1.0 172.0 1.0
Point 176 1303.1666666666667 274.16666666666663 1.0 173.0 1.0
Point 177 1297.1666666666667 278.16666666666663 1.0 174.0 1.0
Point 178 1297.1666666666667 273.5 1.0 175.0 1.0
Point 179 1291.8333333333333 278.83333333333337 1.0 176.0 1.0
Point 180 1291.1666666666667 277.5 1.0 177.0 1.0
Point 181 1291.8333333333333 276.16666666666663 1.0 178.0 1.0
Point 182 1295.8333333333333 274.16666666666663 1.0 179.0 1.0
Point 183 1295.1666666666667 274.16666666666663 1.0 180.0 1.0
Point 184 1295.1666666666667 273.5 1.0 181.0 1.0
Point 185 1290.5 276.83333333333337 1.0 182.0 1.0
Point 186 1287.8333333333333 278.83333333333337 1.0 183.0 1.0
Point 187 1301.8333333333333 268.16666666666663 1.0 184.0 1.0
Point 188 1299.1666666666667 268.16666666666663 1.0 185.0 1.0
Point 189 1304.5 267.5 1.0 187.0 1.0
Point 190 1300.5 267.5 1.0 188.0 1.0
Point 191 1273.1666666666667 280.16666666666663 1.0 189.0 1.0
Point 192 1283.1666666666667 274.83333333333337 1.0 190.0 1.0
Point 193 1287.8333333333333 273.5 1.0 191.0 1.0
Point 194 1293.8333333333333 271.5 1.0 192.0 1.0
Point 195 1299.1666666666667 270.16666666666663 1.0 193.0 1.0
Point 196 1299.8333333333333 268.83333333333337 1.0 194.0 1.0
Point 197 1297.8333333333333 269.5 1.0 195.0 1.0
Point 198 1296.5 269.5 1.0 196.0 1.0
Point 199 1303.1666666666667 262.1666666666667 1.0 197.0 1.0
Point 200 1299.1666666666667 265.5 1.0 198.0 1.0
Point 201 1301.1666666666667 262.8333333333333 1.0 199.0 1.0
Point 202 1304.5 257.5 1.0 200.0 1.0
Point 203 1295.8333333333333 262.8333333333333 1.0 201.0 1.0
Point 204 1303.1666666666667 258.1666666666667 1.0 202.0 1.0
Point 205 1311.8333333333333 254.83333333333331 1.0 203.0 1.0
Point 206 1305.1666666666667 258.1666666666667 1.0 204.0 1.0
Point 207 1309.8333333333333 260.1666666666667 1.0 205.0 1.0
Point 208 1307.1666666666667 258.1666666666667 1.0 206.0 1.0
Point 209 1307.8333333333333 265.5 1.0 207.0 1.0
Point 210 1315.8333333333333 260.8333333333333 1.0 208.0 1.0
Point 211 1311.8333333333333 258.1666666666667 1.0 209.0 1.0
Point 212 1311.1666666666667 254.83333333333331 1.0 210.0 1.0
Point 213 1311.1666666666667 261.5 1.0 211.0 1.0
Point 214 1317.1666666666667 263.5 1.0 212.0 1.0
Point 215 1317.1666666666667 259.5 1.0 213.0 1.0
Point 216 1327.8333333333333 259.5 1.0 214.0 1.0
Point 217 1318.5 264.83333333333337 1.0 215.0 1.0
Point 218 1323.1666666666667 256.8333333333333 1.0 216.0 1.0
Point 219 1325.8333333333333 256.1666666666667 1.0 217.0 1.0
Point 220 1335.1666666666667 249.5 1.0 218.0 1.0
Point 221 1328.5 252.83333333333331 1.0 219.0 1.0
Point 222 1360.5 240.83333333333331 1.0 220.0 1.0
Point 223 1369.1666666666667 238.16666666666669 1.0 221.0 1.0
Point 224 1366.5 235.5 1.0 222.0 1.0
Point 225 1388.5 246.83333333333331 1.0 223.0 1.0
Point 226 1385.1666666666667 241.5 1.0 224.0 1.0
Point 227 1391.1666666666667 248.83333333333331 1.0 225.0 1.0
Point 228 1374.5 238.16666666666669 1.0 226.0 1.0
Point 229 1361.1666666666667 239.5 1.0 227.0 1.0
Point 230 1375.8333333333333 239.5 1.0 228.0 1.0
Point 231 1372.5 230.16666666666669 1.0 229.0 1.0
Point 232 1380.5 221.5 1.0 230.0 1.0
Point 233 1374.5 217.5 1.0 231.0 1.0
Point 234 1373.1666666666667 220.83333333333331 1.0 232.0 1.0
Point 235 1403.1666666666667 213.5 1.0 233.0 1.0
Point 236 1409.1666666666667 210.83333333333331 1.0 234.0 1.0
Point 237 1411.8333333333333 205.5 1.0 235.0 1.0
Point 238 1411.8333333333333 204.83333333333331 1.0 236.0 1.0
Point 239 1408.5 205.5 1.0 237.0 1.0
Point 240 1401.8333333333333 214.83333333333331 1.0 238.0 1.0
Point 241 1398.5 227.5 1.0 239.0 1.0
Point 242 1406.5 213.5 1.0 240.0 1.0
End of MTrackJ Data File
