MTrackJ 1.5.1 Data File
Displaying true true true 2 0 0 0 100 10 0 0 0 0 1 12 0 true true true false
Assembly 1 FF0000
Cluster 1 FF0000
Track 1 FF0000 true
Point 1 874.0 596.0 1.0 1.0 1.0
Point 2 872.0 597.0 1.0 2.0 1.0
Point 3 872.0 592.0 1.0 3.0 1.0
Point 4 870.0 592.0 1.0 4.0 1.0
Point 5 865.0 586.0 1.0 5.0 1.0
Point 6 865.0 587.0 1.0 6.0 1.0
Point 7 861.0 585.0 1.0 7.0 1.0
Point 8 858.0 584.0 1.0 8.0 1.0
Point 9 857.0 581.0 1.0 9.0 1.0
Point 10 856.0 581.0 1.0 10.0 1.0
Point 11 856.0 581.0 1.0 11.0 1.0
Point 12 855.0 581.0 1.0 12.0 1.0
Point 13 855.0 579.0 1.0 13.0 1.0
Point 14 855.0 579.0 1.0 14.0 1.0
Point 15 856.0 576.0 1.0 15.0 1.0
Point 16 856.0 576.0 1.0 16.0 1.0
Point 17 858.0 580.0 1.0 17.0 1.0
Point 18 862.0 580.0 1.0 18.0 1.0
Point 19 862.0 578.0 1.0 19.0 1.0
Point 20 861.0 577.0 1.0 20.0 1.0
Point 21 861.0 577.0 1.0 21.0 1.0
Point 22 861.0 577.0 1.0 22.0 1.0
Point 23 864.0 578.0 1.0 23.0 1.0
Point 24 865.0 580.0 1.0 24.0 1.0
Point 25 873.0 582.0 1.0 25.0 1.0
Point 26 868.0 582.0 1.0 26.0 1.0
Point 27 866.0 581.0 1.0 27.0 1.0
Point 28 866.0 582.0 1.0 28.0 1.0
Point 29 868.0 584.0 1.0 29.0 1.0
Point 30 872.0 581.0 1.0 30.0 1.0
Point 31 875.0 585.0 1.0 31.0 1.0
Point 32 876.0 584.0 1.0 32.0 1.0
Point 33 876.0 584.0 1.0 33.0 1.0
Point 34 876.0 584.0 1.0 34.0 1.0
Point 35 877.0 583.0 1.0 35.0 1.0
Point 36 877.0 585.0 1.0 36.0 1.0
Point 37 880.0 585.0 1.0 37.0 1.0
Point 38 881.0 586.0 1.0 38.0 1.0
Point 39 884.0 588.0 1.0 39.0 1.0
Point 40 884.0 587.0 1.0 40.0 1.0
Point 41 886.0 589.0 1.0 41.0 1.0
Point 42 886.0 589.0 1.0 42.0 1.0
Point 43 887.0 590.0 1.0 43.0 1.0
Point 44 887.0 590.0 1.0 44.0 1.0
Point 45 887.0 590.0 1.0 45.0 1.0
Point 46 887.0 590.0 1.0 46.0 1.0
Point 47 888.0 591.0 1.0 47.0 1.0
Point 48 890.0 593.0 1.0 48.0 1.0
Point 49 891.0 593.0 1.0 49.0 1.0
Point 50 895.0 592.0 1.0 50.0 1.0
Point 51 894.0 594.0 1.0 51.0 1.0
Point 52 896.0 593.0 1.0 52.0 1.0
Point 53 898.0 594.0 1.0 53.0 1.0
Point 54 897.0 594.0 1.0 54.0 1.0
Point 55 900.0 596.0 1.0 55.0 1.0
Point 56 899.0 596.0 1.0 56.0 1.0
Point 57 899.0 596.0 1.0 57.0 1.0
Point 58 900.0 598.0 1.0 58.0 1.0
Point 59 902.0 595.0 1.0 59.0 1.0
Point 60 902.0 597.0 1.0 60.0 1.0
Track 2 FFFF00 true
Point 1 908.0 596.0 1.0 61.0 1.0
Point 2 908.0 596.0 1.0 62.0 1.0
Track 3 00FF00 true
Point 1 908.0 597.0 1.0 63.0 1.0
Point 2 908.0 597.0 1.0 64.0 1.0
Point 3 908.0 597.0 1.0 65.0 1.0
Point 4 908.0 597.0 1.0 66.0 1.0
Point 5 908.0 597.0 1.0 67.0 1.0
Point 6 909.0 598.0 1.0 68.0 1.0
Point 7 909.0 597.0 1.0 69.0 1.0
Point 8 909.0 597.0 1.0 70.0 1.0
Point 9 910.0 596.0 1.0 71.0 1.0
Point 10 911.0 595.0 1.0 72.0 1.0
Point 11 912.0 597.0 1.0 73.0 1.0
Point 12 913.0 597.0 1.0 74.0 1.0
Point 13 914.0 598.0 1.0 75.0 1.0
Point 14 914.0 599.0 1.0 76.0 1.0
Point 15 917.0 601.0 1.0 77.0 1.0
Point 16 917.0 602.0 1.0 78.0 1.0
Point 17 916.0 601.0 1.0 79.0 1.0
Point 18 916.0 601.0 1.0 80.0 1.0
Point 19 913.0 599.0 1.0 81.0 1.0
Point 20 913.0 598.0 1.0 82.0 1.0
Point 21 914.0 598.0 1.0 83.0 1.0
Point 22 920.0 599.0 1.0 84.0 1.0
Point 23 921.0 602.0 1.0 85.0 1.0
Point 24 922.0 601.0 1.0 86.0 1.0
Point 25 923.0 602.0 1.0 87.0 1.0
Point 26 923.0 602.0 1.0 88.0 1.0
Point 27 922.0 603.0 1.0 89.0 1.0
Point 28 921.0 603.0 1.0 90.0 1.0
Track 4 00FFFF true
Point 1 915.0 601.0 1.0 91.0 1.0
Point 2 914.0 601.0 1.0 92.0 1.0
Point 3 913.0 599.0 1.0 93.0 1.0
Point 4 912.0 598.0 1.0 94.0 1.0
Point 5 907.0 597.0 1.0 95.0 1.0
Point 6 908.0 598.0 1.0 96.0 1.0
Track 5 0000FF true
Point 1 907.0 598.0 1.0 97.0 1.0
Point 2 900.0 598.0 1.0 98.0 1.0
Point 3 900.0 598.0 1.0 99.0 1.0
Point 4 896.0 596.0 1.0 100.0 1.0
Point 5 898.0 596.0 1.0 101.0 1.0
Point 6 897.0 596.0 1.0 102.0 1.0
Point 7 896.0 597.0 1.0 103.0 1.0
Point 8 900.0 594.0 1.0 104.0 1.0
Point 9 901.0 596.0 1.0 105.0 1.0
Point 10 902.0 595.0 1.0 106.0 1.0
Point 11 899.0 593.0 1.0 107.0 1.0
Point 12 899.0 591.0 1.0 108.0 1.0
Point 13 893.0 590.0 1.0 109.0 1.0
Point 14 895.0 589.0 1.0 110.0 1.0
Point 15 897.0 589.0 1.0 111.0 1.0
Point 16 899.0 589.0 1.0 112.0 1.0
Point 17 901.0 590.0 1.0 113.0 1.0
Track 6 FF00FF true
Point 1 905.0 591.0 1.0 114.0 1.0
Point 2 905.0 591.0 1.0 115.0 1.0
Point 3 907.0 594.0 1.0 116.0 1.0
Point 4 908.0 592.0 1.0 117.0 1.0
Point 5 908.0 593.0 1.0 118.0 1.0
Point 6 907.0 591.0 1.0 119.0 1.0
Point 7 907.0 592.0 1.0 120.0 1.0
Point 8 907.0 591.0 1.0 121.0 1.0
Point 9 908.0 590.0 1.0 122.0 1.0
Point 10 908.0 590.0 1.0 123.0 1.0
Point 11 909.0 591.0 1.0 124.0 1.0
Point 12 907.0 587.0 1.0 125.0 1.0
Point 13 905.0 588.0 1.0 126.0 1.0
Point 14 905.0 588.0 1.0 127.0 1.0
Point 15 906.0 589.0 1.0 128.0 1.0
Point 16 906.0 585.0 1.0 129.0 1.0
Point 17 906.0 585.0 1.0 130.0 1.0
Point 18 906.0 585.0 1.0 131.0 1.0
Point 19 906.0 585.0 1.0 132.0 1.0
Point 20 906.0 585.0 1.0 133.0 1.0
Point 21 906.0 585.0 1.0 134.0 1.0
Track 7 FF9900 true
Point 1 906.0 583.0 1.0 135.0 1.0
Point 2 905.0 584.0 1.0 136.0 1.0
Point 3 905.0 584.0 1.0 137.0 1.0
Point 4 907.0 582.0 1.0 138.0 1.0
Point 5 907.0 582.0 1.0 139.0 1.0
Point 6 906.0 582.0 1.0 140.0 1.0
Track 8 8B05BE true
Point 1 904.0 581.0 1.0 141.0 1.0
Point 2 905.0 580.0 1.0 142.0 1.0
Point 3 906.0 580.0 1.0 143.0 1.0
Point 4 906.0 581.0 1.0 144.0 1.0
Point 5 905.0 582.0 1.0 145.0 1.0
Point 6 904.0 583.0 1.0 146.0 1.0
Track 9 008B42 true
Point 1 891.0 579.0 1.0 147.0 1.0
Point 2 892.0 578.0 1.0 148.0 1.0
Point 3 893.0 578.0 1.0 149.0 1.0
Point 4 894.0 578.0 1.0 150.0 1.0
Point 5 894.0 577.0 1.0 151.0 1.0
Point 6 894.0 577.0 1.0 152.0 1.0
Point 7 893.0 577.0 1.0 153.0 1.0
Point 8 894.0 573.0 1.0 154.0 1.0
Point 9 895.0 573.0 1.0 155.0 1.0
Track 10 FFD18B true
Point 1 896.0 571.0 1.0 156.0 1.0
Point 2 895.0 570.0 1.0 157.0 1.0
Point 3 893.0 570.0 1.0 158.0 1.0
Point 4 892.0 570.0 1.0 159.0 1.0
Point 5 885.0 568.0 1.0 160.0 1.0
Point 6 886.0 567.0 1.0 161.0 1.0
Track 11 00388B true
Point 1 888.0 570.0 1.0 162.0 1.0
Point 2 890.0 570.0 1.0 163.0 1.0
Point 3 888.0 570.0 1.0 164.0 1.0
Point 4 888.0 570.0 1.0 165.0 1.0
Point 5 886.0 568.0 1.0 166.0 1.0
Point 6 887.0 568.0 1.0 167.0 1.0
Track 12 D6FF8B true
Point 1 888.0 568.0 1.0 168.0 1.0
Point 2 883.0 569.0 1.0 169.0 1.0
Point 3 884.0 569.0 1.0 170.0 1.0
Point 4 886.0 567.0 1.0 171.0 1.0
Point 5 887.0 568.0 1.0 172.0 1.0
Point 6 887.0 568.0 1.0 173.0 1.0
Track 13 BE0521 true
Point 1 887.0 567.0 1.0 174.0 1.0
Point 2 888.0 567.0 1.0 175.0 1.0
Point 3 888.0 567.0 1.0 176.0 1.0
Point 4 884.0 565.0 1.0 177.0 1.0
Point 5 882.0 567.0 1.0 178.0 1.0
Point 6 881.0 564.0 1.0 179.0 1.0
Point 7 881.0 563.0 1.0 180.0 1.0
Point 8 882.0 562.0 1.0 181.0 1.0
Point 9 883.0 562.0 1.0 182.0 1.0
Point 10 884.0 562.0 1.0 183.0 1.0
Track 14 FF8B9C true
Point 1 884.0 562.0 1.0 184.0 1.0
Point 2 884.0 562.0 1.0 185.0 1.0
Point 3 884.0 562.0 1.0 186.0 1.0
Point 4 885.0 563.0 1.0 187.0 1.0
Point 5 885.0 563.0 1.0 188.0 1.0
Point 6 886.0 562.0 1.0 189.0 1.0
Point 7 886.0 563.0 1.0 190.0 1.0
Track 15 8B6E00 true
Point 1 883.0 564.0 1.0 191.0 1.0
Point 2 882.0 561.0 1.0 192.0 1.0
Point 3 881.0 561.0 1.0 193.0 1.0
Point 4 880.0 561.0 1.0 194.0 1.0
Point 5 871.0 560.0 1.0 195.0 1.0
Point 6 872.0 560.0 1.0 196.0 1.0
Point 7 877.0 557.0 1.0 197.0 1.0
Point 8 877.0 557.0 1.0 198.0 1.0
Point 9 878.0 557.0 1.0 199.0 1.0
Track 16 AC55F7 true
Point 1 877.0 558.0 1.0 200.0 1.0
Point 2 876.0 558.0 1.0 201.0 1.0
Point 3 874.0 559.0 1.0 202.0 1.0
Point 4 874.0 560.0 1.0 203.0 1.0
Point 5 872.0 561.0 1.0 204.0 1.0
Point 6 872.0 561.0 1.0 205.0 1.0
Track 17 ABFF8B true
Point 1 872.0 558.0 1.0 206.0 1.0
Point 2 861.0 559.0 1.0 207.0 1.0
Point 3 863.0 557.0 1.0 208.0 1.0
Point 4 865.0 557.0 1.0 209.0 1.0
Point 5 867.0 557.0 1.0 210.0 1.0
Point 6 869.0 557.0 1.0 211.0 1.0
Track 18 008B76 true
Point 1 870.0 557.0 1.0 212.0 1.0
Point 2 869.0 558.0 1.0 213.0 1.0
Point 3 870.0 558.0 1.0 214.0 1.0
Point 4 871.0 558.0 1.0 215.0 1.0
Point 5 872.0 558.0 1.0 216.0 1.0
Point 6 869.0 561.0 1.0 217.0 1.0
Point 8 858.0 559.0 1.0 218.0 1.0
End of MTrackJ Data File
