MTrackJ 1.5.1 Data File
Displaying true true true 1 2 0 0 100 10 0 0 0 0 1 12 0 false true true false
Assembly 1 FF0000
Cluster 1 FF0000
Track 1 FF0000 true
Point 224 916.5 608.1666666666666 1.0 1.0 3.0
Point 225 913.1666666666667 604.8333333333334 1.0 2.0 3.0
Point 226 909.8333333333333 604.8333333333334 1.0 3.0 3.0
Point 227 909.1666666666667 603.5 1.0 4.0 3.0
Point 228 905.8333333333333 601.5 1.0 5.0 3.0
Point 229 905.8333333333333 599.5 1.0 6.0 3.0
Point 230 907.1666666666667 598.8333333333334 1.0 7.0 3.0
Point 231 904.5 597.5 1.0 8.0 3.0
Point 232 907.1666666666667 596.1666666666666 1.0 9.0 3.0
Point 233 905.1666666666667 596.8333333333334 1.0 10.0 3.0
Point 234 907.8333333333333 594.8333333333334 1.0 11.0 3.0
Point 235 907.1666666666667 595.5 1.0 12.0 3.0
Point 13 911.0 591.0 1.0 13.0 3.0
Point 14 909.0 592.0 1.0 14.0 3.0
Point 15 908.0 596.0 1.0 15.0 3.0
Point 16 909.0 595.0 1.0 16.0 3.0
Point 17 910.0 595.0 1.0 17.0 3.0
Point 237 913.8333333333333 596.1666666666666 1.0 18.0 3.0
Point 238 919.1666666666667 597.5 1.0 19.0 3.0
Point 20 919.0 596.0 1.0 20.0 3.0
Point 21 914.0 595.0 1.0 21.0 3.0
Point 22 915.0 598.0 1.0 22.0 3.0
Point 23 912.0 596.0 1.0 23.0 3.0
Point 24 914.0 598.0 1.0 24.0 3.0
Point 25 920.0 599.0 1.0 25.0 3.0
Point 26 924.0 604.0 1.0 26.0 3.0
Point 27 924.0 602.0 1.0 27.0 3.0
Point 239 920.5 602.8333333333334 1.0 28.0 3.0
Point 240 919.8333333333333 602.8333333333334 1.0 29.0 3.0
Point 30 923.0 604.0 1.0 30.0 3.0
Point 31 923.0 605.0 1.0 31.0 3.0
Point 241 932.5 607.5 1.0 32.0 3.0
Point 33 942.0 612.0 1.0 33.0 3.0
Point 34 953.0 622.0 1.0 34.0 3.0
Point 35 954.0 622.0 1.0 35.0 3.0
Point 36 951.0 620.0 1.0 36.0 3.0
Point 37 950.0 616.0 1.0 37.0 3.0
Point 38 953.0 620.0 1.0 38.0 3.0
Point 39 952.0 619.0 1.0 39.0 3.0
Point 40 947.0 616.0 1.0 40.0 3.0
Point 41 948.0 615.0 1.0 41.0 3.0
Point 42 947.0 613.0 1.0 42.0 3.0
Point 43 949.0 615.0 1.0 43.0 3.0
Point 44 949.0 609.0 1.0 44.0 3.0
Point 45 950.0 607.0 1.0 45.0 3.0
Point 46 952.0 608.0 1.0 46.0 3.0
Point 47 951.0 607.0 1.0 47.0 3.0
Point 48 955.0 601.0 1.0 48.0 3.0
Point 49 962.0 599.0 1.0 49.0 3.0
Point 50 961.0 598.0 1.0 50.0 3.0
Point 51 957.0 603.0 1.0 51.0 3.0
Point 52 953.0 606.0 1.0 52.0 3.0
Point 53 945.0 606.0 1.0 53.0 3.0
Point 54 957.0 605.0 1.0 54.0 3.0
Point 55 957.0 603.0 1.0 55.0 3.0
Point 56 950.0 606.0 1.0 56.0 3.0
Point 57 957.0 603.0 1.0 57.0 3.0
Point 58 976.0 596.0 1.0 58.0 3.0
Point 59 989.0 591.0 1.0 59.0 3.0
Point 60 997.0 587.0 1.0 60.0 3.0
Point 61 995.0 590.0 1.0 61.0 3.0
Point 62 988.0 591.0 1.0 62.0 3.0
Point 63 979.0 599.0 1.0 63.0 3.0
Point 64 975.0 601.0 1.0 64.0 3.0
Point 65 986.0 603.0 1.0 65.0 3.0
Point 66 988.0 609.0 1.0 66.0 3.0
Point 67 983.0 604.0 1.0 67.0 3.0
Point 68 982.0 606.0 1.0 68.0 3.0
Point 69 977.0 608.0 1.0 69.0 3.0
Point 70 977.0 611.0 1.0 70.0 3.0
Point 71 976.0 613.0 1.0 71.0 3.0
Point 72 967.0 612.0 1.0 72.0 3.0
Point 73 960.0 612.0 1.0 73.0 3.0
Point 74 956.0 609.0 1.0 74.0 3.0
Point 75 960.0 613.0 1.0 75.0 3.0
Point 76 949.0 612.0 1.0 76.0 3.0
Point 77 948.0 614.0 1.0 77.0 3.0
Point 78 949.0 613.0 1.0 78.0 3.0
Point 79 930.0 613.0 1.0 79.0 3.0
Point 80 922.0 607.0 1.0 80.0 3.0
Point 81 919.0 607.0 1.0 81.0 3.0
Point 82 920.0 611.0 1.0 82.0 3.0
Point 83 934.0 611.0 1.0 83.0 3.0
Point 84 945.0 612.0 1.0 84.0 3.0
Point 85 949.0 615.0 1.0 85.0 3.0
Point 86 954.0 615.0 1.0 86.0 3.0
Point 87 951.0 613.0 1.0 87.0 3.0
Point 88 941.0 611.0 1.0 88.0 3.0
Point 89 929.0 605.0 1.0 89.0 3.0
Point 90 928.0 607.0 1.0 90.0 3.0
Point 91 919.0 601.0 1.0 91.0 3.0
Point 92 902.0 598.0 1.0 92.0 3.0
Point 93 893.0 596.0 1.0 93.0 3.0
Point 94 889.0 599.0 1.0 94.0 3.0
Point 95 883.0 593.0 1.0 95.0 3.0
Point 96 880.0 593.0 1.0 96.0 3.0
Point 97 878.0 595.0 1.0 97.0 3.0
Point 98 877.0 598.0 1.0 98.0 3.0
Point 99 871.0 598.0 1.0 99.0 3.0
Point 100 865.0 601.0 1.0 100.0 3.0
Point 101 866.0 604.0 1.0 101.0 3.0
Point 102 863.0 598.0 1.0 102.0 3.0
Point 103 867.0 602.0 1.0 103.0 3.0
Point 104 873.0 603.0 1.0 104.0 3.0
Point 105 877.0 602.0 1.0 105.0 3.0
Point 106 879.0 596.0 1.0 106.0 3.0
Point 107 879.0 593.0 1.0 107.0 3.0
Point 108 872.0 592.0 1.0 108.0 3.0
Point 109 876.0 596.0 1.0 109.0 3.0
Point 110 872.0 598.0 1.0 110.0 3.0
Point 111 871.0 596.0 1.0 111.0 3.0
Point 112 870.0 594.0 1.0 112.0 3.0
Point 113 869.0 593.0 1.0 113.0 3.0
Point 114 871.0 595.0 1.0 114.0 3.0
Point 115 873.0 596.0 1.0 115.0 3.0
Point 116 867.0 590.0 1.0 116.0 3.0
Point 117 869.0 593.0 1.0 117.0 3.0
Point 118 871.0 594.0 1.0 118.0 3.0
Point 119 870.0 592.0 1.0 119.0 3.0
Point 120 867.0 590.0 1.0 120.0 3.0
Point 121 869.0 594.0 1.0 121.0 3.0
Point 122 871.0 593.0 1.0 122.0 3.0
Point 123 866.0 591.0 1.0 123.0 3.0
Point 219 865.8333333333333 587.5 1.0 124.0 3.0
Point 220 873.8333333333333 590.8333333333334 1.0 125.0 3.0
Point 126 871.0 589.0 1.0 126.0 3.0
Point 127 870.0 591.0 1.0 127.0 3.0
Point 128 871.0 593.0 1.0 128.0 3.0
Point 129 871.0 592.0 1.0 129.0 3.0
Point 130 874.0 592.0 1.0 130.0 3.0
Point 131 878.0 589.0 1.0 131.0 3.0
Point 132 882.0 589.0 1.0 132.0 3.0
Point 133 880.0 593.0 1.0 133.0 3.0
Point 134 882.0 595.0 1.0 134.0 3.0
Point 135 894.0 598.0 1.0 135.0 3.0
Point 136 896.0 597.0 1.0 136.0 3.0
Point 137 892.0 595.0 1.0 137.0 3.0
Point 138 895.0 598.0 1.0 138.0 3.0
Point 139 893.0 598.0 1.0 139.0 3.0
Point 242 886.5 592.1666666666666 1.0 140.0 3.0
Point 141 889.0 591.0 1.0 141.0 3.0
Point 243 887.8333333333333 592.1666666666666 1.0 142.0 3.0
Point 143 880.0 591.0 1.0 143.0 3.0
Point 221 883.8333333333333 591.5 1.0 144.0 3.0
Point 145 874.0 583.0 1.0 145.0 3.0
Point 146 881.0 587.0 1.0 146.0 3.0
Point 147 877.0 583.0 1.0 147.0 3.0
Point 244 865.8333333333333 586.8333333333334 1.0 148.0 3.0
Point 149 855.0 579.0 1.0 149.0 3.0
Point 150 862.0 583.0 1.0 150.0 3.0
Point 151 865.0 583.0 1.0 151.0 3.0
Point 245 859.1666666666666 581.5 1.0 152.0 3.0
Point 222 857.8333333333334 578.1666666666666 1.0 153.0 3.0
Point 154 857.0 578.0 1.0 154.0 3.0
Point 155 856.0 576.0 1.0 155.0 3.0
Point 156 855.0 576.0 1.0 156.0 3.0
Point 157 862.0 584.0 1.0 157.0 3.0
Point 158 861.0 583.0 1.0 158.0 3.0
Point 159 852.0 585.0 1.0 159.0 3.0
Point 160 851.0 583.0 1.0 160.0 3.0
Point 161 859.0 584.0 1.0 161.0 3.0
Point 162 860.0 586.0 1.0 162.0 3.0
Point 163 861.0 584.0 1.0 163.0 3.0
Point 164 859.0 576.0 1.0 164.0 3.0
Point 165 863.0 579.0 1.0 165.0 3.0
Point 166 864.0 576.0 1.0 166.0 3.0
Point 246 866.5 580.8333333333334 1.0 167.0 3.0
Point 247 867.8333333333333 580.8333333333334 1.0 168.0 3.0
Point 169 866.0 577.0 1.0 169.0 3.0
Point 170 866.0 579.0 1.0 170.0 3.0
Point 223 860.5 576.8333333333334 1.0 171.0 3.0
Point 172 862.0 581.0 1.0 172.0 3.0
Point 173 859.0 575.0 1.0 173.0 3.0
Point 174 862.0 574.0 1.0 174.0 3.0
Point 175 865.0 572.0 1.0 175.0 3.0
Point 176 862.0 577.0 1.0 176.0 3.0
Point 177 860.0 575.0 1.0 177.0 3.0
Point 178 857.0 576.0 1.0 178.0 3.0
Point 179 853.0 571.0 1.0 179.0 3.0
Point 248 851.1666666666666 571.5 1.0 180.0 3.0
Point 181 852.0 572.0 1.0 181.0 3.0
Point 182 855.0 570.0 1.0 182.0 3.0
Point 183 848.0 568.0 1.0 183.0 3.0
Point 184 844.0 572.0 1.0 184.0 3.0
Point 185 846.0 570.0 1.0 185.0 3.0
Point 186 847.0 570.0 1.0 186.0 3.0
Point 249 846.5 571.5 1.0 187.0 3.0
Point 250 841.8333333333334 570.1666666666666 1.0 188.0 3.0
Point 189 851.0 571.0 1.0 189.0 3.0
Point 190 857.0 569.0 1.0 190.0 3.0
Point 191 856.0 575.0 1.0 191.0 3.0
Point 192 859.0 573.0 1.0 192.0 3.0
Point 193 861.0 569.0 1.0 193.0 3.0
Point 194 859.0 571.0 1.0 194.0 3.0
Point 195 857.0 570.0 1.0 195.0 3.0
Point 196 860.0 570.0 1.0 196.0 3.0
Point 197 859.0 572.0 1.0 197.0 3.0
Point 198 855.0 568.0 1.0 198.0 3.0
Point 199 856.0 572.0 1.0 199.0 3.0
Point 200 855.0 570.0 1.0 200.0 3.0
Point 201 852.0 569.0 1.0 201.0 3.0
Point 202 856.0 568.0 1.0 202.0 3.0
Point 203 855.0 572.0 1.0 203.0 3.0
Point 204 856.0 572.0 1.0 204.0 3.0
Point 205 855.0 572.0 1.0 205.0 3.0
Point 206 855.0 573.0 1.0 206.0 3.0
Point 207 854.0 576.0 1.0 207.0 3.0
Point 208 856.0 577.0 1.0 208.0 3.0
Point 209 857.0 574.0 1.0 209.0 3.0
Point 210 852.0 575.0 1.0 210.0 3.0
Point 211 853.0 576.0 1.0 211.0 3.0
Point 212 854.0 579.0 1.0 212.0 3.0
Point 213 868.0 589.0 1.0 213.0 3.0
Point 214 867.0 582.0 1.0 214.0 3.0
Point 215 872.0 573.0 1.0 215.0 3.0
Point 216 874.0 562.0 1.0 216.0 3.0
Point 217 868.0 564.0 1.0 217.0 3.0
Point 218 869.0 560.0 1.0 218.0 3.0
End of MTrackJ Data File
