MTrackJ 1.5.1 Data File
Displaying true true true 2 0 0 0 100 10 0 0 0 0 1 12 0 true true true false
Assembly 1 FF0000
Cluster 1 FF0000
Track 1 FF0000 true
Point 1 520.8333333333333 242.83333333333334 1.0 1.0 3.0
Point 2 533.5 246.83333333333334 1.0 2.0 3.0
Point 3 526.8333333333333 232.83333333333334 1.0 3.0 3.0
Point 4 523.5 226.16666666666666 1.0 4.0 3.0
Point 5 530.8333333333333 224.83333333333334 1.0 5.0 3.0
Point 6 540.1666666666667 226.16666666666666 1.0 6.0 3.0
Point 7 534.1666666666667 218.16666666666666 1.0 7.0 3.0
Point 8 540.1666666666667 219.5 1.0 8.0 3.0
Point 9 538.8333333333333 212.16666666666666 1.0 9.0 3.0
Point 10 547.5 210.83333333333334 1.0 10.0 3.0
Point 11 547.5 207.5 1.0 11.0 3.0
Point 12 550.1666666666667 211.5 1.0 12.0 3.0
Point 13 546.8333333333333 206.16666666666666 1.0 13.0 3.0
Point 14 545.5 200.83333333333334 1.0 14.0 3.0
Point 15 553.5 201.5 1.0 15.0 3.0
Point 16 552.8333333333333 201.5 1.0 16.0 3.0
Point 17 550.8333333333333 196.83333333333334 1.0 17.0 3.0
Point 18 542.1666666666667 192.83333333333334 1.0 18.0 3.0
Point 19 550.1666666666667 192.16666666666666 1.0 19.0 3.0
Point 20 560.1666666666667 192.83333333333334 1.0 20.0 3.0
Point 21 565.5 191.5 1.0 21.0 3.0
Point 22 570.1666666666667 194.16666666666666 1.0 22.0 3.0
Point 23 564.1666666666667 190.16666666666666 1.0 23.0 3.0
Point 24 573.5 188.83333333333334 1.0 24.0 3.0
Point 25 554.8333333333333 184.83333333333334 1.0 25.0 3.0
Point 26 563.5 186.16666666666666 1.0 26.0 3.0
Point 27 561.5 184.16666666666666 1.0 27.0 3.0
Point 28 552.8333333333333 183.5 1.0 28.0 3.0
Point 29 547.5 180.16666666666666 1.0 29.0 3.0
Point 30 534.1666666666667 164.16666666666666 1.0 30.0 3.0
Point 31 557.5 176.16666666666666 1.0 31.0 3.0
Point 32 544.8333333333333 172.16666666666666 1.0 32.0 3.0
Point 33 560.1666666666667 180.16666666666666 1.0 33.0 3.0
Point 34 564.8333333333333 182.16666666666666 1.0 34.0 3.0
Point 35 550.1666666666667 175.5 1.0 35.0 3.0
Point 36 574.1666666666667 196.16666666666666 1.0 36.0 3.0
Point 37 575.5 197.5 1.0 37.0 3.0
Point 38 558.8333333333333 178.83333333333334 1.0 38.0 3.0
Point 39 556.8333333333333 176.16666666666666 1.0 39.0 3.0
Point 40 559.5 171.5 1.0 40.0 3.0
Point 41 567.5 172.16666666666666 1.0 41.0 3.0
Point 42 563.5 170.16666666666666 1.0 42.0 3.0
Point 43 558.1666666666667 169.5 1.0 43.0 3.0
Point 44 570.8333333333333 166.83333333333334 1.0 44.0 3.0
Point 45 577.5 162.16666666666666 1.0 45.0 3.0
Point 46 578.8333333333333 159.5 1.0 46.0 3.0
Point 47 582.1666666666667 158.83333333333334 1.0 47.0 3.0
Point 48 575.5 160.16666666666666 1.0 48.0 3.0
Point 49 580.8333333333333 158.83333333333334 1.0 49.0 3.0
Point 50 592.1666666666667 144.83333333333334 1.0 50.0 3.0
Point 51 588.1666666666667 150.83333333333334 1.0 51.0 3.0
Point 52 590.8333333333333 146.83333333333334 1.0 52.0 3.0
Point 53 590.1666666666667 144.83333333333334 1.0 53.0 3.0
Point 54 593.5 142.83333333333334 1.0 54.0 3.0
Point 55 586.8333333333333 143.5 1.0 55.0 3.0
Point 56 580.1666666666667 148.83333333333334 1.0 56.0 3.0
Point 57 588.8333333333333 141.5 1.0 57.0 3.0
Point 58 590.8333333333333 138.16666666666666 1.0 58.0 3.0
Point 59 598.1666666666667 134.83333333333334 1.0 59.0 3.0
Point 60 584.1666666666667 136.16666666666666 1.0 60.0 3.0
Point 61 592.8333333333333 132.83333333333334 1.0 61.0 3.0
Point 62 632.8333333333333 144.83333333333334 1.0 62.0 3.0
Point 63 586.1666666666667 135.5 1.0 63.0 3.0
Point 64 597.5 136.83333333333334 1.0 64.0 3.0
Point 65 596.8333333333333 133.5 1.0 65.0 3.0
Point 66 597.5 131.5 1.0 66.0 3.0
Point 67 598.1666666666667 128.83333333333334 1.0 67.0 3.0
Point 68 598.8333333333333 128.83333333333334 1.0 68.0 3.0
Point 69 594.8333333333333 122.16666666666667 1.0 69.0 3.0
Point 70 599.5 119.5 1.0 70.0 3.0
Point 71 595.5 122.16666666666667 1.0 71.0 3.0
Point 72 594.8333333333333 131.5 1.0 72.0 3.0
Point 73 590.8333333333333 122.16666666666667 1.0 73.0 3.0
Point 74 592.1666666666667 119.5 1.0 74.0 3.0
Point 75 596.8333333333333 118.16666666666667 1.0 75.0 3.0
Point 76 596.1666666666667 115.5 1.0 76.0 3.0
Point 77 583.5 116.16666666666667 1.0 77.0 3.0
Point 78 592.8333333333333 113.5 1.0 78.0 3.0
Point 79 591.5 113.5 1.0 79.0 3.0
Point 80 596.1666666666667 110.16666666666667 1.0 80.0 3.0
Point 81 596.1666666666667 110.16666666666667 1.0 81.0 3.0
Point 82 591.5 110.83333333333333 1.0 82.0 3.0
Point 83 592.8333333333333 110.16666666666667 1.0 83.0 3.0
Point 84 594.1666666666667 110.16666666666667 1.0 84.0 3.0
Point 85 593.5 110.83333333333333 1.0 85.0 3.0
Point 86 571.5 118.83333333333333 1.0 86.0 3.0
Point 87 562.1666666666667 119.5 1.0 87.0 3.0
Point 88 583.5 114.83333333333333 1.0 88.0 3.0
Point 89 587.5 111.5 1.0 89.0 3.0
Point 90 588.8333333333333 110.83333333333333 1.0 90.0 3.0
Point 91 565.5 118.16666666666667 1.0 91.0 3.0
Point 92 573.5 115.5 1.0 92.0 3.0
Point 93 579.5 112.16666666666667 1.0 93.0 3.0
Point 94 584.8333333333333 102.83333333333333 1.0 94.0 3.0
Point 95 581.5 106.16666666666667 1.0 95.0 3.0
Point 96 577.5 106.83333333333333 1.0 96.0 3.0
Point 97 575.5 110.16666666666667 1.0 97.0 3.0
Point 98 584.8333333333333 101.5 1.0 98.0 3.0
Point 99 582.1666666666667 104.83333333333333 1.0 99.0 3.0
Point 100 590.1666666666667 101.5 1.0 100.0 3.0
Point 101 583.5 105.5 1.0 101.0 3.0
Point 102 583.5 106.83333333333333 1.0 102.0 3.0
Point 103 583.5 106.83333333333333 1.0 103.0 3.0
Point 104 593.5 98.16666666666667 1.0 104.0 3.0
Point 105 588.8333333333333 102.16666666666667 1.0 105.0 3.0
Point 106 592.1666666666667 100.16666666666667 1.0 106.0 3.0
Point 107 593.5 98.83333333333333 1.0 107.0 3.0
Point 108 600.8333333333333 102.83333333333333 1.0 108.0 3.0
Point 109 595.5 101.5 1.0 109.0 3.0
Point 110 592.1666666666667 99.5 1.0 110.0 3.0
Point 111 589.5 99.5 1.0 111.0 3.0
Point 112 586.8333333333333 101.5 1.0 112.0 3.0
Point 113 586.8333333333333 101.5 1.0 113.0 3.0
Point 114 589.5 100.83333333333333 1.0 114.0 3.0
Point 115 591.5 99.5 1.0 115.0 3.0
Point 116 606.8333333333333 98.83333333333333 1.0 116.0 3.0
Point 117 615.5 104.83333333333333 1.0 117.0 3.0
Point 118 618.8333333333333 106.16666666666667 1.0 118.0 3.0
Point 119 596.1666666666667 111.5 1.0 119.0 3.0
Point 120 595.5 113.5 1.0 120.0 3.0
Point 121 612.1666666666667 109.5 1.0 121.0 3.0
Point 122 610.8333333333333 106.16666666666667 1.0 122.0 3.0
Point 123 600.8333333333333 106.16666666666667 1.0 123.0 3.0
Point 124 598.1666666666667 108.83333333333333 1.0 124.0 3.0
Point 125 597.5 109.5 1.0 125.0 3.0
Point 126 595.5 110.16666666666667 1.0 126.0 3.0
Point 127 595.5 108.83333333333333 1.0 127.0 3.0
Point 128 594.8333333333333 108.83333333333333 1.0 128.0 3.0
Point 129 608.1666666666667 102.16666666666667 1.0 129.0 3.0
Point 130 609.5 101.5 1.0 130.0 3.0
Point 131 603.5 102.16666666666667 1.0 131.0 3.0
Point 132 609.5 102.16666666666667 1.0 132.0 3.0
Point 133 621.5 98.16666666666667 1.0 133.0 3.0
Point 134 607.5 95.5 1.0 134.0 3.0
Point 135 619.5 96.16666666666667 1.0 135.0 3.0
Point 136 620.8333333333333 96.83333333333333 1.0 136.0 3.0
Point 137 615.5 92.16666666666667 1.0 137.0 3.0
Point 138 606.8333333333333 90.83333333333333 1.0 138.0 3.0
Point 139 616.1666666666667 87.5 1.0 139.0 3.0
Point 140 612.1666666666667 88.83333333333333 1.0 140.0 3.0
Point 141 612.8333333333333 82.83333333333333 1.0 141.0 3.0
Point 142 606.1666666666667 87.5 1.0 142.0 3.0
Point 143 612.8333333333333 90.83333333333333 1.0 143.0 3.0
Point 144 610.1666666666667 88.16666666666667 1.0 144.0 3.0
Point 145 608.1666666666667 80.16666666666667 1.0 145.0 3.0
Point 146 612.8333333333333 78.16666666666667 1.0 146.0 3.0
Point 147 616.8333333333333 74.16666666666667 1.0 147.0 3.0
Point 148 616.1666666666667 78.83333333333333 1.0 148.0 3.0
Point 149 620.1666666666667 76.16666666666667 1.0 149.0 3.0
Point 150 608.8333333333333 74.83333333333333 1.0 150.0 3.0
Point 151 591.5 71.5 1.0 151.0 3.0
Point 152 587.5 63.5 1.0 152.0 3.0
Point 153 593.5 64.83333333333333 1.0 153.0 3.0
Point 154 577.5 61.5 1.0 154.0 3.0
Point 155 567.5 60.833333333333336 1.0 155.0 3.0
Point 156 542.1666666666667 52.833333333333336 1.0 156.0 3.0
Point 157 546.1666666666667 48.833333333333336 1.0 157.0 3.0
Point 158 543.5 52.833333333333336 1.0 158.0 3.0
Point 159 560.8333333333333 55.5 1.0 159.0 3.0
Point 160 551.5 55.5 1.0 160.0 3.0
Point 161 554.1666666666667 53.5 1.0 161.0 3.0
Point 162 562.8333333333333 54.166666666666664 1.0 162.0 3.0
Point 163 556.8333333333333 51.5 1.0 163.0 3.0
Point 164 556.8333333333333 51.5 1.0 164.0 3.0
Point 165 558.8333333333333 52.833333333333336 1.0 165.0 3.0
Point 166 554.8333333333333 51.5 1.0 166.0 3.0
Point 167 562.8333333333333 54.833333333333336 1.0 167.0 3.0
Point 168 558.1666666666667 51.5 1.0 168.0 3.0
Point 169 553.5 51.5 1.0 169.0 3.0
Point 170 527.5 33.5 1.0 170.0 3.0
Point 171 538.8333333333333 38.833333333333336 1.0 171.0 3.0
Point 172 510.1666666666667 34.833333333333336 1.0 172.0 3.0
Point 173 536.1666666666667 37.5 1.0 173.0 3.0
Point 174 539.5 37.5 1.0 174.0 3.0
End of MTrackJ Data File
