MTrackJ 1.5.1 Data File
Displaying false true true 1 2 0 0 100 90 0 0 0 0 1 8 0 false false true false
Assembly 1 FF0000
Cluster 1 FF0000
Track 1 FF0000 true
Point 1 556.0 264.5 1.0 1.0 2.0
Point 2 560.0 260.5 1.0 2.0 2.0
Point 3 565.0 252.0 1.0 3.0 2.0
Point 4 573.0 247.5 1.0 4.0 2.0
Point 5 577.5 245.5 1.0 5.0 2.0
Point 6 585.5 240.5 1.0 6.0 2.0
Point 7 586.5 238.0 1.0 7.0 2.0
Point 8 589.0 233.5 1.0 8.0 2.0
Point 9 588.5 230.0 1.0 9.0 2.0
Point 10 587.5 227.5 1.0 10.0 2.0
Point 11 587.0 225.5 1.0 11.0 2.0
Point 12 586.0 222.5 1.0 12.0 2.0
Point 13 587.5 218.5 1.0 13.0 2.0
Point 14 590.0 214.5 1.0 14.0 2.0
Point 15 589.5 215.0 1.0 15.0 2.0
Point 16 590.5 214.0 1.0 16.0 2.0
Point 17 591.5 210.0 1.0 17.0 2.0
Point 18 594.5 206.5 1.0 18.0 2.0
Point 19 594.5 204.5 1.0 19.0 2.0
Point 20 595.5 202.5 1.0 20.0 2.0
Point 21 598.0 200.5 1.0 21.0 2.0
Point 22 598.5 198.0 1.0 22.0 2.0
Point 23 599.5 194.0 1.0 23.0 2.0
Point 24 603.5 192.0 1.0 24.0 2.0
Point 25 604.0 190.0 1.0 25.0 2.0
Point 26 606.0 187.5 1.0 26.0 2.0
Point 27 606.0 188.5 1.0 27.0 2.0
Point 28 604.0 188.0 1.0 28.0 2.0
Point 29 602.0 185.5 1.0 29.0 2.0
Point 30 602.0 184.5 1.0 30.0 2.0
Point 31 603.0 181.5 1.0 31.0 2.0
Point 32 603.5 180.0 1.0 32.0 2.0
Point 33 605.0 180.0 1.0 33.0 2.0
Point 34 604.5 179.0 1.0 34.0 2.0
Point 35 606.0 177.0 1.0 35.0 2.0
Point 36 606.0 177.0 1.0 36.0 2.0
Point 37 605.5 175.0 1.0 37.0 2.0
Point 38 605.0 173.0 1.0 38.0 2.0
Point 39 604.5 171.5 1.0 39.0 2.0
Point 40 604.0 168.5 1.0 40.0 2.0
Point 41 602.0 169.0 1.0 41.0 2.0
Point 42 602.5 168.5 1.0 42.0 2.0
Point 43 603.0 168.5 1.0 43.0 2.0
Point 44 603.5 168.0 1.0 44.0 2.0
Point 45 604.0 167.5 1.0 45.0 2.0
Point 46 603.0 167.0 1.0 46.0 2.0
Point 47 602.0 164.0 1.0 47.0 2.0
Point 48 602.0 163.5 1.0 48.0 2.0
Point 49 601.0 161.5 1.0 49.0 2.0
Point 50 602.5 158.5 1.0 50.0 2.0
Point 51 603.0 155.5 1.0 51.0 2.0
Point 52 604.0 156.0 1.0 52.0 2.0
Point 53 605.0 153.5 1.0 53.0 2.0
Point 54 616.5 149.5 1.0 54.0 2.0
Point 55 615.0 148.0 1.0 55.0 2.0
Point 56 613.5 147.0 1.0 56.0 2.0
Point 57 617.0 145.0 1.0 57.0 2.0
Point 58 617.0 143.0 1.0 58.0 2.0
Point 59 620.0 138.5 1.0 59.0 2.0
Point 60 619.5 140.0 1.0 60.0 2.0
Point 61 618.5 139.5 1.0 61.0 2.0
Point 62 617.5 137.5 1.0 62.0 2.0
Point 63 617.5 137.5 1.0 63.0 2.0
Point 64 616.5 137.5 1.0 64.0 2.0
Point 65 615.0 136.5 1.0 65.0 2.0
Point 66 613.5 135.5 1.0 66.0 2.0
Point 67 615.5 134.0 1.0 67.0 2.0
Point 68 616.5 131.0 1.0 68.0 2.0
Point 69 621.0 131.5 1.0 69.0 2.0
Point 70 621.5 131.0 1.0 70.0 2.0
Point 71 619.5 131.0 1.0 71.0 2.0
Point 72 618.5 131.0 1.0 72.0 2.0
Point 73 618.5 129.5 1.0 73.0 2.0
Point 74 621.0 127.0 1.0 74.0 2.0
Point 75 620.5 125.5 1.0 75.0 2.0
Point 76 623.5 127.0 1.0 76.0 2.0
Point 77 623.5 125.0 1.0 77.0 2.0
Point 78 623.0 124.0 1.0 78.0 2.0
Point 79 621.5 122.5 1.0 79.0 2.0
Point 80 621.5 121.5 1.0 80.0 2.0
Point 81 620.5 120.0 1.0 81.0 2.0
Point 82 616.5 118.0 1.0 82.0 2.0
Point 83 615.5 117.0 1.0 83.0 2.0
Point 84 612.5 118.0 1.0 84.0 2.0
Point 85 612.5 117.5 1.0 85.0 2.0
Point 86 608.5 118.0 1.0 86.0 2.0
Point 87 606.0 118.0 1.0 87.0 2.0
Point 88 608.5 118.5 1.0 88.0 2.0
Point 89 609.0 117.5 1.0 89.0 2.0
Point 90 609.5 117.0 1.0 90.0 2.0
Point 91 609.5 114.0 1.0 91.0 2.0
Point 92 609.0 113.5 1.0 92.0 2.0
Point 93 608.5 114.0 1.0 93.0 2.0
Point 94 609.0 113.5 1.0 94.0 2.0
Point 95 609.0 113.0 1.0 95.0 2.0
Point 96 608.5 111.5 1.0 96.0 2.0
Point 97 608.5 111.5 1.0 97.0 2.0
Point 98 609.5 111.0 1.0 98.0 2.0
Point 99 613.5 110.0 1.0 99.0 2.0
Point 100 614.0 107.5 1.0 100.0 2.0
Point 101 615.0 107.5 1.0 101.0 2.0
Point 102 617.0 106.0 1.0 102.0 2.0
Point 103 617.0 105.0 1.0 103.0 2.0
Point 104 618.5 104.0 1.0 104.0 2.0
Point 105 618.5 103.5 1.0 105.0 2.0
Point 106 617.5 102.5 1.0 106.0 2.0
Point 107 618.5 101.5 1.0 107.0 2.0
Point 108 618.5 100.5 1.0 108.0 2.0
Point 109 618.0 102.0 1.0 109.0 2.0
Point 110 617.0 101.0 1.0 110.0 2.0
Point 111 617.0 100.5 1.0 111.0 2.0
Point 112 617.0 100.0 1.0 112.0 2.0
Point 113 618.0 97.5 1.0 113.0 2.0
Point 114 618.5 98.5 1.0 114.0 2.0
Point 115 620.0 99.0 1.0 115.0 2.0
Point 116 620.0 100.0 1.0 116.0 2.0
Point 117 621.5 99.5 1.0 117.0 2.0
Point 118 621.5 96.0 1.0 118.0 2.0
Point 119 624.0 93.5 1.0 119.0 2.0
Point 120 625.0 92.5 1.0 120.0 2.0
Point 121 625.0 93.0 1.0 121.0 2.0
Point 122 624.0 93.0 1.0 122.0 2.0
Point 123 622.0 92.5 1.0 123.0 2.0
Point 124 620.5 92.5 1.0 124.0 2.0
Point 125 617.0 94.5 1.0 125.0 2.0
Point 126 618.0 93.5 1.0 126.0 2.0
Point 127 619.0 93.0 1.0 127.0 2.0
Point 128 620.0 92.0 1.0 128.0 2.0
Point 129 619.5 88.0 1.0 129.0 2.0
Point 130 618.5 86.0 1.0 130.0 2.0
Point 131 620.5 87.0 1.0 131.0 2.0
Point 132 622.5 87.5 1.0 132.0 2.0
Point 133 623.0 86.0 1.0 133.0 2.0
Point 134 622.5 84.5 1.0 134.0 2.0
Point 135 622.5 86.0 1.0 135.0 2.0
Point 136 622.5 85.5 1.0 136.0 2.0
Point 137 621.5 84.5 1.0 137.0 2.0
Point 138 617.5 85.0 1.0 138.0 2.0
Point 139 618.0 85.0 1.0 139.0 2.0
Point 140 619.0 83.0 1.0 140.0 2.0
Point 141 620.0 80.5 1.0 141.0 2.0
Point 142 620.5 80.5 1.0 142.0 2.0
Point 143 621.0 80.5 1.0 143.0 2.0
Point 144 621.5 80.5 1.0 144.0 2.0
Point 145 622.0 78.5 1.0 145.0 2.0
Point 146 622.5 79.0 1.0 146.0 2.0
Point 147 624.5 78.0 1.0 147.0 2.0
Point 148 627.0 74.0 1.0 148.0 2.0
Point 149 628.0 74.0 1.0 149.0 2.0
Point 150 625.0 76.0 1.0 150.0 2.0
Point 151 622.0 76.0 1.0 151.0 2.0
Point 152 618.5 76.0 1.0 152.0 2.0
Point 153 617.5 77.0 1.0 153.0 2.0
Point 154 619.5 76.5 1.0 154.0 2.0
Point 155 619.0 75.0 1.0 155.0 2.0
Point 156 616.5 73.5 1.0 156.0 2.0
Point 157 612.0 75.0 1.0 157.0 2.0
Point 158 603.5 71.5 1.0 158.0 2.0
Point 159 600.0 69.0 1.0 159.0 2.0
Point 160 601.5 68.5 1.0 160.0 2.0
Point 161 601.5 68.5 1.0 161.0 2.0
Point 162 601.5 68.0 1.0 162.0 2.0
Point 163 604.0 68.5 1.0 163.0 2.0
Point 164 604.0 70.0 1.0 164.0 2.0
Point 165 604.0 69.0 1.0 165.0 2.0
Point 166 603.5 69.0 1.0 166.0 2.0
Point 167 602.5 69.0 1.0 167.0 2.0
Point 168 601.5 68.5 1.0 168.0 2.0
Point 169 598.5 67.0 1.0 169.0 2.0
Point 170 597.5 65.0 1.0 170.0 2.0
Point 171 601.5 64.5 1.0 171.0 2.0
Point 172 594.5 62.0 1.0 172.0 2.0
Point 173 594.0 61.5 1.0 173.0 2.0
Point 174 591.0 60.5 1.0 174.0 2.0
Point 175 590.0 60.5 1.0 175.0 2.0
Point 176 587.5 60.0 1.0 176.0 2.0
Point 177 589.5 60.5 1.0 177.0 2.0
Point 178 595.0 64.5 1.0 178.0 2.0
Point 179 598.5 68.0 1.0 179.0 2.0
Point 180 599.0 68.0 1.0 180.0 2.0
Point 181 598.0 66.0 1.0 181.0 2.0
Point 182 597.0 65.5 1.0 182.0 2.0
Point 183 596.5 66.0 1.0 183.0 2.0
Point 184 595.0 64.5 1.0 184.0 2.0
Point 185 596.0 65.0 1.0 185.0 2.0
Point 186 597.0 63.5 1.0 186.0 2.0
Point 187 597.0 63.5 1.0 187.0 2.0
Point 188 596.5 65.0 1.0 188.0 2.0
Point 189 597.0 63.5 1.0 189.0 2.0
Point 190 600.0 66.0 1.0 190.0 2.0
Point 191 605.5 69.5 1.0 191.0 2.0
Point 192 601.0 66.0 1.0 192.0 2.0
Point 193 599.0 67.5 1.0 193.0 2.0
Point 194 600.5 68.0 1.0 194.0 2.0
Point 195 602.0 70.0 1.0 195.0 2.0
Point 196 602.0 70.5 1.0 196.0 2.0
Point 197 604.0 72.0 1.0 197.0 2.0
Point 198 606.0 72.5 1.0 198.0 2.0
Point 199 606.5 73.5 1.0 199.0 2.0
Point 200 605.5 72.5 1.0 200.0 2.0
Point 201 608.5 73.0 1.0 201.0 2.0
Point 202 609.5 73.0 1.0 202.0 2.0
Point 203 611.0 73.0 1.0 203.0 2.0
Point 204 611.0 74.5 1.0 204.0 2.0
Point 205 612.0 74.5 1.0 205.0 2.0
Point 206 613.5 74.5 1.0 206.0 2.0
Point 207 616.5 72.5 1.0 207.0 2.0
Point 208 618.0 72.5 1.0 208.0 2.0
Point 209 617.5 72.0 1.0 209.0 2.0
Point 210 617.5 72.0 1.0 210.0 2.0
Point 211 618.0 70.5 1.0 211.0 2.0
Point 212 617.5 70.0 1.0 212.0 2.0
Point 213 617.0 70.5 1.0 213.0 2.0
Point 214 617.5 69.5 1.0 214.0 2.0
Point 215 616.5 68.5 1.0 215.0 2.0
Point 216 617.0 69.5 1.0 216.0 2.0
Point 217 619.5 72.5 1.0 217.0 2.0
Point 218 619.5 72.0 1.0 218.0 2.0
Point 219 619.0 71.5 1.0 219.0 2.0
Point 220 618.0 71.5 1.0 220.0 2.0
Point 221 618.0 70.5 1.0 221.0 2.0
Point 222 618.0 70.5 1.0 222.0 2.0
Point 223 618.0 70.0 1.0 223.0 2.0
Point 224 617.5 69.5 1.0 224.0 2.0
End of MTrackJ Data File
