MTrackJ 1.5.1 Data File
Displaying true true true 1 2 0 0 100 10 0 0 0 0 1 12 0 false true true false
Assembly 1 FF0000
Cluster 1 FF0000
Track 1 FF0000 true
Point 1 816.0 696.0 1.0 1.0 1.0
Point 2 815.0 693.0 1.0 2.0 1.0
Point 3 816.0 695.0 1.0 3.0 1.0
Point 4 816.0 692.0 1.0 4.0 1.0
Point 5 819.0 690.0 1.0 5.0 1.0
Point 6 818.0 689.0 1.0 6.0 1.0
Point 7 817.0 687.0 1.0 7.0 1.0
Point 8 817.0 685.0 1.0 8.0 1.0
Point 9 816.0 683.0 1.0 9.0 1.0
Point 10 815.0 680.0 1.0 10.0 1.0
Point 11 816.0 679.0 1.0 11.0 1.0
Point 12 816.0 683.0 1.0 12.0 1.0
Point 13 814.0 681.0 1.0 13.0 1.0
Point 14 814.0 682.0 1.0 14.0 1.0
Point 15 817.0 682.0 1.0 15.0 1.0
Point 16 819.0 681.0 1.0 16.0 1.0
Point 17 819.0 679.0 1.0 17.0 1.0
Point 18 819.0 678.0 1.0 18.0 1.0
Point 19 820.0 677.0 1.0 19.0 1.0
Point 20 820.0 675.0 1.0 20.0 1.0
Point 21 818.0 673.0 1.0 21.0 1.0
Point 22 820.0 673.0 1.0 22.0 1.0
Point 23 818.0 673.0 1.0 23.0 1.0
Point 24 818.0 673.0 1.0 24.0 1.0
Point 25 820.0 671.0 1.0 25.0 1.0
Point 26 820.0 670.0 1.0 26.0 1.0
Point 27 820.0 672.0 1.0 27.0 1.0
Point 28 822.0 672.0 1.0 28.0 1.0
Point 29 822.0 672.0 1.0 29.0 1.0
Point 30 825.0 669.0 1.0 30.0 1.0
Point 31 825.0 670.0 1.0 31.0 1.0
Point 32 824.0 672.0 1.0 32.0 1.0
Point 33 824.0 671.0 1.0 33.0 1.0
Point 34 825.0 669.0 1.0 34.0 1.0
Point 35 824.0 668.0 1.0 35.0 1.0
Point 36 827.0 667.0 1.0 36.0 1.0
Point 37 827.0 665.0 1.0 37.0 1.0
Point 38 828.0 665.0 1.0 38.0 1.0
Point 39 827.0 666.0 1.0 39.0 1.0
Point 40 827.0 664.0 1.0 40.0 1.0
Point 41 828.0 664.0 1.0 41.0 1.0
Point 42 828.0 663.0 1.0 42.0 1.0
Point 43 829.0 662.0 1.0 43.0 1.0
Point 44 831.0 662.0 1.0 44.0 1.0
Point 45 832.0 663.0 1.0 45.0 1.0
Point 46 831.0 662.0 1.0 46.0 1.0
Point 47 830.0 663.0 1.0 47.0 1.0
Point 48 833.0 663.0 1.0 48.0 1.0
Point 49 831.0 662.0 1.0 49.0 1.0
Point 50 832.0 661.0 1.0 50.0 1.0
Point 51 833.0 660.0 1.0 51.0 1.0
Point 52 834.0 660.0 1.0 52.0 1.0
Point 53 834.0 660.0 1.0 53.0 1.0
Point 54 836.0 659.0 1.0 54.0 1.0
Point 55 839.0 659.0 1.0 55.0 1.0
Point 56 839.0 658.0 1.0 56.0 1.0
Point 57 839.0 658.0 1.0 57.0 1.0
Point 58 840.0 656.0 1.0 58.0 1.0
Point 59 840.0 656.0 1.0 59.0 1.0
Point 60 840.0 656.0 1.0 60.0 1.0
Point 61 841.0 657.0 1.0 61.0 1.0
Point 62 841.0 656.0 1.0 62.0 1.0
Point 63 840.0 655.0 1.0 63.0 1.0
Point 64 841.0 655.0 1.0 64.0 1.0
Point 65 840.0 654.0 1.0 65.0 1.0
Point 66 839.0 651.0 1.0 66.0 1.0
Point 67 842.0 652.0 1.0 67.0 1.0
Point 68 840.0 651.0 1.0 68.0 1.0
Point 69 843.0 652.0 1.0 69.0 1.0
Point 70 842.0 654.0 1.0 70.0 1.0
Point 71 843.0 654.0 1.0 71.0 1.0
Point 72 842.0 653.0 1.0 72.0 1.0
Point 73 843.0 653.0 1.0 73.0 1.0
Point 74 843.0 653.0 1.0 74.0 1.0
Point 75 844.0 652.0 1.0 75.0 1.0
Point 76 845.0 651.0 1.0 76.0 1.0
Point 77 845.0 650.0 1.0 77.0 1.0
Point 78 845.0 650.0 1.0 78.0 1.0
Point 79 845.0 650.0 1.0 79.0 1.0
Point 80 845.0 651.0 1.0 80.0 1.0
Point 81 845.0 650.0 1.0 81.0 1.0
Point 82 845.0 650.0 1.0 82.0 1.0
Point 83 845.0 649.0 1.0 83.0 1.0
Point 84 845.0 649.0 1.0 84.0 1.0
Point 85 846.0 649.0 1.0 85.0 1.0
Point 86 846.0 651.0 1.0 86.0 1.0
Point 87 849.0 652.0 1.0 87.0 1.0
Point 88 849.0 650.0 1.0 88.0 1.0
Point 89 846.0 651.0 1.0 89.0 1.0
Point 90 847.0 650.0 1.0 90.0 1.0
Point 91 846.0 649.0 1.0 91.0 1.0
Point 92 844.0 647.0 1.0 92.0 1.0
Point 93 843.0 644.0 1.0 93.0 1.0
Point 94 840.0 643.0 1.0 94.0 1.0
Point 95 839.0 640.0 1.0 95.0 1.0
Point 96 840.0 640.0 1.0 96.0 1.0
Point 97 840.0 639.0 1.0 97.0 1.0
Point 98 842.0 639.0 1.0 98.0 1.0
Point 99 841.0 639.0 1.0 99.0 1.0
Point 100 841.0 639.0 1.0 100.0 1.0
Point 101 840.0 639.0 1.0 101.0 1.0
Point 102 838.0 637.0 1.0 102.0 1.0
Point 103 837.0 637.0 1.0 103.0 1.0
Point 104 837.0 639.0 1.0 104.0 1.0
Point 105 836.0 639.0 1.0 105.0 1.0
Point 106 837.0 638.0 1.0 106.0 1.0
Point 107 837.0 636.0 1.0 107.0 1.0
Point 108 837.0 636.0 1.0 108.0 1.0
Point 109 838.0 637.0 1.0 109.0 1.0
Point 110 838.0 636.0 1.0 110.0 1.0
Point 111 837.0 633.0 1.0 111.0 1.0
Point 112 835.0 634.0 1.0 112.0 1.0
Point 113 836.0 633.0 1.0 113.0 1.0
Point 114 838.0 632.0 1.0 114.0 1.0
Point 115 839.0 633.0 1.0 115.0 1.0
Point 116 839.0 634.0 1.0 116.0 1.0
Point 117 839.0 635.0 1.0 117.0 1.0
Point 118 839.0 631.0 1.0 118.0 1.0
Point 119 837.0 628.0 1.0 119.0 1.0
Point 120 837.0 628.0 1.0 120.0 1.0
Point 121 838.0 630.0 1.0 121.0 1.0
Point 122 836.0 628.0 1.0 122.0 1.0
Point 123 836.0 627.0 1.0 123.0 1.0
Point 124 835.0 626.0 1.0 124.0 1.0
Point 125 835.0 627.0 1.0 125.0 1.0
Point 126 836.0 626.0 1.0 126.0 1.0
Point 127 837.0 627.0 1.0 127.0 1.0
Point 128 836.0 627.0 1.0 128.0 1.0
Point 129 834.0 628.0 1.0 129.0 1.0
Point 130 834.0 628.0 1.0 130.0 1.0
Point 131 835.0 626.0 1.0 131.0 1.0
Point 132 836.0 628.0 1.0 132.0 1.0
Point 133 836.0 627.0 1.0 133.0 1.0
Point 134 836.0 627.0 1.0 134.0 1.0
Point 135 837.0 628.0 1.0 135.0 1.0
Point 136 837.0 626.0 1.0 136.0 1.0
Point 137 839.0 625.0 1.0 137.0 1.0
Point 138 838.0 625.0 1.0 138.0 1.0
Point 139 836.0 624.0 1.0 139.0 1.0
Point 140 836.0 623.0 1.0 140.0 1.0
Point 141 835.0 624.0 1.0 141.0 1.0
Point 142 836.0 623.0 1.0 142.0 1.0
Point 143 835.0 623.0 1.0 143.0 1.0
Point 144 833.0 623.0 1.0 144.0 1.0
Point 145 832.0 623.0 1.0 145.0 1.0
Point 146 833.0 622.0 1.0 146.0 1.0
Point 147 833.0 622.0 1.0 147.0 1.0
Point 148 832.0 620.0 1.0 148.0 1.0
Point 149 832.0 619.0 1.0 149.0 1.0
Point 150 831.0 617.0 1.0 150.0 1.0
Point 151 834.0 616.0 1.0 151.0 1.0
Point 152 828.0 621.0 1.0 152.0 1.0
Point 153 828.0 619.0 1.0 153.0 1.0
Point 154 830.0 620.0 1.0 154.0 1.0
Point 155 832.0 620.0 1.0 155.0 1.0
Point 156 831.0 619.0 1.0 156.0 1.0
Point 157 830.0 615.0 1.0 157.0 1.0
Point 158 830.0 616.0 1.0 158.0 1.0
Point 159 830.0 616.0 1.0 159.0 1.0
Point 160 830.0 616.0 1.0 160.0 1.0
Point 161 830.0 617.0 1.0 161.0 1.0
Point 162 831.0 617.0 1.0 162.0 1.0
Point 163 830.0 617.0 1.0 163.0 1.0
Point 164 832.0 617.0 1.0 164.0 1.0
Point 165 830.0 617.0 1.0 165.0 1.0
Point 166 832.0 618.0 1.0 166.0 1.0
Point 167 832.0 617.0 1.0 167.0 1.0
Point 168 831.0 615.0 1.0 168.0 1.0
Point 169 831.0 613.0 1.0 169.0 1.0
Point 170 831.0 615.0 1.0 170.0 1.0
Point 171 830.0 613.0 1.0 171.0 1.0
Point 172 831.0 615.0 1.0 172.0 1.0
Point 173 832.0 616.0 1.0 173.0 1.0
Point 174 831.0 613.0 1.0 174.0 1.0
Point 175 830.0 614.0 1.0 175.0 1.0
Point 176 828.0 614.0 1.0 176.0 1.0
Point 177 830.0 615.0 1.0 177.0 1.0
Point 178 830.0 612.0 1.0 178.0 1.0
Point 179 827.0 613.0 1.0 179.0 1.0
Point 180 826.0 613.0 1.0 180.0 1.0
Point 181 826.0 615.0 1.0 181.0 1.0
Point 182 826.0 615.0 1.0 182.0 1.0
Point 183 828.0 614.0 1.0 183.0 1.0
Point 184 829.0 614.0 1.0 184.0 1.0
Point 185 827.0 613.0 1.0 185.0 1.0
Point 186 827.0 613.0 1.0 186.0 1.0
Point 187 828.0 612.0 1.0 187.0 1.0
Point 188 828.0 612.0 1.0 188.0 1.0
Point 189 827.0 612.0 1.0 189.0 1.0
Point 190 826.0 613.0 1.0 190.0 1.0
Point 191 826.0 613.0 1.0 191.0 1.0
Point 192 828.0 613.0 1.0 192.0 1.0
Point 193 826.0 613.0 1.0 193.0 1.0
Point 194 826.0 614.0 1.0 194.0 1.0
Point 195 824.0 615.0 1.0 195.0 1.0
Point 196 824.0 613.0 1.0 196.0 1.0
Point 197 826.0 613.0 1.0 197.0 1.0
Point 198 825.0 611.0 1.0 198.0 1.0
Point 199 826.0 614.0 1.0 199.0 1.0
Point 200 824.0 612.0 1.0 200.0 1.0
End of MTrackJ Data File
