MTrackJ 1.5.1 Data File
Displaying false true true 1 0 0 0 100 12 0 0 0 0 1 9 1 false false true false
Assembly 1 FF0000
Cluster 1 FF0000
Track 1 FF0000 true
Point 10 502.0 1092.0 1.0 7.0 1.0
Point 11 518.0 1088.0 1.0 8.0 1.0
Point 12 526.0 1084.0 1.0 9.0 1.0
Point 13 549.0 1083.0 1.0 10.0 1.0
Point 14 559.0 1083.0 1.0 11.0 1.0
Point 15 557.0 1080.0 1.0 12.0 1.0
Point 16 557.0 1076.0 1.0 13.0 1.0
Point 17 550.0 1075.0 1.0 14.0 1.0
Point 18 539.0 1071.0 1.0 15.0 1.0
Point 19 541.0 1069.0 1.0 16.0 1.0
Point 20 546.0 1069.0 1.0 17.0 1.0
Point 21 555.0 1069.0 1.0 18.0 1.0
Point 22 571.0 1065.0 1.0 19.0 1.0
Point 23 581.0 1063.0 1.0 20.0 1.0
Point 24 605.0 1058.0 1.0 21.0 1.0
Point 25 605.0 1058.0 1.0 22.0 1.0
Point 26 617.0 1055.0 1.0 23.0 1.0
Point 27 621.0 1055.0 1.0 24.0 1.0
Point 28 611.0 1058.0 1.0 25.0 1.0
Point 29 624.0 1057.0 1.0 26.0 1.0
Point 30 643.0 1061.0 1.0 27.0 1.0
Point 31 658.0 1062.0 1.0 28.0 1.0
Point 32 648.0 1058.0 1.0 29.0 1.0
Point 33 649.0 1049.0 1.0 30.0 1.0
Point 34 651.0 1050.0 1.0 31.0 1.0
Point 35 674.0 1056.0 1.0 32.0 1.0
Point 36 700.0 1046.0 1.0 33.0 1.0
Point 37 708.0 1037.0 1.0 34.0 1.0
Point 38 705.0 1037.0 1.0 35.0 1.0
Point 39 709.0 1030.0 1.0 36.0 1.0
Point 40 709.0 1022.0 1.0 37.0 1.0
Point 41 712.0 1000.0 1.0 38.0 1.0
Point 42 710.0 996.0 1.0 39.0 1.0
Point 43 714.0 1005.0 1.0 40.0 1.0
Point 44 714.0 1008.0 1.0 41.0 1.0
Point 45 708.0 1014.0 1.0 42.0 1.0
Point 46 714.0 1016.0 1.0 43.0 1.0
Point 47 717.0 1016.0 1.0 44.0 1.0
Point 48 725.0 1021.0 1.0 45.0 1.0
Point 49 717.0 1013.0 1.0 46.0 1.0
Point 50 720.0 1015.0 1.0 47.0 1.0
Point 51 719.0 1009.0 1.0 48.0 1.0
Point 52 717.0 991.0 1.0 49.0 1.0
Point 53 726.0 966.0 1.0 50.0 1.0
Point 54 724.0 977.0 1.0 51.0 1.0
Point 55 725.0 978.0 1.0 52.0 1.0
Point 56 716.0 958.0 1.0 53.0 1.0
Point 57 716.0 950.0 1.0 54.0 1.0
Point 58 718.0 948.0 1.0 55.0 1.0
Point 59 724.0 946.0 1.0 56.0 1.0
Point 60 715.0 934.0 1.0 57.0 1.0
Point 61 709.0 921.0 1.0 58.0 1.0
Point 62 693.0 927.0 1.0 59.0 1.0
Point 63 691.0 943.0 1.0 60.0 1.0
Point 64 690.0 950.0 1.0 61.0 1.0
Point 71 679.0 952.0 1.0 62.0 1.0
Point 72 673.0 955.0 1.0 63.0 1.0
Point 73 665.0 961.0 1.0 64.0 1.0
Point 74 650.0 971.0 1.0 65.0 1.0
Point 75 626.0 990.0 1.0 66.0 1.0
Point 76 621.0 990.0 1.0 67.0 1.0
Point 77 620.0 988.0 1.0 68.0 1.0
Point 78 626.0 983.0 1.0 69.0 1.0
Point 79 620.0 988.0 1.0 70.0 1.0
Point 80 617.0 990.0 1.0 71.0 1.0
Point 81 615.0 992.0 1.0 72.0 1.0
Point 82 628.0 983.0 1.0 73.0 1.0
Point 83 637.0 977.0 1.0 74.0 1.0
Point 84 639.0 970.0 1.0 75.0 1.0
Point 85 659.0 957.0 1.0 76.0 1.0
Point 86 672.0 947.0 1.0 77.0 1.0
Point 87 679.0 945.0 1.0 78.0 1.0
Point 88 685.0 944.0 1.0 79.0 1.0
Point 89 683.0 947.0 1.0 80.0 1.0
Point 90 687.0 947.0 1.0 81.0 1.0
Point 91 682.0 940.0 1.0 82.0 1.0
Point 92 678.0 933.0 1.0 83.0 1.0
Point 93 682.0 936.0 1.0 84.0 1.0
Point 94 683.0 937.0 1.0 85.0 1.0
Point 95 679.0 937.0 1.0 86.0 1.0
Point 96 682.0 938.0 1.0 87.0 1.0
Point 97 679.0 920.0 1.0 88.0 1.0
Point 98 686.0 915.0 1.0 89.0 1.0
Point 99 693.0 913.0 1.0 90.0 1.0
Point 100 693.0 912.0 1.0 91.0 1.0
Point 101 696.0 913.0 1.0 92.0 1.0
Point 102 694.0 927.0 1.0 93.0 1.0
Point 103 695.0 923.0 1.0 94.0 1.0
Point 104 696.0 926.0 1.0 95.0 1.0
Point 105 689.0 928.0 1.0 96.0 1.0
Point 106 689.0 935.0 1.0 97.0 1.0
Point 107 685.0 958.0 1.0 98.0 1.0
Point 108 697.0 984.0 1.0 99.0 1.0
Point 109 711.0 997.0 1.0 100.0 1.0
Point 110 723.0 990.0 1.0 101.0 1.0
Point 111 728.0 986.0 1.0 102.0 1.0
Point 112 719.0 981.0 1.0 103.0 1.0
Point 113 706.0 973.0 1.0 104.0 1.0
Point 114 711.0 970.0 1.0 105.0 1.0
Point 115 718.0 970.0 1.0 106.0 1.0
Point 116 732.0 969.0 1.0 107.0 1.0
Point 117 734.0 969.0 1.0 108.0 1.0
Point 118 741.0 964.0 1.0 109.0 1.0
Point 119 747.0 954.0 1.0 110.0 1.0
Point 120 757.0 956.0 1.0 111.0 1.0
Point 121 762.0 955.0 1.0 112.0 1.0
Point 122 762.0 955.0 1.0 113.0 1.0
Point 123 773.0 961.0 1.0 114.0 1.0
Point 124 786.0 962.0 1.0 115.0 1.0
Point 125 794.0 963.0 1.0 116.0 1.0
Point 126 810.0 960.0 1.0 117.0 1.0
Point 127 805.0 959.0 1.0 118.0 1.0
Point 128 808.0 964.0 1.0 119.0 1.0
Point 129 802.0 961.0 1.0 120.0 1.0
Point 130 804.0 963.0 1.0 121.0 1.0
Point 131 804.0 960.0 1.0 122.0 1.0
Point 132 803.0 958.0 1.0 123.0 1.0
Point 133 817.0 962.0 1.0 124.0 1.0
Point 134 819.0 958.0 1.0 125.0 1.0
Point 135 822.0 951.0 1.0 126.0 1.0
Point 136 829.0 954.0 1.0 127.0 1.0
Point 137 838.0 959.0 1.0 128.0 1.0
Point 138 862.0 968.0 1.0 129.0 1.0
Point 139 878.0 978.0 1.0 130.0 1.0
Point 140 889.0 989.0 1.0 131.0 1.0
Point 141 897.0 996.0 1.0 132.0 1.0
Point 142 894.0 1006.0 1.0 133.0 1.0
Point 143 901.0 1002.0 1.0 134.0 1.0
Point 144 929.0 1001.0 1.0 135.0 1.0
Point 145 933.0 997.0 1.0 136.0 1.0
Point 146 930.0 1014.0 1.0 137.0 1.0
Point 147 941.0 1010.0 1.0 138.0 1.0
Point 148 929.0 1016.0 1.0 139.0 1.0
Point 149 917.0 1022.0 1.0 140.0 1.0
Point 150 919.0 1022.0 1.0 141.0 1.0
Point 151 911.0 1036.0 1.0 142.0 1.0
Point 152 914.0 1060.0 1.0 143.0 1.0
Point 153 928.0 1080.0 1.0 144.0 1.0
Point 154 938.0 1088.0 1.0 145.0 1.0
Point 155 942.0 1091.0 1.0 146.0 1.0
Point 156 948.0 1102.0 1.0 147.0 1.0
Point 157 956.0 1111.0 1.0 148.0 1.0
Point 158 950.0 1099.0 1.0 149.0 1.0
Point 159 951.0 1102.0 1.0 150.0 1.0
Point 160 963.0 1111.0 1.0 151.0 1.0
Point 161 956.0 1128.0 1.0 152.0 1.0
End of MTrackJ Data File
