MTrackJ 1.5.1 Data File
Displaying false true true 1 2 0 0 95 8 0 1 0 0 1 0 0 false true true false
Assembly 1 FF0000
Cluster 1 FF0000
Track 1 FF0000 true
Point 1 655.0 1109.0 1.0 7.0 1.0
Point 2 638.0 1105.0 1.0 8.0 1.0
Point 3 644.0 1098.0 1.0 9.0 1.0
Point 4 642.0 1094.0 1.0 10.0 1.0
Point 5 683.0 1097.0 1.0 11.0 1.0
Point 6 699.0 1101.0 1.0 12.0 1.0
Point 7 705.0 1100.0 1.0 13.0 1.0
Point 8 708.0 1103.0 1.0 14.0 1.0
Point 9 703.0 1095.0 1.0 15.0 1.0
Point 10 698.0 1091.0 1.0 16.0 1.0
Point 11 700.0 1091.0 1.0 17.0 1.0
Point 12 702.0 1090.0 1.0 18.0 1.0
Point 13 706.0 1088.0 1.0 19.0 1.0
Point 14 704.0 1085.0 1.0 20.0 1.0
Point 15 704.0 1083.0 1.0 21.0 1.0
Point 16 708.0 1079.0 1.0 22.0 1.0
Point 17 703.0 1071.0 1.0 23.0 1.0
Point 18 656.0 1077.0 1.0 24.0 1.0
Point 19 663.0 1061.0 1.0 25.0 1.0
Point 20 690.0 1055.0 1.0 26.0 1.0
Point 21 694.0 1043.0 1.0 27.0 1.0
Point 22 696.0 1036.0 1.0 28.0 1.0
Point 23 697.0 1027.0 1.0 29.0 1.0
Point 24 723.0 1011.0 1.0 30.0 1.0
Point 25 719.0 988.0 1.0 31.0 1.0
Point 27 716.0 976.0 1.0 32.0 1.0
Point 28 717.0 981.0 1.0 33.0 1.0
Point 29 712.0 981.0 1.0 34.0 1.0
Point 30 714.0 980.0 1.0 35.0 1.0
Point 31 714.0 976.0 1.0 36.0 1.0
Point 32 707.0 940.0 1.0 37.0 1.0
Point 33 711.0 934.0 1.0 38.0 1.0
Point 34 711.0 938.0 1.0 39.0 1.0
Point 35 706.0 940.0 1.0 40.0 1.0
Point 36 705.0 942.0 1.0 41.0 1.0
Point 37 709.0 944.0 1.0 42.0 1.0
Point 38 710.0 946.0 1.0 43.0 1.0
Point 39 710.0 960.0 1.0 44.0 1.0
Point 40 707.0 957.0 1.0 45.0 1.0
Point 41 697.0 896.0 1.0 46.0 1.0
Point 42 713.0 866.0 1.0 47.0 1.0
Point 43 708.0 848.0 1.0 48.0 1.0
Point 44 709.0 851.0 1.0 49.0 1.0
Point 45 689.0 840.0 1.0 50.0 1.0
Point 46 703.0 852.0 1.0 51.0 1.0
Point 47 707.0 887.0 1.0 52.0 1.0
Point 48 742.0 858.0 1.0 53.0 1.0
Point 49 748.0 858.0 1.0 54.0 1.0
Point 50 741.0 857.0 1.0 55.0 1.0
Point 51 724.0 874.0 1.0 56.0 1.0
Point 52 717.0 883.0 1.0 57.0 1.0
Point 53 737.0 876.0 1.0 58.0 1.0
Point 54 758.0 860.0 1.0 59.0 1.0
Point 55 771.0 855.0 1.0 60.0 1.0
Point 56 802.0 840.0 1.0 61.0 1.0
Point 57 809.0 841.0 1.0 62.0 1.0
Point 58 818.0 837.0 1.0 63.0 1.0
Point 59 826.0 832.0 1.0 64.0 1.0
Point 60 820.0 833.0 1.0 65.0 1.0
Point 61 800.0 841.0 1.0 66.0 1.0
Point 62 779.0 854.0 1.0 67.0 1.0
Point 63 728.0 896.0 1.0 68.0 1.0
Point 64 690.0 907.0 1.0 69.0 1.0
Point 65 694.0 910.0 1.0 70.0 1.0
Point 66 684.0 935.0 1.0 71.0 1.0
Point 67 668.0 959.0 1.0 72.0 1.0
Point 68 663.0 967.0 1.0 73.0 1.0
Point 69 675.0 957.0 1.0 74.0 1.0
Point 70 713.0 971.0 1.0 75.0 1.0
Point 71 724.0 996.0 1.0 76.0 1.0
Point 72 736.0 946.0 1.0 77.0 1.0
Point 73 715.0 950.0 1.0 78.0 1.0
Point 74 695.0 965.0 1.0 79.0 1.0
Point 75 698.0 948.0 1.0 80.0 1.0
Point 76 691.0 937.0 1.0 81.0 1.0
Point 77 690.0 913.0 1.0 82.0 1.0
Point 78 696.0 895.0 1.0 83.0 1.0
Point 79 682.0 917.0 1.0 84.0 1.0
Point 80 690.0 944.0 1.0 85.0 1.0
Point 81 690.0 946.0 1.0 86.0 1.0
Point 82 707.0 905.0 1.0 87.0 1.0
Point 83 753.0 893.0 1.0 88.0 1.0
Point 84 761.0 883.0 1.0 89.0 1.0
Point 85 730.0 895.0 1.0 90.0 1.0
Point 86 706.0 910.0 1.0 91.0 1.0
Point 87 709.0 917.0 1.0 92.0 1.0
Point 88 712.0 917.0 1.0 93.0 1.0
Point 89 708.0 916.0 1.0 94.0 1.0
Point 90 702.0 931.0 1.0 95.0 1.0
Point 91 704.0 939.0 1.0 96.0 1.0
Point 92 703.0 940.0 1.0 97.0 1.0
Point 93 691.0 948.0 1.0 98.0 1.0
Point 94 698.0 988.0 1.0 99.0 1.0
Point 95 706.0 996.0 1.0 100.0 1.0
Point 96 711.0 999.0 1.0 101.0 1.0
Point 97 704.0 964.0 1.0 102.0 1.0
Point 98 682.0 918.0 1.0 103.0 1.0
Point 99 686.0 887.0 1.0 104.0 1.0
Point 100 699.0 872.0 1.0 105.0 1.0
Point 101 695.0 882.0 1.0 106.0 1.0
Point 102 693.0 894.0 1.0 107.0 1.0
Point 103 696.0 899.0 1.0 108.0 1.0
Point 104 703.0 905.0 1.0 109.0 1.0
Point 105 709.0 910.0 1.0 110.0 1.0
Point 106 705.0 906.0 1.0 111.0 1.0
Point 107 701.0 889.0 1.0 112.0 1.0
Point 108 704.0 887.0 1.0 113.0 1.0
Point 109 722.0 911.0 1.0 114.0 1.0
Point 110 757.0 948.0 1.0 115.0 1.0
Point 111 754.0 950.0 1.0 116.0 1.0
Point 112 792.0 970.0 1.0 117.0 1.0
Point 113 775.0 990.0 1.0 118.0 1.0
Point 114 768.0 1020.0 1.0 119.0 1.0
Point 115 779.0 1016.0 1.0 120.0 1.0
Point 116 797.0 994.0 1.0 121.0 1.0
Point 117 801.0 973.0 1.0 122.0 1.0
Point 118 804.0 976.0 1.0 123.0 1.0
Point 119 816.0 986.0 1.0 124.0 1.0
Point 120 819.0 976.0 1.0 125.0 1.0
Point 121 825.0 974.0 1.0 126.0 1.0
Point 122 836.0 986.0 1.0 127.0 1.0
Point 123 877.0 992.0 1.0 128.0 1.0
Point 124 886.0 1006.0 1.0 129.0 1.0
Point 125 889.0 1021.0 1.0 130.0 1.0
Point 126 888.0 1012.0 1.0 131.0 1.0
Point 127 888.0 1018.0 1.0 132.0 1.0
Point 128 893.0 1014.0 1.0 133.0 1.0
Point 129 920.0 1000.0 1.0 134.0 1.0
Point 130 947.0 994.0 1.0 135.0 1.0
Point 131 953.0 1004.0 1.0 136.0 1.0
Point 132 955.0 1007.0 1.0 137.0 1.0
Point 133 955.0 1008.0 1.0 138.0 1.0
End of MTrackJ Data File
