MTrackJ 1.5.1 Data File
Displaying false true true 2 2 0 0 95 80 0 0 0 0 1 10 0 false true true false
Assembly 1 FF0000
Cluster 1 FF0000
Track 1 FF0000 true
Point 1 815.5 776.1666666666666 1.0 1.0 1.0
Point 2 816.8333333333333 776.1666666666666 1.0 2.0 1.0
Point 3 820.8333333333333 773.5 1.0 3.0 1.0
Point 4 818.8333333333333 774.8333333333334 1.0 4.0 1.0
Point 5 814.1666666666667 774.8333333333334 1.0 5.0 1.0
Point 6 814.8333333333333 774.1666666666666 1.0 6.0 1.0
Point 7 815.5 772.8333333333334 1.0 7.0 1.0
Point 8 815.5 770.8333333333334 1.0 8.0 1.0
Point 9 814.1666666666667 769.5 1.0 9.0 1.0
Point 10 810.1666666666667 773.5 1.0 10.0 1.0
Point 11 810.1666666666667 772.1666666666666 1.0 11.0 1.0
Point 12 810.1666666666667 771.5 1.0 12.0 1.0
Point 13 798.1666666666667 776.1666666666666 1.0 13.0 1.0
Point 14 796.8333333333333 774.1666666666666 1.0 14.0 1.0
Point 15 800.1666666666667 769.5 1.0 15.0 1.0
Point 16 803.5 767.5 1.0 16.0 1.0
Point 17 804.8333333333333 766.8333333333334 1.0 17.0 1.0
Point 18 802.1666666666667 766.8333333333334 1.0 18.0 1.0
Point 19 802.1666666666667 764.8333333333334 1.0 19.0 1.0
Point 20 802.8333333333333 764.1666666666666 1.0 20.0 1.0
Point 21 802.8333333333333 763.5 1.0 21.0 1.0
Point 22 803.5 762.8333333333334 1.0 22.0 1.0
Point 23 805.5 762.8333333333334 1.0 23.0 1.0
Point 24 807.5 760.8333333333334 1.0 24.0 1.0
Point 25 807.5 761.5 1.0 25.0 1.0
Point 26 808.8333333333333 760.1666666666666 1.0 26.0 1.0
Point 27 810.1666666666667 760.8333333333334 1.0 27.0 1.0
Point 28 812.8333333333333 758.8333333333334 1.0 28.0 1.0
Point 29 812.8333333333333 758.1666666666666 1.0 29.0 1.0
Point 30 812.1666666666667 759.5 1.0 30.0 1.0
Point 31 811.5 758.8333333333334 1.0 31.0 1.0
Point 32 808.1666666666667 760.1666666666666 1.0 32.0 1.0
Point 33 808.8333333333333 760.1666666666666 1.0 33.0 1.0
Point 34 811.5 760.1666666666666 1.0 34.0 1.0
Point 35 811.5 758.1666666666666 1.0 35.0 1.0
Point 36 814.1666666666667 758.1666666666666 1.0 36.0 1.0
Point 37 814.1666666666667 757.5 1.0 37.0 1.0
Point 38 814.1666666666667 754.8333333333334 1.0 38.0 1.0
Point 39 816.8333333333333 755.5 1.0 39.0 1.0
Point 40 816.8333333333333 754.8333333333334 1.0 40.0 1.0
Point 41 818.8333333333333 754.1666666666666 1.0 41.0 1.0
Point 42 817.5 752.8333333333334 1.0 42.0 1.0
Point 43 814.1666666666667 751.5 1.0 43.0 1.0
Point 44 804.8333333333333 752.1666666666666 1.0 44.0 1.0
Point 45 787.5 746.8333333333334 1.0 45.0 1.0
Point 46 780.1666666666666 739.5 1.0 46.0 1.0
Point 47 771.5 740.1666666666666 1.0 47.0 1.0
Point 48 767.5 738.1666666666666 1.0 48.0 1.0
Point 49 760.1666666666666 734.8333333333334 1.0 49.0 1.0
Point 50 753.5 735.5 1.0 50.0 1.0
Point 51 755.5 733.5 1.0 51.0 1.0
Point 52 759.5 734.1666666666666 1.0 52.0 1.0
Point 53 762.8333333333334 732.8333333333334 1.0 53.0 1.0
Point 54 762.8333333333334 728.8333333333334 1.0 54.0 1.0
Point 55 759.5 729.5 1.0 55.0 1.0
Point 56 758.8333333333334 728.1666666666666 1.0 56.0 1.0
Point 57 758.1666666666666 727.5 1.0 57.0 1.0
Point 58 756.8333333333334 725.5 1.0 58.0 1.0
Point 59 756.1666666666666 725.5 1.0 59.0 1.0
Point 60 756.8333333333334 724.1666666666666 1.0 60.0 1.0
Point 61 759.5 724.1666666666666 1.0 61.0 1.0
Point 62 760.8333333333334 720.8333333333334 1.0 62.0 1.0
Point 63 760.1666666666666 725.5 1.0 63.0 1.0
Point 64 760.8333333333334 727.5 1.0 64.0 1.0
Point 65 760.8333333333334 725.5 1.0 65.0 1.0
Point 66 760.1666666666666 723.5 1.0 66.0 1.0
Point 67 760.1666666666666 721.5 1.0 67.0 1.0
Point 68 761.5 720.1666666666666 1.0 68.0 1.0
Point 69 763.5 720.1666666666666 1.0 69.0 1.0
Point 70 762.8333333333334 718.8333333333334 1.0 70.0 1.0
Point 71 763.5 720.1666666666666 1.0 71.0 1.0
Point 72 764.1666666666666 717.5 1.0 72.0 1.0
Point 73 765.5 716.8333333333334 1.0 73.0 1.0
Point 74 765.5 717.5 1.0 74.0 1.0
Point 75 766.1666666666666 716.8333333333334 1.0 75.0 1.0
Point 76 766.1666666666666 718.8333333333334 1.0 76.0 1.0
Point 77 766.8333333333334 718.8333333333334 1.0 77.0 1.0
Point 78 766.8333333333334 717.5 1.0 78.0 1.0
Point 79 764.1666666666666 717.5 1.0 79.0 1.0
Point 80 764.1666666666666 717.5 1.0 80.0 1.0
Point 81 763.5 718.8333333333334 1.0 81.0 1.0
Point 82 762.1666666666666 716.8333333333334 1.0 82.0 1.0
Point 83 758.8333333333334 716.8333333333334 1.0 83.0 1.0
Point 84 756.1666666666666 718.1666666666666 1.0 84.0 1.0
Point 85 754.1666666666666 714.8333333333334 1.0 85.0 1.0
Point 86 750.1666666666666 714.8333333333334 1.0 86.0 1.0
Point 87 750.8333333333334 710.1666666666666 1.0 87.0 1.0
Point 88 751.5 711.5 1.0 88.0 1.0
Point 89 753.5 710.8333333333334 1.0 89.0 1.0
Point 90 759.5 710.8333333333334 1.0 90.0 1.0
Point 91 758.1666666666666 710.1666666666666 1.0 91.0 1.0
Point 92 757.5 712.1666666666666 1.0 92.0 1.0
Point 93 756.8333333333334 710.8333333333334 1.0 93.0 1.0
Point 94 755.5 709.5 1.0 94.0 1.0
Point 95 748.8333333333334 710.8333333333334 1.0 95.0 1.0
Point 96 746.1666666666666 710.1666666666666 1.0 96.0 1.0
Point 97 744.8333333333334 707.5 1.0 97.0 1.0
Point 98 747.5 707.5 1.0 98.0 1.0
Point 99 747.5 704.8333333333334 1.0 99.0 1.0
Point 100 747.5 704.1666666666666 1.0 100.0 1.0
Point 101 748.1666666666666 704.8333333333334 1.0 101.0 1.0
Point 102 749.5 703.5 1.0 102.0 1.0
Point 103 751.5 704.8333333333334 1.0 103.0 1.0
Point 104 755.5 702.8333333333334 1.0 104.0 1.0
Point 105 754.1666666666666 701.5 1.0 105.0 1.0
Point 106 756.8333333333334 703.5 1.0 106.0 1.0
Point 107 757.5 704.8333333333334 1.0 107.0 1.0
Point 108 756.8333333333334 704.1666666666666 1.0 108.0 1.0
Point 109 754.1666666666666 703.5 1.0 109.0 1.0
Point 110 756.1666666666666 702.8333333333334 1.0 110.0 1.0
Point 111 755.5 700.8333333333334 1.0 111.0 1.0
Point 112 757.5 700.8333333333334 1.0 112.0 1.0
Point 113 758.8333333333334 701.5 1.0 113.0 1.0
Point 114 760.1666666666666 700.8333333333334 1.0 114.0 1.0
Point 115 758.1666666666666 700.1666666666666 1.0 115.0 1.0
Point 116 755.5 699.5 1.0 116.0 1.0
Point 117 756.8333333333334 702.1666666666666 1.0 117.0 1.0
Point 118 756.8333333333334 700.8333333333334 1.0 118.0 1.0
Point 119 754.1666666666666 701.5 1.0 119.0 1.0
Point 120 753.5 702.8333333333334 1.0 120.0 1.0
Point 121 754.1666666666666 700.8333333333334 1.0 121.0 1.0
Point 122 754.8333333333334 700.8333333333334 1.0 122.0 1.0
Point 123 754.8333333333334 699.5 1.0 123.0 1.0
Point 124 757.5 699.5 1.0 124.0 1.0
Point 125 756.1666666666666 700.1666666666666 1.0 125.0 1.0
Point 126 757.5 701.5 1.0 126.0 1.0
Point 127 754.8333333333334 703.5 1.0 127.0 1.0
Point 128 755.5 704.1666666666666 1.0 128.0 1.0
Point 129 752.8333333333334 702.8333333333334 1.0 129.0 1.0
Point 130 754.8333333333334 700.1666666666666 1.0 130.0 1.0
Point 131 750.8333333333334 702.1666666666666 1.0 131.0 1.0
Point 132 752.1666666666666 702.8333333333334 1.0 132.0 1.0
Point 133 754.8333333333334 701.5 1.0 133.0 1.0
Point 134 758.1666666666666 702.1666666666666 1.0 134.0 1.0
Point 135 761.5 706.1666666666666 1.0 135.0 1.0
Point 136 760.8333333333334 706.1666666666666 1.0 136.0 1.0
Point 137 760.1666666666666 706.8333333333334 1.0 137.0 1.0
Point 138 760.1666666666666 706.1666666666666 1.0 138.0 1.0
Point 139 758.1666666666666 704.1666666666666 1.0 139.0 1.0
Point 140 759.5 705.5 1.0 140.0 1.0
Point 141 759.5 702.1666666666666 1.0 141.0 1.0
Point 142 756.8333333333334 702.1666666666666 1.0 142.0 1.0
Point 143 758.1666666666666 702.8333333333334 1.0 143.0 1.0
Point 144 753.5 701.5 1.0 144.0 1.0
Point 145 756.8333333333334 701.5 1.0 145.0 1.0
Point 146 754.8333333333334 700.8333333333334 1.0 146.0 1.0
Point 147 750.1666666666666 700.1666666666666 1.0 147.0 1.0
Point 148 748.8333333333334 699.5 1.0 148.0 1.0
Point 149 749.5 700.1666666666666 1.0 149.0 1.0
Point 150 751.5 700.1666666666666 1.0 150.0 1.0
Point 151 750.8333333333334 699.5 1.0 151.0 1.0
Point 152 750.1666666666666 696.1666666666666 1.0 152.0 1.0
Point 153 750.8333333333334 696.8333333333334 1.0 153.0 1.0
Point 154 753.5 698.1666666666666 1.0 154.0 1.0
Point 155 755.5 698.8333333333334 1.0 155.0 1.0
Point 156 757.5 696.1666666666666 1.0 156.0 1.0
Point 157 760.8333333333334 697.5 1.0 157.0 1.0
Point 158 761.5 696.8333333333334 1.0 158.0 1.0
Point 159 759.5 698.8333333333334 1.0 159.0 1.0
Point 160 758.8333333333334 696.1666666666666 1.0 160.0 1.0
Point 161 761.5 696.8333333333334 1.0 161.0 1.0
Point 162 761.5 696.1666666666666 1.0 162.0 1.0
Point 163 763.5 695.5 1.0 163.0 1.0
Point 164 767.5 696.8333333333334 1.0 164.0 1.0
Point 165 772.1666666666666 695.5 1.0 165.0 1.0
Point 166 775.5 692.8333333333334 1.0 166.0 1.0
Point 167 774.8333333333334 689.5 1.0 167.0 1.0
Point 168 774.1666666666666 688.1666666666666 1.0 168.0 1.0
Point 169 774.1666666666666 686.8333333333334 1.0 169.0 1.0
Point 170 776.1666666666666 684.1666666666666 1.0 170.0 1.0
Point 171 779.5 681.5 1.0 171.0 1.0
Point 172 783.5 678.1666666666666 1.0 172.0 1.0
Point 173 792.8333333333333 671.5 1.0 173.0 1.0
Point 174 802.1666666666667 665.5 1.0 174.0 1.0
Point 175 803.5 662.8333333333334 1.0 175.0 1.0
Point 176 807.5 659.5 1.0 176.0 1.0
Point 177 808.1666666666667 658.8333333333334 1.0 177.0 1.0
Point 178 810.8333333333333 657.5 1.0 178.0 1.0
Point 179 812.1666666666667 658.8333333333334 1.0 179.0 1.0
Point 180 812.8333333333333 658.8333333333334 1.0 180.0 1.0
Point 181 816.8333333333333 656.1666666666666 1.0 181.0 1.0
Point 182 816.1666666666667 654.1666666666666 1.0 182.0 1.0
Point 183 814.1666666666667 654.1666666666666 1.0 183.0 1.0
Point 184 811.5 654.1666666666666 1.0 184.0 1.0
Point 185 816.8333333333333 650.8333333333334 1.0 185.0 1.0
Point 186 820.1666666666667 648.1666666666666 1.0 186.0 1.0
Point 187 821.5 648.1666666666666 1.0 187.0 1.0
Point 188 825.5 647.5 1.0 188.0 1.0
Point 189 826.1666666666667 647.5 1.0 189.0 1.0
Point 190 828.1666666666667 645.5 1.0 190.0 1.0
Point 191 833.5 644.1666666666666 1.0 191.0 1.0
Point 192 842.8333333333333 640.1666666666666 1.0 192.0 1.0
Point 193 849.5 640.8333333333334 1.0 193.0 1.0
Point 194 858.1666666666667 636.8333333333334 1.0 194.0 1.0
Point 195 866.8333333333333 634.1666666666666 1.0 195.0 1.0
Point 196 873.5 628.1666666666666 1.0 196.0 1.0
Point 197 878.8333333333333 622.8333333333334 1.0 197.0 1.0
Point 198 882.1666666666667 623.5 1.0 198.0 1.0
Point 199 882.1666666666667 622.1666666666666 1.0 199.0 1.0
Point 200 883.5 622.8333333333334 1.0 200.0 1.0
End of MTrackJ Data File
