MTrackJ 1.5.1 Data File
Displaying false true true 1 2 0 0 95 8 0 0 0 0 1 10 0 false true true false
Assembly 1 FF0000
Cluster 1 FF0000
Track 1 FF0000 true
Point 1 778.0 810.0 1.0 1.0 1.0
Point 2 774.0 814.0 1.0 2.0 1.0
Point 3 774.0 811.0 1.0 3.0 1.0
Point 4 763.0 813.0 1.0 4.0 1.0
Point 5 753.0 811.0 1.0 5.0 1.0
Point 6 759.0 810.0 1.0 6.0 1.0
Point 7 763.0 814.0 1.0 7.0 1.0
Point 8 747.0 817.0 1.0 8.0 1.0
Point 9 748.0 817.0 1.0 9.0 1.0
Point 10 753.0 817.0 1.0 10.0 1.0
Point 11 774.0 808.0 1.0 11.0 1.0
Point 12 762.0 809.0 1.0 12.0 1.0
Point 13 761.0 803.0 1.0 13.0 1.0
Point 14 770.0 800.0 1.0 14.0 1.0
Point 15 771.0 794.0 1.0 15.0 1.0
Point 16 774.0 788.0 1.0 16.0 1.0
Point 17 779.0 791.0 1.0 17.0 1.0
Point 19 770.0 778.0 1.0 18.0 1.0
Point 20 765.0 751.0 1.0 19.0 1.0
Point 21 766.0 756.0 1.0 20.0 1.0
Point 22 773.0 760.0 1.0 21.0 1.0
Point 23 776.0 763.0 1.0 22.0 1.0
Point 24 773.0 763.0 1.0 23.0 1.0
Point 25 772.0 758.0 1.0 24.0 1.0
Point 26 773.0 758.0 1.0 25.0 1.0
Point 27 777.0 764.0 1.0 26.0 1.0
Point 28 780.0 754.0 1.0 27.0 1.0
Point 29 780.0 742.0 1.0 28.0 1.0
Point 30 776.0 734.0 1.0 29.0 1.0
Point 31 782.0 747.0 1.0 30.0 1.0
Point 32 786.0 758.0 1.0 31.0 1.0
Point 33 777.0 744.0 1.0 32.0 1.0
Point 34 781.0 746.0 1.0 33.0 1.0
Point 35 786.0 749.0 1.0 34.0 1.0
Point 36 784.0 750.0 1.0 35.0 1.0
Point 37 786.0 750.0 1.0 36.0 1.0
Point 38 795.0 747.0 1.0 37.0 1.0
Point 39 793.0 741.0 1.0 38.0 1.0
Point 40 803.0 736.0 1.0 39.0 1.0
Point 41 810.0 736.0 1.0 40.0 1.0
Point 42 804.0 741.0 1.0 41.0 1.0
Point 43 778.0 734.0 1.0 42.0 1.0
Point 44 746.0 726.0 1.0 43.0 1.0
Point 45 723.0 728.0 1.0 44.0 1.0
Point 46 720.0 735.0 1.0 45.0 1.0
Point 47 705.0 752.0 1.0 46.0 1.0
Point 48 697.0 761.0 1.0 47.0 1.0
Point 49 687.0 770.0 1.0 48.0 1.0
Point 50 675.0 780.0 1.0 49.0 1.0
Point 51 686.0 772.0 1.0 50.0 1.0
Point 52 705.0 750.0 1.0 51.0 1.0
Point 53 712.0 743.0 1.0 52.0 1.0
Point 54 714.0 739.0 1.0 53.0 1.0
Point 55 702.0 752.0 1.0 54.0 1.0
Point 56 702.0 752.0 1.0 55.0 1.0
Point 57 710.0 739.0 1.0 56.0 1.0
Point 58 706.0 752.0 1.0 57.0 1.0
Point 59 699.0 760.0 1.0 58.0 1.0
Point 60 711.0 740.0 1.0 59.0 1.0
Point 61 723.0 731.0 1.0 60.0 1.0
Point 62 728.0 731.0 1.0 61.0 1.0
Point 63 731.0 734.0 1.0 62.0 1.0
Point 64 720.0 730.0 1.0 63.0 1.0
Point 65 721.0 732.0 1.0 64.0 1.0
Point 66 726.0 730.0 1.0 65.0 1.0
Point 67 735.0 728.0 1.0 66.0 1.0
Point 68 733.0 723.0 1.0 67.0 1.0
Point 69 732.0 726.0 1.0 68.0 1.0
Point 70 733.0 726.0 1.0 69.0 1.0
Point 71 734.0 726.0 1.0 70.0 1.0
Point 72 743.0 724.0 1.0 71.0 1.0
Point 73 736.0 725.0 1.0 72.0 1.0
Point 74 734.0 725.0 1.0 73.0 1.0
Point 75 739.0 727.0 1.0 74.0 1.0
Point 76 744.0 722.0 1.0 75.0 1.0
Point 77 748.0 719.0 1.0 76.0 1.0
Point 78 737.0 723.0 1.0 77.0 1.0
Point 79 729.0 722.0 1.0 78.0 1.0
Point 80 733.0 723.0 1.0 79.0 1.0
Point 81 730.0 724.0 1.0 80.0 1.0
Point 82 722.0 725.0 1.0 81.0 1.0
Point 83 718.0 729.0 1.0 82.0 1.0
Point 84 723.0 728.0 1.0 83.0 1.0
Point 85 716.0 727.0 1.0 84.0 1.0
Point 86 702.0 733.0 1.0 85.0 1.0
Point 87 720.0 724.0 1.0 86.0 1.0
Point 88 724.0 725.0 1.0 87.0 1.0
Point 89 730.0 724.0 1.0 88.0 1.0
Point 90 727.0 723.0 1.0 89.0 1.0
Point 91 725.0 725.0 1.0 90.0 1.0
Point 92 728.0 721.0 1.0 91.0 1.0
Point 93 728.0 722.0 1.0 92.0 1.0
Point 94 726.0 719.0 1.0 93.0 1.0
Point 95 721.0 711.0 1.0 94.0 1.0
Point 96 728.0 719.0 1.0 95.0 1.0
Point 97 724.0 715.0 1.0 96.0 1.0
Point 98 726.0 711.0 1.0 97.0 1.0
Point 99 726.0 715.0 1.0 98.0 1.0
Point 100 731.0 714.0 1.0 99.0 1.0
Point 101 733.0 710.0 1.0 100.0 1.0
Point 102 728.0 710.0 1.0 101.0 1.0
Point 103 726.0 713.0 1.0 102.0 1.0
Point 104 733.0 713.0 1.0 103.0 1.0
Point 105 736.0 710.0 1.0 104.0 1.0
Point 106 744.0 708.0 1.0 105.0 1.0
Point 107 739.0 708.0 1.0 106.0 1.0
Point 108 740.0 707.0 1.0 107.0 1.0
Point 109 740.0 710.0 1.0 108.0 1.0
Point 110 735.0 706.0 1.0 109.0 1.0
Point 111 738.0 709.0 1.0 110.0 1.0
Point 112 751.0 715.0 1.0 111.0 1.0
Point 113 755.0 722.0 1.0 112.0 1.0
Point 114 742.0 715.0 1.0 113.0 1.0
Point 115 743.0 707.0 1.0 114.0 1.0
Point 116 738.0 705.0 1.0 115.0 1.0
Point 117 729.0 703.0 1.0 116.0 1.0
Point 118 724.0 706.0 1.0 117.0 1.0
Point 119 731.0 705.0 1.0 118.0 1.0
Point 120 731.0 706.0 1.0 119.0 1.0
Point 121 729.0 705.0 1.0 120.0 1.0
Point 122 730.0 703.0 1.0 121.0 1.0
Point 123 726.0 707.0 1.0 122.0 1.0
Point 124 727.0 704.0 1.0 123.0 1.0
Point 125 729.0 697.0 1.0 124.0 1.0
Point 126 725.0 707.0 1.0 125.0 1.0
Point 127 729.0 711.0 1.0 126.0 1.0
Point 128 728.0 708.0 1.0 127.0 1.0
Point 129 728.0 704.0 1.0 128.0 1.0
Point 130 727.0 699.0 1.0 129.0 1.0
Point 131 733.0 698.0 1.0 130.0 1.0
Point 132 732.0 697.0 1.0 131.0 1.0
Point 133 737.0 693.0 1.0 132.0 1.0
Point 134 740.0 698.0 1.0 133.0 1.0
Point 135 771.0 726.0 1.0 134.0 1.0
Point 136 777.0 732.0 1.0 135.0 1.0
Point 137 771.0 726.0 1.0 136.0 1.0
Point 138 747.0 706.0 1.0 137.0 1.0
Point 139 739.0 698.0 1.0 138.0 1.0
Point 140 737.0 697.0 1.0 139.0 1.0
Point 141 727.0 696.0 1.0 140.0 1.0
Point 142 729.0 696.0 1.0 141.0 1.0
Point 143 731.0 700.0 1.0 142.0 1.0
Point 144 725.0 709.0 1.0 143.0 1.0
Point 145 731.0 710.0 1.0 144.0 1.0
Point 146 745.0 720.0 1.0 145.0 1.0
Point 147 737.0 712.0 1.0 146.0 1.0
Point 148 743.0 710.0 1.0 147.0 1.0
Point 149 764.0 727.0 1.0 148.0 1.0
Point 150 768.0 736.0 1.0 149.0 1.0
Point 151 761.0 723.0 1.0 150.0 1.0
Point 152 754.0 722.0 1.0 151.0 1.0
Point 153 755.0 720.0 1.0 152.0 1.0
Point 154 757.0 719.0 1.0 153.0 1.0
Point 155 760.0 729.0 1.0 154.0 1.0
Point 156 770.0 720.0 1.0 155.0 1.0
Point 157 769.0 720.0 1.0 156.0 1.0
Point 158 772.0 723.0 1.0 157.0 1.0
Point 159 769.0 726.0 1.0 158.0 1.0
Point 160 776.0 723.0 1.0 159.0 1.0
Point 161 773.0 721.0 1.0 160.0 1.0
Point 162 779.0 713.0 1.0 161.0 1.0
Point 163 785.0 704.0 1.0 162.0 1.0
Point 164 786.0 704.0 1.0 163.0 1.0
Point 165 794.0 698.0 1.0 164.0 1.0
Point 166 805.0 667.0 1.0 165.0 1.0
Point 167 812.0 651.0 1.0 166.0 1.0
Point 168 807.0 669.0 1.0 167.0 1.0
Point 169 805.0 679.0 1.0 168.0 1.0
Point 170 804.0 676.0 1.0 169.0 1.0
Point 171 811.0 671.0 1.0 170.0 1.0
Point 172 815.0 664.0 1.0 171.0 1.0
Point 173 834.0 660.0 1.0 172.0 1.0
Point 174 844.0 652.0 1.0 173.0 1.0
Point 175 842.0 646.0 1.0 174.0 1.0
Point 176 852.0 644.0 1.0 175.0 1.0
Point 177 847.0 644.0 1.0 176.0 1.0
Point 178 848.0 640.0 1.0 177.0 1.0
Point 179 837.0 654.0 1.0 178.0 1.0
Point 180 828.0 663.0 1.0 179.0 1.0
Point 181 835.0 656.0 1.0 180.0 1.0
Point 182 848.0 647.0 1.0 181.0 1.0
Point 183 843.0 645.0 1.0 182.0 1.0
Point 184 833.0 649.0 1.0 183.0 1.0
Point 185 848.0 647.0 1.0 184.0 1.0
Point 186 853.0 652.0 1.0 185.0 1.0
Point 187 843.0 651.0 1.0 186.0 1.0
Point 188 832.0 660.0 1.0 187.0 1.0
Point 189 829.0 658.0 1.0 188.0 1.0
Point 190 841.0 652.0 1.0 189.0 1.0
Point 191 851.0 650.0 1.0 190.0 1.0
Point 192 870.0 640.0 1.0 191.0 1.0
Point 193 900.0 648.0 1.0 192.0 1.0
Point 194 920.0 658.0 1.0 193.0 1.0
Point 195 892.0 653.0 1.0 194.0 1.0
Point 196 889.0 626.0 1.0 195.0 1.0
Point 197 892.0 601.0 1.0 196.0 1.0
Point 198 900.0 588.0 1.0 197.0 1.0
Point 199 903.0 597.0 1.0 198.0 1.0
Point 200 899.0 606.0 1.0 199.0 1.0
Point 201 906.0 617.0 1.0 200.0 1.0
Point 202 909.0 612.0 1.0 201.0 1.0
Point 203 915.0 623.0 1.0 202.0 1.0
Point 204 914.0 620.0 1.0 203.0 1.0
Point 205 915.0 618.0 1.0 204.0 1.0
Point 206 915.0 608.0 1.0 205.0 1.0
Point 207 908.0 598.0 1.0 206.0 1.0
Point 208 905.0 599.0 1.0 207.0 1.0
Point 209 912.0 604.0 1.0 208.0 1.0
Point 210 918.0 603.0 1.0 209.0 1.0
Point 211 910.0 600.0 1.0 210.0 1.0
Point 212 912.0 597.0 1.0 211.0 1.0
Point 213 907.0 602.0 1.0 212.0 1.0
Point 214 907.0 591.0 1.0 213.0 1.0
Point 215 911.0 595.0 1.0 214.0 1.0
Point 216 908.0 595.0 1.0 215.0 1.0
Point 217 903.0 590.0 1.0 216.0 1.0
Point 218 906.0 593.0 1.0 217.0 1.0
Point 219 907.0 589.0 1.0 218.0 1.0
Point 220 909.0 589.0 1.0 219.0 1.0
Point 221 910.0 581.0 1.0 220.0 1.0
Point 222 917.0 586.0 1.0 221.0 1.0
Point 223 917.0 586.0 1.0 222.0 1.0
Point 224 923.0 577.0 1.0 223.0 1.0
Point 225 922.0 576.0 1.0 224.0 1.0
Point 226 917.0 579.0 1.0 225.0 1.0
Point 227 921.0 578.0 1.0 226.0 1.0
Point 228 917.0 580.0 1.0 227.0 1.0
Point 229 917.0 583.0 1.0 228.0 1.0
Point 230 911.0 587.0 1.0 229.0 1.0
Point 231 909.0 592.0 1.0 230.0 1.0
End of MTrackJ Data File
