MTrackJ 1.5.1 Data File
Displaying false true true 1 0 0 0 100 16 0 0 0 0 1 0 1 false false true false
Assembly 1 FF0000
Cluster 1 FF0000
Track 1 FF0000 true
Point 1 1177.8333333333333 492.83333333333337 1.0 1.0 1.0
Point 2 1180.5 495.5 1.0 2.0 1.0
Point 3 1183.1666666666667 512.1666666666666 1.0 3.0 1.0
Point 4 1180.5 500.83333333333337 1.0 4.0 1.0
Point 5 1178.5 497.5 1.0 5.0 1.0
Point 6 1176.5 495.5 1.0 6.0 1.0
Point 7 1177.1666666666667 498.16666666666663 1.0 7.0 1.0
Point 8 1179.1666666666667 486.83333333333337 1.0 8.0 1.0
Point 9 1181.8333333333333 486.16666666666663 1.0 9.0 1.0
Point 10 1176.5 488.16666666666663 1.0 10.0 1.0
Point 11 1179.8333333333333 484.83333333333337 1.0 11.0 1.0
Point 12 1179.1666666666667 486.83333333333337 1.0 12.0 1.0
Point 13 1182.5 492.16666666666663 1.0 13.0 1.0
Point 14 1184.5 495.5 1.0 14.0 1.0
Point 15 1187.1666666666667 489.5 1.0 15.0 1.0
Point 16 1185.8333333333333 487.5 1.0 16.0 1.0
Point 17 1189.1666666666667 486.16666666666663 1.0 17.0 1.0
Point 18 1193.8333333333333 500.16666666666663 1.0 18.0 1.0
Point 19 1189.1666666666667 479.5 1.0 19.0 1.0
Point 20 1190.5 474.83333333333337 1.0 20.0 1.0
Point 21 1191.8333333333333 476.83333333333337 1.0 21.0 1.0
Point 22 1201.8333333333333 456.16666666666663 1.0 22.0 1.0
Point 23 1209.8333333333333 443.5 1.0 23.0 1.0
Point 24 1208.5 448.83333333333337 1.0 24.0 1.0
Point 25 1207.8333333333333 446.16666666666663 1.0 25.0 1.0
Point 26 1205.1666666666667 444.83333333333337 1.0 26.0 1.0
Point 27 1196.5 443.5 1.0 27.0 1.0
Point 28 1207.1666666666667 437.5 1.0 28.0 1.0
Point 29 1217.8333333333333 423.5 1.0 29.0 1.0
Point 30 1231.8333333333333 402.1666666666667 1.0 30.0 1.0
Point 31 1232.5 400.1666666666667 1.0 31.0 1.0
Point 32 1232.5 400.1666666666667 1.0 32.0 1.0
Point 33 1209.1666666666667 420.8333333333333 1.0 33.0 1.0
Point 34 1195.8333333333333 430.8333333333333 1.0 34.0 1.0
Point 35 1190.5 437.5 1.0 35.0 1.0
Point 36 1187.1666666666667 440.83333333333337 1.0 36.0 1.0
Point 37 1192.5 436.8333333333333 1.0 37.0 1.0
Point 38 1187.8333333333333 435.5 1.0 38.0 1.0
Point 39 1189.1666666666667 442.83333333333337 1.0 39.0 1.0
Point 40 1191.1666666666667 440.83333333333337 1.0 40.0 1.0
Point 41 1189.1666666666667 437.5 1.0 41.0 1.0
Point 42 1190.5 440.16666666666663 1.0 42.0 1.0
Point 43 1170.5 455.5 1.0 43.0 1.0
Point 44 1166.5 458.83333333333337 1.0 44.0 1.0
Point 45 1162.5 466.16666666666663 1.0 45.0 1.0
Point 46 1158.5 465.5 1.0 46.0 1.0
Point 47 1162.5 462.16666666666663 1.0 47.0 1.0
Point 48 1181.1666666666667 460.83333333333337 1.0 48.0 1.0
Point 49 1183.8333333333333 454.83333333333337 1.0 49.0 1.0
Point 50 1192.5 442.83333333333337 1.0 50.0 1.0
Point 51 1193.1666666666667 441.5 1.0 51.0 1.0
Point 52 1188.5 458.16666666666663 1.0 52.0 1.0
Point 53 1190.5 456.83333333333337 1.0 53.0 1.0
Point 54 1193.1666666666667 459.5 1.0 54.0 1.0
Point 55 1196.5 450.16666666666663 1.0 55.0 1.0
Point 56 1199.1666666666667 450.16666666666663 1.0 56.0 1.0
Point 57 1203.8333333333333 437.5 1.0 57.0 1.0
Point 58 1203.1666666666667 436.1666666666667 1.0 58.0 1.0
Point 59 1197.8333333333333 443.5 1.0 59.0 1.0
Point 60 1209.1666666666667 426.1666666666667 1.0 60.0 1.0
Point 61 1227.1666666666667 404.8333333333333 1.0 61.0 1.0
Point 62 1231.8333333333333 400.8333333333333 1.0 62.0 1.0
Point 63 1218.5 412.1666666666667 1.0 63.0 1.0
Point 64 1212.5 416.8333333333333 1.0 64.0 1.0
Point 65 1207.1666666666667 413.5 1.0 65.0 1.0
Point 66 1207.8333333333333 414.8333333333333 1.0 66.0 1.0
Point 67 1198.5 411.5 1.0 67.0 1.0
Point 68 1188.5 411.5 1.0 68.0 1.0
Point 69 1189.1666666666667 414.1666666666667 1.0 69.0 1.0
Point 70 1186.5 414.1666666666667 1.0 70.0 1.0
Point 71 1186.5 414.8333333333333 1.0 71.0 1.0
Point 72 1187.8333333333333 416.8333333333333 1.0 72.0 1.0
Point 73 1193.8333333333333 416.8333333333333 1.0 73.0 1.0
Point 74 1195.8333333333333 417.5 1.0 74.0 1.0
Point 75 1193.8333333333333 420.1666666666667 1.0 75.0 1.0
Point 76 1189.8333333333333 417.5 1.0 76.0 1.0
Point 77 1185.1666666666667 416.8333333333333 1.0 77.0 1.0
Point 78 1183.8333333333333 415.5 1.0 78.0 1.0
Point 79 1180.5 415.5 1.0 79.0 1.0
Point 80 1182.5 419.5 1.0 80.0 1.0
Point 81 1188.5 420.8333333333333 1.0 81.0 1.0
Point 82 1189.1666666666667 418.8333333333333 1.0 82.0 1.0
Point 83 1197.1666666666667 427.5 1.0 83.0 1.0
Point 84 1199.8333333333333 424.8333333333333 1.0 84.0 1.0
Point 85 1194.5 421.5 1.0 85.0 1.0
Point 86 1193.8333333333333 420.1666666666667 1.0 86.0 1.0
Point 87 1193.8333333333333 420.1666666666667 1.0 87.0 1.0
Point 88 1189.1666666666667 417.5 1.0 88.0 1.0
Point 89 1180.5 418.8333333333333 1.0 89.0 1.0
Point 90 1183.8333333333333 414.1666666666667 1.0 90.0 1.0
Point 91 1184.5 414.8333333333333 1.0 91.0 1.0
Point 92 1181.1666666666667 416.8333333333333 1.0 92.0 1.0
Point 93 1182.5 413.5 1.0 93.0 1.0
Point 94 1187.8333333333333 416.1666666666667 1.0 94.0 1.0
Point 95 1185.8333333333333 416.1666666666667 1.0 95.0 1.0
Point 96 1183.8333333333333 417.5 1.0 96.0 1.0
Point 97 1185.8333333333333 415.5 1.0 97.0 1.0
Point 98 1190.5 419.5 1.0 98.0 1.0
Point 99 1194.5 422.1666666666667 1.0 99.0 1.0
Point 100 1199.8333333333333 423.5 1.0 100.0 1.0
Point 101 1194.5 424.1666666666667 1.0 101.0 1.0
Point 102 1198.5 428.1666666666667 1.0 102.0 1.0
Point 103 1207.1666666666667 433.5 1.0 103.0 1.0
Point 104 1207.8333333333333 436.1666666666667 1.0 104.0 1.0
Point 105 1203.1666666666667 424.8333333333333 1.0 105.0 1.0
Point 106 1197.1666666666667 417.5 1.0 106.0 1.0
Point 107 1187.8333333333333 416.8333333333333 1.0 107.0 1.0
Point 108 1190.5 414.8333333333333 1.0 108.0 1.0
Point 109 1188.5 414.1666666666667 1.0 109.0 1.0
Point 110 1182.5 412.8333333333333 1.0 110.0 1.0
Point 111 1183.8333333333333 410.8333333333333 1.0 111.0 1.0
Point 112 1184.5 413.5 1.0 112.0 1.0
Point 113 1183.1666666666667 412.8333333333333 1.0 113.0 1.0
Point 114 1184.5 410.8333333333333 1.0 114.0 1.0
Point 115 1178.5 410.8333333333333 1.0 115.0 1.0
Point 116 1179.8333333333333 410.8333333333333 1.0 116.0 1.0
Point 117 1180.5 410.1666666666667 1.0 117.0 1.0
Point 118 1187.8333333333333 409.5 1.0 118.0 1.0
Point 119 1178.5 409.5 1.0 119.0 1.0
Point 120 1176.5 410.8333333333333 1.0 120.0 1.0
Point 121 1175.8333333333333 414.1666666666667 1.0 121.0 1.0
Point 122 1197.1666666666667 414.1666666666667 1.0 122.0 1.0
Point 123 1213.1666666666667 414.8333333333333 1.0 123.0 1.0
Point 124 1195.8333333333333 418.1666666666667 1.0 124.0 1.0
Point 125 1186.5 413.5 1.0 125.0 1.0
Point 126 1186.5 412.8333333333333 1.0 126.0 1.0
Point 127 1181.8333333333333 416.1666666666667 1.0 127.0 1.0
Point 128 1180.5 414.8333333333333 1.0 128.0 1.0
Point 129 1178.5 414.1666666666667 1.0 129.0 1.0
Point 130 1179.8333333333333 413.5 1.0 130.0 1.0
Point 131 1181.8333333333333 413.5 1.0 131.0 1.0
Point 132 1201.8333333333333 414.8333333333333 1.0 132.0 1.0
Point 133 1212.5 415.5 1.0 133.0 1.0
Point 134 1207.1666666666667 412.8333333333333 1.0 134.0 1.0
Point 135 1199.8333333333333 416.8333333333333 1.0 135.0 1.0
Point 136 1192.5 412.8333333333333 1.0 136.0 1.0
Point 137 1185.8333333333333 412.1666666666667 1.0 137.0 1.0
Point 138 1175.8333333333333 409.5 1.0 138.0 1.0
Point 139 1183.1666666666667 411.5 1.0 139.0 1.0
Point 140 1177.8333333333333 410.8333333333333 1.0 140.0 1.0
Point 141 1172.5 412.1666666666667 1.0 141.0 1.0
Point 142 1170.5 410.1666666666667 1.0 142.0 1.0
Point 143 1166.5 408.8333333333333 1.0 143.0 1.0
Point 144 1169.8333333333333 409.5 1.0 144.0 1.0
Point 145 1165.8333333333333 405.5 1.0 145.0 1.0
Point 146 1163.8333333333333 402.8333333333333 1.0 146.0 1.0
Point 147 1159.1666666666667 398.8333333333333 1.0 147.0 1.0
Point 148 1131.1666666666667 361.5 1.0 148.0 1.0
Point 149 1146.5 387.5 1.0 149.0 1.0
Point 150 1158.5 396.1666666666667 1.0 150.0 1.0
Point 151 1155.1666666666667 393.5 1.0 151.0 1.0
Point 152 1158.5 405.5 1.0 152.0 1.0
Point 153 1157.8333333333333 402.8333333333333 1.0 153.0 1.0
Point 154 1160.5 404.1666666666667 1.0 154.0 1.0
Point 155 1158.5 399.5 1.0 155.0 1.0
Point 156 1157.1666666666667 409.5 1.0 156.0 1.0
Point 157 1155.8333333333333 409.5 1.0 157.0 1.0
Point 158 1156.5 414.1666666666667 1.0 158.0 1.0
Point 159 1154.5 412.1666666666667 1.0 159.0 1.0
Point 160 1155.1666666666667 419.5 1.0 160.0 1.0
Point 161 1155.1666666666667 412.1666666666667 1.0 161.0 1.0
Point 162 1157.8333333333333 408.1666666666667 1.0 162.0 1.0
Point 163 1151.8333333333333 412.8333333333333 1.0 163.0 1.0
Point 164 1148.5 414.1666666666667 1.0 164.0 1.0
Point 165 1147.1666666666667 415.5 1.0 165.0 1.0
Point 166 1149.1666666666667 417.5 1.0 166.0 1.0
Point 167 1147.8333333333333 418.8333333333333 1.0 167.0 1.0
Point 168 1146.5 427.5 1.0 168.0 1.0
Point 169 1147.8333333333333 428.1666666666667 1.0 169.0 1.0
Point 170 1143.1666666666667 426.1666666666667 1.0 170.0 1.0
Point 171 1143.1666666666667 424.1666666666667 1.0 171.0 1.0
Point 172 1142.5 418.8333333333333 1.0 172.0 1.0
Point 173 1147.1666666666667 415.5 1.0 173.0 1.0
Point 174 1143.8333333333333 420.1666666666667 1.0 174.0 1.0
Point 175 1141.8333333333333 422.8333333333333 1.0 175.0 1.0
Point 176 1145.8333333333333 422.1666666666667 1.0 176.0 1.0
Point 177 1149.1666666666667 422.8333333333333 1.0 177.0 1.0
Point 178 1147.8333333333333 424.8333333333333 1.0 178.0 1.0
Point 179 1144.5 422.8333333333333 1.0 179.0 1.0
Point 180 1143.8333333333333 412.8333333333333 1.0 180.0 1.0
Point 181 1146.5 414.8333333333333 1.0 181.0 1.0
Point 182 1148.5 407.5 1.0 182.0 1.0
Point 183 1152.5 406.1666666666667 1.0 183.0 1.0
Point 184 1150.5 407.5 1.0 184.0 1.0
Point 185 1145.1666666666667 412.8333333333333 1.0 185.0 1.0
Point 186 1145.8333333333333 411.5 1.0 186.0 1.0
Point 187 1145.1666666666667 404.1666666666667 1.0 187.0 1.0
Point 188 1146.5 405.5 1.0 188.0 1.0
Point 189 1146.5 403.5 1.0 189.0 1.0
Point 190 1146.5 408.1666666666667 1.0 190.0 1.0
Point 191 1148.5 390.1666666666667 1.0 191.0 1.0
Point 192 1160.5 375.5 1.0 192.0 1.0
Point 193 1166.5 358.1666666666667 1.0 193.0 1.0
Point 194 1157.8333333333333 372.8333333333333 1.0 194.0 1.0
Point 195 1152.5 390.8333333333333 1.0 195.0 1.0
Point 196 1163.8333333333333 379.5 1.0 196.0 1.0
Point 197 1162.5 385.5 1.0 197.0 1.0
Point 198 1159.1666666666667 388.1666666666667 1.0 198.0 1.0
Point 199 1156.5 383.5 1.0 199.0 1.0
Point 200 1163.8333333333333 376.1666666666667 1.0 200.0 1.0
Point 201 1165.1666666666667 374.8333333333333 1.0 201.0 1.0
Point 202 1168.5 369.5 1.0 202.0 1.0
Point 203 1167.8333333333333 372.1666666666667 1.0 203.0 1.0
Point 204 1161.8333333333333 384.1666666666667 1.0 204.0 1.0
Point 205 1167.8333333333333 378.1666666666667 1.0 205.0 1.0
Point 206 1165.1666666666667 382.8333333333333 1.0 206.0 1.0
Point 207 1159.1666666666667 389.5 1.0 207.0 1.0
Point 208 1157.8333333333333 394.8333333333333 1.0 208.0 1.0
Point 209 1155.8333333333333 392.8333333333333 1.0 209.0 1.0
Point 210 1153.8333333333333 390.8333333333333 1.0 210.0 1.0
Point 211 1156.5 394.1666666666667 1.0 211.0 1.0
Point 212 1163.8333333333333 408.8333333333333 1.0 212.0 1.0
Point 213 1166.5 424.1666666666667 1.0 213.0 1.0
Point 214 1161.8333333333333 408.1666666666667 1.0 214.0 1.0
Point 215 1166.5 415.5 1.0 215.0 1.0
Point 216 1166.5 422.8333333333333 1.0 216.0 1.0
Point 217 1161.1666666666667 426.8333333333333 1.0 217.0 1.0
Point 218 1158.5 424.8333333333333 1.0 218.0 1.0
Point 219 1165.8333333333333 429.5 1.0 219.0 1.0
Point 220 1153.1666666666667 442.83333333333337 1.0 220.0 1.0
Point 221 1145.8333333333333 456.16666666666663 1.0 221.0 1.0
Point 222 1151.1666666666667 444.83333333333337 1.0 222.0 1.0
Point 223 1166.5 426.8333333333333 1.0 223.0 1.0
Point 224 1155.8333333333333 428.8333333333333 1.0 224.0 1.0
Point 225 1142.5 438.83333333333337 1.0 225.0 1.0
Point 226 1138.5 436.1666666666667 1.0 226.0 1.0
Point 227 1148.5 427.5 1.0 227.0 1.0
Point 228 1147.8333333333333 431.5 1.0 228.0 1.0
Point 229 1145.8333333333333 430.8333333333333 1.0 229.0 1.0
Point 230 1149.1666666666667 428.1666666666667 1.0 230.0 1.0
Point 231 1149.1666666666667 427.5 1.0 231.0 1.0
Point 232 1149.8333333333333 422.1666666666667 1.0 232.0 1.0
Point 233 1155.1666666666667 416.1666666666667 1.0 233.0 1.0
Point 234 1127.1666666666667 414.1666666666667 1.0 234.0 1.0
Point 235 1139.1666666666667 414.1666666666667 1.0 235.0 1.0
Point 236 1142.5 415.5 1.0 236.0 1.0
Point 237 1139.8333333333333 416.1666666666667 1.0 237.0 1.0
Point 238 1135.8333333333333 416.8333333333333 1.0 238.0 1.0
Point 239 1129.1666666666667 412.1666666666667 1.0 239.0 1.0
Point 240 1119.8333333333333 408.8333333333333 1.0 240.0 1.0
End of MTrackJ Data File
