MTrackJ 1.5.1 Data File
Displaying false true true 1 0 0 0 100 16 0 0 0 0 1 0 1 false false true false
Assembly 1 FF0000
Cluster 1 FF0000
Track 1 FF0000 true
Point 1 1306.5 382.8333333333333 1.0 31.0 1.0
Point 2 1209.8333333333333 520.1666666666666 1.0 53.0 1.0
Point 3 1281.1666666666667 374.8333333333333 1.0 60.0 1.0
Point 4 1133.1666666666667 482.16666666666663 1.0 89.0 1.0
Point 5 1129.1666666666667 406.1666666666667 1.0 90.0 1.0
Point 7 1252.5 474.83333333333337 1.0 107.0 1.0
Point 6 1134.5 385.5 1.0 110.0 1.0
Point 8 1273.8333333333333 446.16666666666663 1.0 123.0 1.0
Point 9 1135.1666666666667 385.5 1.0 138.0 1.0
Point 10 1147.8333333333333 509.5 1.0 193.0 1.0
Point 11 1250.5 358.1666666666667 1.0 199.0 1.0
Point 12 1091.8333333333333 401.5 1.0 229.0 1.0
End of MTrackJ Data File
