MTrackJ 1.5.1 Data File
Displaying true true true 2 0 0 0 100 10 0 0 0 0 1 12 0 true true true false
Assembly 1 FF0000
Cluster 1 FF0000
Track 1 FF0000 true
Point 1 582.0 179.0 1.0 1.0 1.0
Point 2 585.0 182.0 1.0 2.0 1.0
Point 3 585.0 182.0 1.0 3.0 1.0
Point 4 579.0 177.0 1.0 4.0 1.0
Point 5 577.0 177.0 1.0 5.0 1.0
Point 6 575.0 171.0 1.0 6.0 1.0
Point 7 575.0 171.0 1.0 7.0 1.0
Point 8 574.0 169.0 1.0 8.0 1.0
Point 9 574.0 168.0 1.0 9.0 1.0
Point 10 577.0 167.0 1.0 10.0 1.0
Track 2 FFFF00 true
Point 1 578.0 166.0 1.0 11.0 1.0
Point 2 577.0 166.0 1.0 12.0 1.0
Point 3 573.0 164.0 1.0 13.0 1.0
Point 4 575.0 160.0 1.0 14.0 1.0
Point 5 575.0 160.0 1.0 15.0 1.0
Point 6 575.0 160.0 1.0 16.0 1.0
Point 7 575.0 161.0 1.0 17.0 1.0
Point 8 582.0 160.0 1.0 18.0 1.0
Point 9 583.0 160.0 1.0 19.0 1.0
Point 10 583.0 160.0 1.0 20.0 1.0
Point 11 590.0 160.0 1.0 21.0 1.0
Point 12 591.0 161.0 1.0 22.0 1.0
Point 13 591.0 161.0 1.0 23.0 1.0
Point 14 591.0 161.0 1.0 24.0 1.0
Track 3 00FF00 true
Point 1 591.0 163.0 1.0 25.0 1.0
Point 2 594.0 166.0 1.0 26.0 1.0
Point 3 596.0 165.0 1.0 27.0 1.0
Track 4 00FFFF true
Point 1 593.0 165.0 1.0 28.0 1.0
Point 2 593.0 165.0 1.0 29.0 1.0
Point 3 593.0 165.0 1.0 30.0 1.0
Point 4 595.0 164.0 1.0 31.0 1.0
Point 5 595.0 164.0 1.0 32.0 1.0
Point 6 595.0 166.0 1.0 33.0 1.0
Point 7 596.0 167.0 1.0 34.0 1.0
Point 8 597.0 169.0 1.0 35.0 1.0
Track 5 0000FF true
Point 1 597.0 169.0 1.0 36.0 1.0
Point 2 613.0 171.0 1.0 37.0 1.0
Point 3 605.0 171.0 1.0 38.0 1.0
Point 4 605.0 171.0 1.0 39.0 1.0
Point 5 605.0 171.0 1.0 40.0 1.0
Point 6 605.0 171.0 1.0 41.0 1.0
Point 7 605.0 171.0 1.0 42.0 1.0
Point 8 606.0 171.0 1.0 43.0 1.0
Track 6 FF00FF true
Point 1 611.0 171.0 1.0 44.0 1.0
Point 2 614.0 171.0 1.0 45.0 1.0
Point 3 615.0 171.0 1.0 46.0 1.0
Point 4 615.0 171.0 1.0 47.0 1.0
Point 5 615.0 171.0 1.0 48.0 1.0
Track 7 FF9900 true
Point 1 615.0 171.0 1.0 49.0 1.0
Point 2 615.0 171.0 1.0 50.0 1.0
Point 3 615.0 171.0 1.0 51.0 1.0
Point 4 618.0 171.0 1.0 52.0 1.0
Point 5 618.0 172.0 1.0 53.0 1.0
Point 6 622.0 169.0 1.0 54.0 1.0
Point 7 622.0 168.0 1.0 55.0 1.0
Track 8 8B05BE true
Point 1 624.0 167.0 1.0 56.0 1.0
Point 2 624.0 168.0 1.0 57.0 1.0
Point 3 625.0 169.0 1.0 58.0 1.0
Point 4 632.0 168.0 1.0 59.0 1.0
Point 5 632.0 168.0 1.0 60.0 1.0
Track 9 008B42 true
Point 1 632.0 168.0 1.0 61.0 1.0
Point 2 632.0 168.0 1.0 62.0 1.0
Point 3 632.0 169.0 1.0 63.0 1.0
Track 10 FFD18B true
Point 1 632.0 170.0 1.0 64.0 1.0
Point 2 635.0 170.0 1.0 65.0 1.0
Point 3 636.0 171.0 1.0 66.0 1.0
Point 4 636.0 171.0 1.0 67.0 1.0
Point 5 635.0 174.0 1.0 68.0 1.0
Point 6 634.0 174.0 1.0 69.0 1.0
Track 11 00388B true
Point 1 632.0 175.0 1.0 70.0 1.0
Point 2 632.0 175.0 1.0 71.0 1.0
Point 3 634.0 174.0 1.0 72.0 1.0
Track 12 D6FF8B true
Point 1 635.0 174.0 1.0 73.0 1.0
Track 13 BE0521 true
Point 1 634.0 174.0 1.0 74.0 1.0
Track 14 FF8B9C true
Point 1 638.0 175.0 1.0 75.0 1.0
Point 2 638.0 175.0 1.0 76.0 1.0
Point 3 638.0 175.0 1.0 77.0 1.0
Track 15 8B6E00 true
Point 1 638.0 175.0 1.0 78.0 1.0
Track 16 AC55F7 true
Point 1 637.0 176.0 1.0 79.0 1.0
Track 17 ABFF8B true
Point 1 634.0 181.0 1.0 80.0 1.0
Point 2 636.0 182.0 1.0 81.0 1.0
Point 3 633.0 189.0 1.0 82.0 1.0
Point 4 636.0 193.0 1.0 83.0 1.0
Point 5 638.0 187.0 1.0 84.0 1.0
Point 6 637.0 189.0 1.0 85.0 1.0
Point 7 627.0 198.0 1.0 86.0 1.0
Point 8 626.0 200.0 1.0 87.0 1.0
Point 9 629.0 196.0 1.0 88.0 1.0
Track 18 008B76 true
Point 1 632.0 191.0 1.0 89.0 1.0
Point 2 632.0 191.0 1.0 90.0 1.0
Point 3 634.0 186.0 1.0 91.0 1.0
Point 4 633.0 187.0 1.0 92.0 1.0
Point 5 631.0 191.0 1.0 93.0 1.0
Point 6 633.0 189.0 1.0 94.0 1.0
Track 19 A0BE05 true
Point 1 632.0 185.0 1.0 95.0 1.0
Point 2 631.0 182.0 1.0 96.0 1.0
Point 3 632.0 182.0 1.0 97.0 1.0
Track 20 FF6900 true
Point 1 635.0 183.0 1.0 98.0 1.0
Point 2 636.0 183.0 1.0 99.0 1.0
Point 3 636.0 183.0 1.0 100.0 1.0
Point 4 636.0 183.0 1.0 101.0 1.0
Point 5 636.0 183.0 1.0 102.0 1.0
Point 6 635.0 183.0 1.0 103.0 1.0
Point 7 635.0 183.0 1.0 104.0 1.0
Point 8 635.0 183.0 1.0 105.0 1.0
Point 9 634.0 182.0 1.0 106.0 1.0
Point 10 635.0 181.0 1.0 107.0 1.0
Track 21 BE0589 true
Point 1 636.0 181.0 1.0 108.0 1.0
Point 2 637.0 180.0 1.0 109.0 1.0
Point 3 637.0 180.0 1.0 110.0 1.0
Point 4 637.0 180.0 1.0 111.0 1.0
Point 5 637.0 179.0 1.0 112.0 1.0
Point 6 637.0 179.0 1.0 113.0 1.0
Point 7 638.0 179.0 1.0 114.0 1.0
Point 8 639.0 179.0 1.0 115.0 1.0
Point 9 644.0 180.0 1.0 116.0 1.0
Point 10 645.0 180.0 1.0 117.0 1.0
Point 11 645.0 180.0 1.0 118.0 1.0
Point 12 645.0 180.0 1.0 119.0 1.0
Point 13 645.0 179.0 1.0 120.0 1.0
Point 14 638.0 180.0 1.0 121.0 1.0
Point 15 638.0 180.0 1.0 122.0 1.0
Point 16 639.0 179.0 1.0 123.0 1.0
Point 17 637.0 181.0 1.0 124.0 1.0
Point 18 636.0 181.0 1.0 125.0 1.0
Point 19 638.0 180.0 1.0 126.0 1.0
Point 20 638.0 180.0 1.0 127.0 1.0
Point 21 637.0 181.0 1.0 128.0 1.0
Point 22 637.0 181.0 1.0 129.0 1.0
Point 23 631.0 186.0 1.0 130.0 1.0
Point 24 632.0 185.0 1.0 131.0 1.0
Point 25 633.0 184.0 1.0 132.0 1.0
Point 26 634.0 185.0 1.0 133.0 1.0
Point 27 636.0 184.0 1.0 134.0 1.0
Point 28 638.0 182.0 1.0 135.0 1.0
Point 29 639.0 179.0 1.0 136.0 1.0
Point 30 636.0 174.0 1.0 137.0 1.0
Track 22 5577F7 true
Point 1 640.0 170.0 1.0 138.0 1.0
Point 2 641.0 168.0 1.0 139.0 1.0
Point 3 640.0 165.0 1.0 140.0 1.0
Point 4 640.0 165.0 1.0 141.0 1.0
Point 5 641.0 163.0 1.0 142.0 1.0
Point 6 641.0 163.0 1.0 143.0 1.0
Track 23 00FF79 true
Point 1 641.0 163.0 1.0 144.0 1.0
Point 2 641.0 163.0 1.0 145.0 1.0
Point 3 641.0 163.0 1.0 146.0 1.0
Track 24 F79855 true
Point 1 641.0 163.0 1.0 147.0 1.0
Point 2 639.0 162.0 1.0 148.0 1.0
Point 3 637.0 162.0 1.0 149.0 1.0
Track 25 8B0063 true
Point 1 636.0 163.0 1.0 150.0 1.0
Point 2 635.0 162.0 1.0 151.0 1.0
Point 3 635.0 162.0 1.0 152.0 1.0
Track 26 8BB9FF true
Point 1 634.0 166.0 1.0 153.0 1.0
Point 2 640.0 165.0 1.0 154.0 1.0
Point 3 639.0 166.0 1.0 155.0 1.0
Point 4 639.0 165.0 1.0 156.0 1.0
Point 5 638.0 165.0 1.0 157.0 1.0
Point 6 638.0 161.0 1.0 158.0 1.0
Point 7 636.0 157.0 1.0 159.0 1.0
Point 8 637.0 154.0 1.0 160.0 1.0
Point 9 638.0 153.0 1.0 161.0 1.0
Point 10 638.0 153.0 1.0 162.0 1.0
Point 11 634.0 155.0 1.0 163.0 1.0
Point 12 634.0 156.0 1.0 164.0 1.0
Point 13 634.0 156.0 1.0 165.0 1.0
Point 14 630.0 157.0 1.0 166.0 1.0
Point 15 631.0 156.0 1.0 167.0 1.0
Point 16 632.0 151.0 1.0 168.0 1.0
Point 17 633.0 150.0 1.0 169.0 1.0
Point 18 633.0 150.0 1.0 170.0 1.0
Track 27 8B3900 true
Point 1 634.0 149.0 1.0 171.0 1.0
Point 2 634.0 149.0 1.0 172.0 1.0
Point 3 635.0 148.0 1.0 173.0 1.0
Track 28 A6FF00 true
Point 1 635.0 148.0 1.0 174.0 1.0
Point 2 636.0 147.0 1.0 175.0 1.0
Point 3 637.0 147.0 1.0 176.0 1.0
Point 4 637.0 148.0 1.0 177.0 1.0
Point 5 634.0 149.0 1.0 178.0 1.0
Point 6 634.0 149.0 1.0 179.0 1.0
Track 29 6905BE true
Point 1 634.0 149.0 1.0 180.0 1.0
Track 30 F58BFF true
Point 1 629.0 148.0 1.0 181.0 1.0
Track 31 8BFFEE true
Point 1 629.0 148.0 1.0 182.0 1.0
Point 2 631.0 147.0 1.0 183.0 1.0
Point 3 634.0 146.0 1.0 184.0 1.0
Point 4 636.0 144.0 1.0 185.0 1.0
Point 5 637.0 141.0 1.0 186.0 1.0
Point 6 637.0 141.0 1.0 187.0 1.0
Point 7 635.0 142.0 1.0 188.0 1.0
Point 8 619.0 142.0 1.0 189.0 1.0
Point 9 621.0 142.0 1.0 190.0 1.0
Point 10 629.0 144.0 1.0 191.0 1.0
Track 32 268B00 true
Point 1 635.0 144.0 1.0 192.0 1.0
Point 2 636.0 144.0 1.0 193.0 1.0
Point 3 636.0 144.0 1.0 194.0 1.0
Track 33 FFFC8B true
Point 1 637.0 143.0 1.0 195.0 1.0
Point 2 638.0 143.0 1.0 196.0 1.0
Point 3 638.0 143.0 1.0 197.0 1.0
Point 4 639.0 143.0 1.0 198.0 1.0
Point 5 640.0 143.0 1.0 199.0 1.0
Point 6 642.0 140.0 1.0 200.0 1.0
Point 7 643.0 140.0 1.0 201.0 1.0
Point 8 642.0 140.0 1.0 202.0 1.0
Point 9 641.0 142.0 1.0 203.0 1.0
Point 10 641.0 142.0 1.0 204.0 1.0
Point 11 638.0 142.0 1.0 205.0 1.0
Point 12 638.0 142.0 1.0 206.0 1.0
Point 13 638.0 142.0 1.0 207.0 1.0
Point 14 639.0 142.0 1.0 208.0 1.0
Point 15 640.0 141.0 1.0 209.0 1.0
Point 16 641.0 141.0 1.0 210.0 1.0
Point 17 641.0 141.0 1.0 211.0 1.0
Track 34 BE5205 true
Point 1 641.0 141.0 1.0 212.0 1.0
Point 2 641.0 141.0 1.0 213.0 1.0
Point 3 641.0 141.0 1.0 214.0 1.0
Track 35 054FBE true
Point 1 641.0 141.0 1.0 215.0 1.0
Point 2 641.0 141.0 1.0 216.0 1.0
Point 3 642.0 140.0 1.0 217.0 1.0
Point 5 642.0 140.0 1.0 218.0 1.0
End of MTrackJ Data File
