MTrackJ 1.5.1 Data File
Displaying true true true 2 0 0 0 100 10 0 0 0 0 1 12 0 true true true false
Assembly 1 FF0000
Cluster 1 FF0000
Track 1 FF0000 true
Point 1 585.0 206.0 1.0 1.0 3.0
Point 2 588.0 203.0 1.0 2.0 3.0
Point 3 585.0 202.0 1.0 3.0 3.0
Point 4 588.0 189.0 1.0 4.0 3.0
Point 5 585.0 186.0 1.0 5.0 3.0
Point 6 583.0 186.0 1.0 6.0 3.0
Point 7 577.0 190.0 1.0 7.0 3.0
Point 8 572.0 181.0 1.0 8.0 3.0
Point 9 580.0 182.0 1.0 9.0 3.0
Point 10 577.0 179.0 1.0 10.0 3.0
Point 11 579.0 179.0 1.0 11.0 3.0
Point 12 579.0 183.0 1.0 12.0 3.0
Point 13 581.0 179.0 1.0 13.0 3.0
Point 14 583.0 176.0 1.0 14.0 3.0
Point 15 575.0 183.0 1.0 15.0 3.0
Point 16 579.0 178.0 1.0 16.0 3.0
Point 17 584.0 178.0 1.0 17.0 3.0
Point 18 590.0 172.0 1.0 18.0 3.0
Point 19 589.0 176.0 1.0 19.0 3.0
Point 20 593.0 179.0 1.0 20.0 3.0
Point 21 596.0 172.0 1.0 21.0 3.0
Point 22 602.0 174.0 1.0 22.0 3.0
Point 23 605.0 172.0 1.0 23.0 3.0
Point 24 616.0 173.0 1.0 24.0 3.0
Point 25 601.0 172.0 1.0 25.0 3.0
Point 26 610.0 168.0 1.0 26.0 3.0
Point 27 600.0 179.0 1.0 27.0 3.0
Point 28 598.0 184.0 1.0 28.0 3.0
Point 29 587.0 179.0 1.0 29.0 3.0
Point 30 599.0 174.0 1.0 30.0 3.0
Point 31 599.0 179.0 1.0 31.0 3.0
Point 32 596.0 184.0 1.0 32.0 3.0
Point 33 596.0 186.0 1.0 33.0 3.0
Point 34 602.0 184.0 1.0 34.0 3.0
Point 35 610.0 184.0 1.0 35.0 3.0
Point 36 610.0 178.0 1.0 36.0 3.0
Point 37 608.0 178.0 1.0 37.0 3.0
Point 38 608.0 180.0 1.0 38.0 3.0
Point 39 604.0 185.0 1.0 39.0 3.0
Point 40 599.0 186.0 1.0 40.0 3.0
Point 41 601.0 184.0 1.0 41.0 3.0
Point 42 609.0 180.0 1.0 42.0 3.0
Point 43 602.0 184.0 1.0 43.0 3.0
Point 44 605.0 186.0 1.0 44.0 3.0
Point 45 611.0 173.0 1.0 45.0 3.0
Point 46 607.0 177.0 1.0 46.0 3.0
Point 47 612.0 164.0 1.0 47.0 3.0
Point 48 604.0 159.0 1.0 48.0 3.0
Point 49 611.0 163.0 1.0 49.0 3.0
Point 50 615.0 158.0 1.0 50.0 3.0
Point 51 611.0 161.0 1.0 51.0 3.0
Point 52 608.0 163.0 1.0 52.0 3.0
Point 53 618.0 164.0 1.0 53.0 3.0
Point 54 617.0 155.0 1.0 54.0 3.0
Point 55 618.0 157.0 1.0 55.0 3.0
Point 56 618.0 159.0 1.0 56.0 3.0
Point 57 617.0 162.0 1.0 57.0 3.0
Point 58 617.0 162.0 1.0 58.0 3.0
Point 59 617.0 159.0 1.0 59.0 3.0
Point 60 620.0 167.0 1.0 60.0 3.0
Point 61 624.0 161.0 1.0 61.0 3.0
Point 62 624.0 160.0 1.0 62.0 3.0
Point 63 624.0 160.0 1.0 63.0 3.0
Point 64 622.0 162.0 1.0 64.0 3.0
Point 65 625.0 160.0 1.0 65.0 3.0
Point 66 623.0 160.0 1.0 66.0 3.0
Point 67 621.0 173.0 1.0 67.0 3.0
Point 68 619.0 183.0 1.0 68.0 3.0
Point 69 620.0 183.0 1.0 69.0 3.0
Point 70 619.0 193.0 1.0 70.0 3.0
Point 71 618.0 197.0 1.0 71.0 3.0
Point 72 625.0 190.0 1.0 72.0 3.0
Point 73 616.0 193.0 1.0 73.0 3.0
Point 74 606.0 206.0 1.0 74.0 3.0
Point 75 623.0 194.0 1.0 75.0 3.0
Point 76 617.0 196.0 1.0 76.0 3.0
Point 77 621.0 195.0 1.0 77.0 3.0
Point 78 617.0 193.0 1.0 78.0 3.0
Point 79 623.0 194.0 1.0 79.0 3.0
Point 80 610.0 220.0 1.0 80.0 3.0
Point 81 604.0 244.0 1.0 81.0 3.0
Point 82 606.0 242.0 1.0 82.0 3.0
Point 83 608.0 236.0 1.0 83.0 3.0
Point 84 603.0 233.0 1.0 84.0 3.0
Point 85 582.0 271.0 1.0 85.0 3.0
Point 86 582.0 274.0 1.0 86.0 3.0
Point 87 595.0 270.0 1.0 87.0 3.0
Point 88 592.0 268.0 1.0 88.0 3.0
Point 89 589.0 265.0 1.0 89.0 3.0
Point 90 599.0 252.0 1.0 90.0 3.0
Point 91 603.0 247.0 1.0 91.0 3.0
Point 92 604.0 233.0 1.0 92.0 3.0
Point 93 614.0 226.0 1.0 93.0 3.0
Point 94 621.0 217.0 1.0 94.0 3.0
Point 95 621.0 199.0 1.0 95.0 3.0
Point 96 618.0 188.0 1.0 96.0 3.0
Point 97 615.0 183.0 1.0 97.0 3.0
Point 98 623.0 183.0 1.0 98.0 3.0
Point 99 620.0 192.0 1.0 99.0 3.0
Point 100 617.0 195.0 1.0 100.0 3.0
Point 101 618.0 191.0 1.0 101.0 3.0
Point 102 624.0 196.0 1.0 102.0 3.0
Point 103 624.0 197.0 1.0 103.0 3.0
Point 104 627.0 208.0 1.0 104.0 3.0
Point 105 618.0 195.0 1.0 105.0 3.0
End of MTrackJ Data File
