MTrackJ 1.5.1 Data File
Displaying false true true 1 2 0 0 100 20 0 0 0 0 1 8 0 false false true false
Assembly 1 FF0000
Cluster 1 FF0000
Track 1 FF0000 true
Point 1 1167.5 699.5 1.0 45.0 2.0
Point 2 1197.5 690.8333333333333 1.0 46.0 2.0
Point 3 1212.8333333333333 692.8333333333333 1.0 47.0 2.0
Point 4 1212.8333333333333 687.5 1.0 48.0 2.0
Point 5 1208.8333333333333 686.8333333333333 1.0 49.0 2.0
Point 6 1204.1666666666667 691.5 1.0 50.0 2.0
Point 7 1192.8333333333333 692.1666666666667 1.0 51.0 2.0
Point 8 1194.1666666666667 694.1666666666667 1.0 52.0 2.0
Point 9 1194.1666666666667 718.1666666666667 1.0 53.0 2.0
Point 10 1193.5 718.8333333333333 1.0 54.0 2.0
Point 11 1188.8333333333333 714.1666666666667 1.0 55.0 2.0
Point 12 1193.5 704.8333333333333 1.0 56.0 2.0
Point 13 1198.1666666666667 704.1666666666667 1.0 57.0 2.0
Point 14 1191.5 688.8333333333333 1.0 58.0 2.0
Point 15 1186.1666666666667 708.8333333333333 1.0 59.0 2.0
Point 16 1187.5 691.5 1.0 60.0 2.0
Point 17 1186.1666666666667 690.8333333333333 1.0 61.0 2.0
Point 18 1182.1666666666667 669.5 1.0 62.0 2.0
Point 19 1184.1666666666667 670.8333333333334 1.0 63.0 2.0
Point 20 1182.8333333333333 635.5 1.0 64.0 2.0
Point 21 1192.1666666666667 610.8333333333334 1.0 65.0 2.0
Point 22 1190.8333333333333 613.5 1.0 66.0 2.0
Point 23 1196.1666666666667 614.8333333333334 1.0 67.0 2.0
Point 24 1196.1666666666667 604.8333333333334 1.0 68.0 2.0
Point 25 1196.1666666666667 604.8333333333334 1.0 69.0 2.0
Point 26 1197.5 600.8333333333334 1.0 70.0 2.0
Point 27 1201.5 586.1666666666666 1.0 71.0 2.0
Point 28 1198.1666666666667 587.5 1.0 72.0 2.0
Point 29 1198.8333333333333 580.1666666666666 1.0 73.0 2.0
Point 30 1194.1666666666667 574.1666666666666 1.0 74.0 2.0
Point 31 1200.1666666666667 572.1666666666666 1.0 75.0 2.0
Point 32 1188.8333333333333 572.1666666666666 1.0 76.0 2.0
Point 33 1185.5 560.1666666666666 1.0 77.0 2.0
Point 34 1184.1666666666667 554.1666666666666 1.0 78.0 2.0
Point 35 1179.5 553.5 1.0 79.0 2.0
Point 36 1174.8333333333333 544.1666666666666 1.0 80.0 2.0
Point 37 1181.5 554.1666666666666 1.0 81.0 2.0
Point 38 1177.5 550.8333333333334 1.0 82.0 2.0
Point 39 1184.1666666666667 548.8333333333334 1.0 83.0 2.0
Point 40 1170.8333333333333 528.1666666666666 1.0 84.0 2.0
Point 41 1164.1666666666667 527.5 1.0 85.0 2.0
Point 42 1164.1666666666667 526.8333333333334 1.0 86.0 2.0
Point 43 1164.1666666666667 526.8333333333334 1.0 87.0 2.0
Point 44 1160.8333333333333 524.1666666666666 1.0 88.0 2.0
Point 45 1174.1666666666667 526.8333333333334 1.0 89.0 2.0
Point 46 1181.5 529.5 1.0 90.0 2.0
Point 47 1178.1666666666667 527.5 1.0 91.0 2.0
Point 48 1180.8333333333333 520.1666666666666 1.0 92.0 2.0
Point 49 1174.8333333333333 510.8333333333333 1.0 93.0 2.0
Point 50 1182.8333333333333 520.8333333333334 1.0 94.0 2.0
Point 51 1188.8333333333333 530.1666666666666 1.0 95.0 2.0
Point 52 1182.1666666666667 526.8333333333334 1.0 96.0 2.0
Point 53 1182.1666666666667 528.1666666666666 1.0 97.0 2.0
Point 54 1186.1666666666667 534.1666666666666 1.0 98.0 2.0
Point 55 1180.1666666666667 526.8333333333334 1.0 99.0 2.0
Point 56 1171.5 514.8333333333334 1.0 100.0 2.0
Point 57 1174.1666666666667 518.1666666666666 1.0 101.0 2.0
Point 58 1194.8333333333333 534.1666666666666 1.0 102.0 2.0
Point 59 1202.1666666666667 549.5 1.0 103.0 2.0
Point 60 1202.1666666666667 549.5 1.0 104.0 2.0
Point 61 1190.8333333333333 538.8333333333334 1.0 105.0 2.0
Point 62 1176.1666666666667 526.8333333333334 1.0 106.0 2.0
Point 63 1174.1666666666667 526.8333333333334 1.0 107.0 2.0
Point 64 1176.1666666666667 527.5 1.0 108.0 2.0
Point 65 1170.8333333333333 522.1666666666666 1.0 109.0 2.0
Point 66 1193.5 528.1666666666666 1.0 110.0 2.0
Point 67 1191.5 524.1666666666666 1.0 111.0 2.0
Point 68 1192.8333333333333 519.5 1.0 112.0 2.0
Point 69 1186.8333333333333 520.8333333333334 1.0 113.0 2.0
Point 70 1186.8333333333333 516.8333333333334 1.0 114.0 2.0
Point 71 1178.1666666666667 523.5 1.0 115.0 2.0
Point 72 1181.5 520.1666666666666 1.0 116.0 2.0
Point 73 1184.1666666666667 516.1666666666666 1.0 117.0 2.0
Point 74 1176.8333333333333 518.1666666666666 1.0 118.0 2.0
Point 75 1177.5 519.5 1.0 119.0 2.0
Point 76 1183.5 523.5 1.0 120.0 2.0
Point 77 1178.1666666666667 518.1666666666666 1.0 121.0 2.0
Point 78 1175.5 516.8333333333334 1.0 122.0 2.0
Point 79 1172.1666666666667 519.5 1.0 123.0 2.0
Point 80 1158.8333333333333 512.8333333333334 1.0 124.0 2.0
Point 81 1162.1666666666667 515.5 1.0 125.0 2.0
Point 82 1166.1666666666667 522.1666666666666 1.0 126.0 2.0
Point 83 1168.8333333333333 520.8333333333334 1.0 127.0 2.0
Point 84 1167.5 518.1666666666666 1.0 128.0 2.0
Point 85 1158.1666666666667 513.5 1.0 129.0 2.0
Point 86 1172.1666666666667 512.8333333333334 1.0 130.0 2.0
Point 87 1187.5 516.1666666666666 1.0 131.0 2.0
Point 88 1184.8333333333333 518.1666666666666 1.0 132.0 2.0
Point 89 1180.8333333333333 516.1666666666666 1.0 133.0 2.0
Point 90 1166.8333333333333 518.1666666666666 1.0 134.0 2.0
Point 91 1165.5 520.1666666666666 1.0 135.0 2.0
Point 92 1166.1666666666667 519.5 1.0 136.0 2.0
Point 93 1163.5 519.5 1.0 137.0 2.0
Point 94 1160.8333333333333 518.1666666666666 1.0 138.0 2.0
Point 95 1158.8333333333333 514.1666666666666 1.0 139.0 2.0
Point 96 1154.8333333333333 515.5 1.0 140.0 2.0
Point 97 1165.5 512.8333333333334 1.0 141.0 2.0
Point 98 1167.5 516.1666666666666 1.0 142.0 2.0
Point 99 1168.1666666666667 522.8333333333334 1.0 143.0 2.0
Point 100 1164.1666666666667 522.1666666666666 1.0 144.0 2.0
Point 101 1173.5 515.5 1.0 145.0 2.0
Point 102 1173.5 515.5 1.0 146.0 2.0
Point 103 1172.8333333333333 513.5 1.0 147.0 2.0
Point 104 1167.5 512.8333333333334 1.0 148.0 2.0
Point 105 1164.1666666666667 512.1666666666666 1.0 149.0 2.0
Point 106 1169.5 512.1666666666666 1.0 150.0 2.0
Point 107 1186.1666666666667 508.8333333333333 1.0 151.0 2.0
Point 108 1174.8333333333333 508.8333333333333 1.0 152.0 2.0
Point 109 1167.5 513.5 1.0 153.0 2.0
Point 110 1173.5 515.5 1.0 154.0 2.0
Point 111 1164.8333333333333 504.8333333333333 1.0 155.0 2.0
Point 112 1161.5 508.8333333333333 1.0 156.0 2.0
Point 113 1165.5 506.8333333333333 1.0 157.0 2.0
Point 114 1164.8333333333333 502.8333333333333 1.0 158.0 2.0
Point 115 1162.8333333333333 505.5 1.0 159.0 2.0
Point 116 1155.5 520.8333333333334 1.0 160.0 2.0
Point 117 1158.1666666666667 519.5 1.0 161.0 2.0
Point 118 1153.5 521.5 1.0 162.0 2.0
Point 119 1170.1666666666667 507.5 1.0 163.0 2.0
Point 120 1169.5 497.5 1.0 164.0 2.0
Point 121 1156.8333333333333 517.5 1.0 165.0 2.0
Point 122 1150.1666666666667 531.5 1.0 166.0 2.0
Point 123 1146.8333333333333 530.1666666666666 1.0 167.0 2.0
Point 124 1146.1666666666667 522.8333333333334 1.0 168.0 2.0
Point 125 1153.5 510.8333333333333 1.0 169.0 2.0
Point 126 1146.8333333333333 510.1666666666667 1.0 170.0 2.0
Point 127 1149.5 514.8333333333334 1.0 171.0 2.0
Point 128 1150.8333333333333 518.1666666666666 1.0 172.0 2.0
Point 129 1148.1666666666667 520.1666666666666 1.0 173.0 2.0
Point 130 1152.8333333333333 514.8333333333334 1.0 174.0 2.0
Point 131 1163.5 512.1666666666666 1.0 175.0 2.0
Point 132 1159.5 512.8333333333334 1.0 176.0 2.0
Point 133 1152.8333333333333 516.1666666666666 1.0 177.0 2.0
Point 134 1150.1666666666667 514.8333333333334 1.0 178.0 2.0
Point 135 1143.5 506.8333333333333 1.0 179.0 2.0
Point 136 1153.5 500.8333333333333 1.0 180.0 2.0
Point 137 1150.1666666666667 498.8333333333333 1.0 181.0 2.0
Point 138 1152.8333333333333 504.1666666666667 1.0 182.0 2.0
Point 139 1149.5 508.8333333333333 1.0 183.0 2.0
Point 140 1149.5 506.1666666666667 1.0 184.0 2.0
Point 141 1142.8333333333333 500.1666666666667 1.0 185.0 2.0
Point 142 1138.1666666666667 501.5 1.0 186.0 2.0
Point 143 1147.5 498.1666666666667 1.0 187.0 2.0
Point 144 1146.1666666666667 496.1666666666667 1.0 188.0 2.0
Point 145 1155.5 494.8333333333333 1.0 189.0 2.0
Point 146 1162.8333333333333 501.5 1.0 190.0 2.0
Point 147 1158.1666666666667 502.8333333333333 1.0 191.0 2.0
Point 148 1156.1666666666667 496.1666666666667 1.0 192.0 2.0
Point 149 1164.8333333333333 499.5 1.0 193.0 2.0
Point 150 1174.8333333333333 505.5 1.0 194.0 2.0
Point 151 1157.5 505.5 1.0 195.0 2.0
Point 152 1150.8333333333333 510.8333333333333 1.0 196.0 2.0
Point 153 1147.5 500.1666666666667 1.0 197.0 2.0
Point 154 1163.5 504.1666666666667 1.0 198.0 2.0
Point 155 1178.1666666666667 510.1666666666667 1.0 199.0 2.0
Point 156 1182.8333333333333 512.1666666666666 1.0 200.0 2.0
End of MTrackJ Data File
