MTrackJ 1.5.1 Data File
Displaying false true true 1 2 0 0 100 20 0 0 0 0 1 8 0 false false true false
Assembly 1 FF0000
Cluster 1 FF0000
Track 1 FF0000 true
Point 1 1174.1666666666667 730.1666666666667 1.0 45.0 1.0
Point 2 1175.5 725.5 1.0 46.0 1.0
Point 3 1187.5 717.5 1.0 47.0 1.0
Point 4 1190.8333333333333 717.5 1.0 48.0 1.0
Point 5 1190.1666666666667 717.5 1.0 49.0 1.0
Point 6 1186.1666666666667 714.1666666666667 1.0 50.0 1.0
Point 7 1183.5 714.1666666666667 1.0 51.0 1.0
Point 8 1181.5 714.8333333333333 1.0 52.0 1.0
Point 9 1178.8333333333333 712.8333333333333 1.0 53.0 1.0
Point 10 1175.5 714.8333333333333 1.0 54.0 1.0
Point 11 1175.5 717.5 1.0 55.0 1.0
Point 12 1172.8333333333333 715.5 1.0 56.0 1.0
Point 13 1173.5 711.5 1.0 57.0 1.0
Point 14 1176.8333333333333 710.8333333333333 1.0 58.0 1.0
Point 15 1176.8333333333333 715.5 1.0 59.0 1.0
Point 16 1174.8333333333333 712.8333333333333 1.0 60.0 1.0
Point 17 1173.5 711.5 1.0 61.0 1.0
Point 18 1173.5 708.8333333333333 1.0 62.0 1.0
Point 19 1174.8333333333333 705.5 1.0 63.0 1.0
Point 20 1181.5 695.5 1.0 64.0 1.0
Point 21 1178.8333333333333 679.5 1.0 65.0 1.0
Point 22 1179.5 670.8333333333334 1.0 66.0 1.0
Point 23 1182.1666666666667 657.5 1.0 67.0 1.0
Point 24 1183.5 646.8333333333334 1.0 68.0 1.0
Point 25 1183.5 638.1666666666666 1.0 69.0 1.0
Point 26 1182.1666666666667 633.5 1.0 70.0 1.0
Point 27 1186.1666666666667 622.1666666666666 1.0 71.0 1.0
Point 28 1185.5 621.5 1.0 72.0 1.0
Point 29 1185.5 617.5 1.0 73.0 1.0
Point 30 1186.1666666666667 608.1666666666666 1.0 74.0 1.0
Point 31 1188.1666666666667 603.5 1.0 75.0 1.0
Point 32 1188.8333333333333 600.8333333333334 1.0 76.0 1.0
Point 33 1189.5 598.8333333333334 1.0 77.0 1.0
Point 34 1188.8333333333333 594.8333333333334 1.0 78.0 1.0
Point 35 1190.8333333333333 593.5 1.0 79.0 1.0
Point 36 1188.1666666666667 593.5 1.0 80.0 1.0
Point 37 1188.8333333333333 592.8333333333334 1.0 81.0 1.0
Point 38 1188.8333333333333 587.5 1.0 82.0 1.0
Point 39 1186.1666666666667 580.8333333333334 1.0 83.0 1.0
Point 40 1184.8333333333333 569.5 1.0 84.0 1.0
Point 41 1177.5 556.1666666666666 1.0 85.0 1.0
Point 42 1176.1666666666667 554.1666666666666 1.0 86.0 1.0
Point 43 1172.8333333333333 550.8333333333334 1.0 87.0 1.0
Point 44 1172.8333333333333 548.8333333333334 1.0 88.0 1.0
Point 45 1176.1666666666667 548.8333333333334 1.0 89.0 1.0
Point 46 1172.8333333333333 548.8333333333334 1.0 90.0 1.0
Point 47 1170.1666666666667 547.5 1.0 91.0 1.0
Point 48 1172.8333333333333 548.1666666666666 1.0 92.0 1.0
Point 49 1172.1666666666667 541.5 1.0 93.0 1.0
Point 50 1171.5 538.8333333333334 1.0 94.0 1.0
Point 51 1170.1666666666667 541.5 1.0 95.0 1.0
Point 52 1169.5 541.5 1.0 96.0 1.0
Point 53 1167.5 539.5 1.0 97.0 1.0
Point 54 1168.1666666666667 539.5 1.0 98.0 1.0
Point 55 1165.5 539.5 1.0 99.0 1.0
Point 56 1167.5 540.1666666666666 1.0 100.0 1.0
Point 57 1166.1666666666667 540.1666666666666 1.0 101.0 1.0
Point 58 1166.1666666666667 539.5 1.0 102.0 1.0
Point 59 1175.5 545.5 1.0 103.0 1.0
Point 60 1175.5 546.8333333333334 1.0 104.0 1.0
Point 61 1171.5 546.1666666666666 1.0 105.0 1.0
Point 62 1170.1666666666667 545.5 1.0 106.0 1.0
Point 63 1168.1666666666667 545.5 1.0 107.0 1.0
Point 64 1167.5 544.1666666666666 1.0 108.0 1.0
Point 65 1168.1666666666667 543.5 1.0 109.0 1.0
Point 66 1166.1666666666667 542.1666666666666 1.0 110.0 1.0
Point 67 1172.1666666666667 540.8333333333334 1.0 111.0 1.0
Point 68 1173.5 540.1666666666666 1.0 112.0 1.0
Point 69 1173.5 538.1666666666666 1.0 113.0 1.0
Point 70 1174.1666666666667 538.1666666666666 1.0 114.0 1.0
Point 71 1171.5 538.1666666666666 1.0 115.0 1.0
Point 72 1170.8333333333333 538.8333333333334 1.0 116.0 1.0
Point 73 1169.5 538.8333333333334 1.0 117.0 1.0
Point 74 1167.5 538.8333333333334 1.0 118.0 1.0
Point 75 1168.8333333333333 537.5 1.0 119.0 1.0
Point 76 1166.1666666666667 537.5 1.0 120.0 1.0
Point 77 1166.8333333333333 534.8333333333334 1.0 121.0 1.0
Point 78 1166.8333333333333 534.8333333333334 1.0 122.0 1.0
Point 79 1168.8333333333333 532.8333333333334 1.0 123.0 1.0
Point 80 1163.5 534.1666666666666 1.0 124.0 1.0
Point 81 1159.5 534.1666666666666 1.0 125.0 1.0
Point 82 1161.5 535.5 1.0 126.0 1.0
Point 83 1160.8333333333333 534.1666666666666 1.0 127.0 1.0
Point 84 1158.8333333333333 533.5 1.0 128.0 1.0
Point 85 1156.8333333333333 533.5 1.0 129.0 1.0
Point 86 1157.5 531.5 1.0 130.0 1.0
Point 87 1158.8333333333333 531.5 1.0 131.0 1.0
Point 88 1158.8333333333333 530.8333333333334 1.0 132.0 1.0
Point 89 1160.8333333333333 530.8333333333334 1.0 133.0 1.0
Point 90 1160.1666666666667 528.8333333333334 1.0 134.0 1.0
Point 91 1159.5 528.1666666666666 1.0 135.0 1.0
Point 92 1159.5 529.5 1.0 136.0 1.0
Point 93 1158.1666666666667 532.1666666666666 1.0 137.0 1.0
Point 94 1158.1666666666667 532.8333333333334 1.0 138.0 1.0
Point 95 1157.5 531.5 1.0 139.0 1.0
Point 96 1155.5 528.8333333333334 1.0 140.0 1.0
Point 97 1154.1666666666667 528.8333333333334 1.0 141.0 1.0
Point 98 1153.5 525.5 1.0 142.0 1.0
Point 99 1154.8333333333333 528.8333333333334 1.0 143.0 1.0
Point 100 1158.1666666666667 528.1666666666666 1.0 144.0 1.0
Point 101 1157.5 527.5 1.0 145.0 1.0
Point 102 1160.8333333333333 524.8333333333334 1.0 146.0 1.0
Point 103 1164.1666666666667 525.5 1.0 147.0 1.0
Point 104 1160.1666666666667 524.8333333333334 1.0 148.0 1.0
Point 105 1158.1666666666667 524.8333333333334 1.0 149.0 1.0
Point 106 1152.1666666666667 522.1666666666666 1.0 150.0 1.0
Point 107 1158.1666666666667 522.1666666666666 1.0 151.0 1.0
Point 108 1158.8333333333333 523.5 1.0 152.0 1.0
Point 109 1158.8333333333333 521.5 1.0 153.0 1.0
Point 110 1162.1666666666667 522.1666666666666 1.0 154.0 1.0
Point 111 1158.8333333333333 522.8333333333334 1.0 155.0 1.0
Point 112 1158.1666666666667 522.8333333333334 1.0 156.0 1.0
Point 113 1159.5 522.8333333333334 1.0 157.0 1.0
Point 114 1159.5 520.8333333333334 1.0 158.0 1.0
Point 115 1157.5 520.8333333333334 1.0 159.0 1.0
Point 116 1158.1666666666667 521.5 1.0 160.0 1.0
Point 117 1160.1666666666667 522.8333333333334 1.0 161.0 1.0
Point 118 1158.8333333333333 523.5 1.0 162.0 1.0
Point 119 1158.8333333333333 522.1666666666666 1.0 163.0 1.0
Point 120 1161.5 520.1666666666666 1.0 164.0 1.0
Point 121 1161.5 520.1666666666666 1.0 165.0 1.0
Point 122 1159.5 520.1666666666666 1.0 166.0 1.0
Point 123 1156.8333333333333 522.1666666666666 1.0 167.0 1.0
Point 124 1153.5 522.8333333333334 1.0 168.0 1.0
Point 125 1154.1666666666667 520.8333333333334 1.0 169.0 1.0
Point 126 1153.5 520.1666666666666 1.0 170.0 1.0
Point 127 1153.5 520.1666666666666 1.0 171.0 1.0
Point 128 1152.1666666666667 520.1666666666666 1.0 172.0 1.0
Point 129 1152.1666666666667 518.1666666666666 1.0 173.0 1.0
Point 130 1152.1666666666667 516.8333333333334 1.0 174.0 1.0
Point 131 1150.8333333333333 516.8333333333334 1.0 175.0 1.0
Point 132 1148.8333333333333 516.1666666666666 1.0 176.0 1.0
Point 133 1149.5 514.1666666666666 1.0 177.0 1.0
Point 134 1148.8333333333333 516.8333333333334 1.0 178.0 1.0
Point 135 1147.5 514.8333333333334 1.0 179.0 1.0
Point 136 1144.8333333333333 514.1666666666666 1.0 180.0 1.0
Point 137 1146.1666666666667 514.1666666666666 1.0 181.0 1.0
Point 138 1145.5 514.1666666666666 1.0 182.0 1.0
Point 139 1146.1666666666667 514.8333333333334 1.0 183.0 1.0
Point 140 1148.8333333333333 514.1666666666666 1.0 184.0 1.0
Point 141 1148.8333333333333 514.1666666666666 1.0 185.0 1.0
Point 142 1150.1666666666667 512.8333333333334 1.0 186.0 1.0
Point 143 1155.5 511.5 1.0 187.0 1.0
Point 144 1155.5 511.5 1.0 188.0 1.0
Point 145 1156.1666666666667 510.8333333333333 1.0 189.0 1.0
Point 146 1156.1666666666667 510.8333333333333 1.0 190.0 1.0
Point 147 1154.8333333333333 510.1666666666667 1.0 191.0 1.0
Point 148 1154.8333333333333 509.5 1.0 192.0 1.0
Point 149 1154.8333333333333 508.8333333333333 1.0 193.0 1.0
Point 150 1160.1666666666667 510.1666666666667 1.0 194.0 1.0
Point 151 1156.1666666666667 510.8333333333333 1.0 195.0 1.0
Point 152 1150.1666666666667 509.5 1.0 196.0 1.0
Point 153 1153.5 509.5 1.0 197.0 1.0
Point 154 1157.5 509.5 1.0 198.0 1.0
Point 155 1165.5 512.1666666666666 1.0 199.0 1.0
Point 156 1162.1666666666667 512.1666666666666 1.0 200.0 1.0
End of MTrackJ Data File
