MTrackJ 1.5.1 Data File
Displaying false true true 1 2 0 0 100 20 0 0 0 0 1 8 0 false false true false
Assembly 1 FF0000
Cluster 1 FF0000
Track 1 FF0000 true
Point 1 1181.5 639.5 1.0 58.0 1.0
Point 11 1176.8333333333333 556.8333333333334 1.0 75.0 1.0
Point 2 1154.1666666666667 486.8333333333333 1.0 93.0 1.0
Point 3 1240.1666666666667 573.5 1.0 103.0 1.0
Point 4 1168.1666666666667 503.5 1.0 108.0 1.0
Point 10 1207.5 540.1666666666666 1.0 125.0 1.0
Point 5 1202.8333333333333 511.5 1.0 130.0 1.0
Point 6 1235.5 522.1666666666666 1.0 134.0 1.0
Point 7 1182.1666666666667 458.8333333333333 1.0 155.0 1.0
Point 8 1119.5 506.1666666666667 1.0 184.0 1.0
Point 9 1199.5 508.1666666666667 1.0 188.0 1.0
End of MTrackJ Data File
