MTrackJ 1.5.1 Data File
Displaying true true true 2 0 0 0 100 10 0 0 0 0 1 12 0 true true true false
Assembly 1 FF0000
Cluster 1 FF0000
Track 1 FF0000 true
Point 1 1152.5 190.16666666666666 1.0 1.0 1.0
Point 2 1154.5 188.16666666666666 1.0 2.0 1.0
Point 3 1155.1666666666665 188.16666666666666 1.0 3.0 1.0
Point 4 1154.5 186.83333333333334 1.0 4.0 1.0
Point 5 1155.8333333333335 183.5 1.0 5.0 1.0
Point 6 1156.5 180.83333333333334 1.0 6.0 1.0
Point 7 1156.5 179.5 1.0 7.0 1.0
Point 8 1154.5 175.5 1.0 8.0 1.0
Point 9 1152.5 172.83333333333334 1.0 9.0 1.0
Point 10 1153.1666666666665 174.16666666666666 1.0 10.0 1.0
Point 11 1152.5 176.16666666666666 1.0 11.0 1.0
Point 12 1152.5 176.16666666666666 1.0 12.0 1.0
Point 13 1151.1666666666665 176.16666666666666 1.0 13.0 1.0
Point 14 1150.5 175.5 1.0 14.0 1.0
Point 15 1145.8333333333335 169.5 1.0 15.0 1.0
Point 16 1147.1666666666665 168.16666666666666 1.0 16.0 1.0
Point 17 1147.8333333333335 168.16666666666666 1.0 17.0 1.0
Point 18 1147.8333333333335 165.5 1.0 18.0 1.0
Point 19 1149.1666666666665 163.5 1.0 19.0 1.0
Point 20 1149.1666666666665 163.5 1.0 20.0 1.0
Point 21 1149.1666666666665 162.83333333333334 1.0 21.0 1.0
Point 22 1150.5 160.16666666666666 1.0 22.0 1.0
Point 23 1149.1666666666665 158.16666666666666 1.0 23.0 1.0
Point 24 1149.8333333333335 158.83333333333334 1.0 24.0 1.0
Point 25 1151.1666666666665 159.5 1.0 25.0 1.0
Point 26 1152.5 161.5 1.0 26.0 1.0
Point 27 1153.1666666666665 162.83333333333334 1.0 27.0 1.0
Point 28 1155.1666666666665 162.83333333333334 1.0 28.0 1.0
Point 29 1155.1666666666665 162.83333333333334 1.0 29.0 1.0
Point 30 1157.8333333333335 158.16666666666666 1.0 30.0 1.0
Point 31 1156.5 156.16666666666666 1.0 31.0 1.0
Point 32 1156.5 158.83333333333334 1.0 32.0 1.0
Point 33 1157.1666666666665 161.5 1.0 33.0 1.0
Point 34 1156.5 160.16666666666666 1.0 34.0 1.0
Point 35 1157.1666666666665 158.16666666666666 1.0 35.0 1.0
Point 36 1155.1666666666665 157.5 1.0 36.0 1.0
Point 37 1153.8333333333335 156.16666666666666 1.0 37.0 1.0
Point 38 1153.8333333333335 154.83333333333334 1.0 38.0 1.0
Point 39 1154.5 156.83333333333334 1.0 39.0 1.0
Point 40 1155.8333333333335 160.16666666666666 1.0 40.0 1.0
Point 41 1157.1666666666665 160.83333333333334 1.0 41.0 1.0
Point 42 1157.8333333333335 160.83333333333334 1.0 42.0 1.0
Point 43 1157.8333333333335 158.83333333333334 1.0 43.0 1.0
Point 44 1157.8333333333335 158.83333333333334 1.0 44.0 1.0
Point 45 1157.8333333333335 158.83333333333334 1.0 45.0 1.0
Point 46 1158.5 158.83333333333334 1.0 46.0 1.0
Point 47 1159.1666666666665 156.16666666666666 1.0 47.0 1.0
Point 48 1159.8333333333335 154.83333333333334 1.0 48.0 1.0
Point 49 1159.8333333333335 153.5 1.0 49.0 1.0
Point 50 1156.5 148.83333333333334 1.0 50.0 1.0
Point 51 1156.5 147.5 1.0 51.0 1.0
Point 52 1157.1666666666665 148.16666666666666 1.0 52.0 1.0
Point 53 1157.8333333333335 151.5 1.0 53.0 1.0
Point 54 1157.8333333333335 151.5 1.0 54.0 1.0
Point 55 1157.8333333333335 151.5 1.0 55.0 1.0
Point 56 1157.1666666666665 150.16666666666666 1.0 56.0 1.0
Point 57 1157.1666666666665 149.5 1.0 57.0 1.0
Point 58 1157.1666666666665 149.5 1.0 58.0 1.0
Point 59 1157.1666666666665 149.5 1.0 59.0 1.0
Point 60 1157.1666666666665 148.83333333333334 1.0 60.0 1.0
Point 61 1157.1666666666665 148.16666666666666 1.0 61.0 1.0
Point 62 1157.8333333333335 149.5 1.0 62.0 1.0
Point 63 1157.8333333333335 149.5 1.0 63.0 1.0
Point 64 1160.5 156.83333333333334 1.0 64.0 1.0
Point 65 1160.5 156.83333333333334 1.0 65.0 1.0
Point 66 1160.5 156.16666666666666 1.0 66.0 1.0
Point 67 1161.1666666666665 157.5 1.0 67.0 1.0
Point 68 1160.5 158.16666666666666 1.0 68.0 1.0
Point 69 1157.8333333333335 160.83333333333334 1.0 69.0 1.0
Point 70 1157.8333333333335 160.83333333333334 1.0 70.0 1.0
Point 71 1153.8333333333335 162.16666666666666 1.0 71.0 1.0
Point 72 1153.1666666666665 160.83333333333334 1.0 72.0 1.0
Point 73 1152.5 160.83333333333334 1.0 73.0 1.0
Point 74 1149.8333333333335 160.16666666666666 1.0 74.0 1.0
Point 75 1149.8333333333335 161.5 1.0 75.0 1.0
Point 76 1149.8333333333335 160.83333333333334 1.0 76.0 1.0
Point 77 1149.8333333333335 157.5 1.0 77.0 1.0
Point 78 1149.8333333333335 157.5 1.0 78.0 1.0
Point 79 1151.1666666666665 155.5 1.0 79.0 1.0
Point 80 1151.1666666666665 154.16666666666666 1.0 80.0 1.0
Point 81 1153.1666666666665 156.83333333333334 1.0 81.0 1.0
Point 82 1153.1666666666665 156.83333333333334 1.0 82.0 1.0
Point 83 1152.5 158.16666666666666 1.0 83.0 1.0
Point 84 1152.5 158.83333333333334 1.0 84.0 1.0
Point 85 1151.1666666666665 154.16666666666666 1.0 85.0 1.0
Point 86 1152.5 157.5 1.0 86.0 1.0
Point 87 1152.5 180.83333333333334 1.0 87.0 1.0
Point 88 1153.8333333333335 192.83333333333334 1.0 88.0 1.0
Point 89 1153.8333333333335 177.5 1.0 89.0 1.0
Point 90 1153.8333333333335 176.16666666666666 1.0 90.0 1.0
Point 91 1153.8333333333335 176.16666666666666 1.0 91.0 1.0
Point 92 1153.8333333333335 176.16666666666666 1.0 92.0 1.0
Point 93 1153.8333333333335 176.16666666666666 1.0 93.0 1.0
Point 94 1153.8333333333335 174.83333333333334 1.0 94.0 1.0
Point 95 1151.1666666666665 171.5 1.0 95.0 1.0
Point 96 1152.5 168.16666666666666 1.0 96.0 1.0
Point 97 1151.8333333333335 164.16666666666666 1.0 97.0 1.0
Point 98 1151.1666666666665 162.83333333333334 1.0 98.0 1.0
Point 99 1151.1666666666665 160.83333333333334 1.0 99.0 1.0
Point 100 1150.5 158.83333333333334 1.0 100.0 1.0
Point 101 1149.8333333333335 158.16666666666666 1.0 101.0 1.0
Point 102 1149.8333333333335 157.5 1.0 102.0 1.0
Point 103 1149.1666666666665 157.5 1.0 103.0 1.0
Point 104 1148.5 157.5 1.0 104.0 1.0
Point 105 1148.5 157.5 1.0 105.0 1.0
Point 106 1147.8333333333335 156.83333333333334 1.0 106.0 1.0
Point 107 1147.8333333333335 154.16666666666666 1.0 107.0 1.0
Point 108 1147.1666666666665 152.83333333333334 1.0 108.0 1.0
Point 109 1146.5 152.16666666666666 1.0 109.0 1.0
Point 110 1145.8333333333335 150.16666666666666 1.0 110.0 1.0
Point 111 1146.5 150.16666666666666 1.0 111.0 1.0
Point 112 1146.5 150.16666666666666 1.0 112.0 1.0
Track 2 FFFF00 true
Point 1 1145.1666666666665 150.83333333333334 1.0 113.0 1.0
Point 2 1135.1666666666665 150.83333333333334 1.0 114.0 1.0
Point 3 1138.5 148.83333333333334 1.0 115.0 1.0
Point 4 1138.5 148.83333333333334 1.0 116.0 1.0
Point 5 1139.1666666666665 148.83333333333334 1.0 117.0 1.0
Point 6 1139.8333333333335 149.5 1.0 118.0 1.0
Point 7 1139.8333333333335 150.16666666666666 1.0 119.0 1.0
Point 8 1140.5 150.16666666666666 1.0 120.0 1.0
Point 9 1140.5 150.16666666666666 1.0 121.0 1.0
Point 10 1140.5 150.16666666666666 1.0 122.0 1.0
Point 11 1140.5 150.16666666666666 1.0 123.0 1.0
Point 12 1140.5 150.16666666666666 1.0 124.0 1.0
Point 13 1139.8333333333335 144.83333333333334 1.0 125.0 1.0
Point 14 1139.8333333333335 143.5 1.0 126.0 1.0
Point 15 1139.8333333333335 142.16666666666666 1.0 127.0 1.0
Point 16 1139.8333333333335 141.5 1.0 128.0 1.0
Point 17 1140.5 141.5 1.0 129.0 1.0
Point 18 1140.5 140.16666666666666 1.0 130.0 1.0
Point 19 1139.8333333333335 138.83333333333334 1.0 131.0 1.0
Point 20 1139.8333333333335 138.83333333333334 1.0 132.0 1.0
Point 21 1140.5 138.83333333333334 1.0 133.0 1.0
Point 22 1140.5 138.16666666666666 1.0 134.0 1.0
Point 23 1140.5 138.16666666666666 1.0 135.0 1.0
Point 24 1140.5 138.16666666666666 1.0 136.0 1.0
Point 25 1140.5 138.16666666666666 1.0 137.0 1.0
Point 26 1140.5 138.16666666666666 1.0 138.0 1.0
Point 27 1142.5 137.5 1.0 139.0 1.0
Point 29 1142.5 137.5 1.0 140.0 1.0
End of MTrackJ Data File
