MTrackJ 1.5.1 Data File
Displaying true true true 2 0 0 0 100 10 0 0 0 0 1 12 0 true true true false
Assembly 1 FF0000
Cluster 1 FF0000
Track 1 FF0000 true
Point 1 1163.0 170.0 1.0 1.0 2.0
Point 2 1161.0 171.5 1.0 2.0 2.0
Point 3 1157.0 177.5 1.0 3.0 2.0
Point 4 1159.0 174.5 1.0 4.0 2.0
Point 5 1160.0 174.5 1.0 5.0 2.0
Point 6 1159.5 172.5 1.0 6.0 2.0
Point 7 1162.5 166.5 1.0 7.0 2.0
Point 8 1164.5 164.0 1.0 8.0 2.0
Point 9 1165.5 159.0 1.0 9.0 2.0
Point 10 1166.5 156.0 1.0 10.0 2.0
Point 11 1161.5 153.0 1.0 11.0 2.0
Point 12 1157.5 156.5 1.0 12.0 2.0
Point 13 1156.5 156.5 1.0 13.0 2.0
Point 14 1157.0 157.0 1.0 14.0 2.0
Point 15 1153.5 164.0 1.0 15.0 2.0
Point 16 1158.0 163.0 1.0 16.0 2.0
Point 17 1153.0 156.0 1.0 17.0 2.0
Point 18 1155.5 153.5 1.0 18.0 2.0
Point 19 1162.5 167.0 1.0 19.0 2.0
Point 20 1152.5 156.0 1.0 20.0 2.0
Point 21 1158.5 160.0 1.0 21.0 2.0
Point 22 1166.5 168.0 1.0 22.0 2.0
Point 23 1166.5 177.5 1.0 23.0 2.0
Point 24 1171.5 188.5 1.0 24.0 2.0
Point 25 1168.0 176.5 1.0 25.0 2.0
Point 26 1173.5 181.0 1.0 26.0 2.0
Point 27 1178.5 190.0 1.0 27.0 2.0
Point 28 1175.5 191.5 1.0 28.0 2.0
Point 29 1171.0 188.5 1.0 29.0 2.0
Point 30 1175.5 189.0 1.0 30.0 2.0
Point 31 1177.5 197.5 1.0 31.0 2.0
Point 32 1172.5 184.0 1.0 32.0 2.0
Point 33 1165.0 179.0 1.0 33.0 2.0
Point 34 1169.0 177.0 1.0 34.0 2.0
Point 35 1160.0 172.5 1.0 35.0 2.0
Point 36 1164.0 173.5 1.0 36.0 2.0
Point 37 1161.5 182.0 1.0 37.0 2.0
Point 38 1159.0 179.0 1.0 38.0 2.0
Point 39 1160.5 174.0 1.0 39.0 2.0
Point 40 1165.5 178.0 1.0 40.0 2.0
Point 41 1174.5 182.5 1.0 41.0 2.0
Point 42 1172.5 181.5 1.0 42.0 2.0
Point 43 1166.5 179.0 1.0 43.0 2.0
Point 44 1166.5 181.5 1.0 44.0 2.0
Point 45 1162.5 171.0 1.0 45.0 2.0
Point 46 1162.0 166.5 1.0 46.0 2.0
Point 47 1162.0 163.5 1.0 47.0 2.0
Point 48 1161.5 157.5 1.0 48.0 2.0
Point 49 1160.0 151.5 1.0 49.0 2.0
Point 50 1162.5 167.0 1.0 50.0 2.0
Point 51 1167.5 176.5 1.0 51.0 2.0
Point 52 1158.0 167.0 1.0 52.0 2.0
Point 53 1161.0 164.0 1.0 53.0 2.0
Point 54 1162.0 167.5 1.0 54.0 2.0
Point 55 1167.0 170.5 1.0 55.0 2.0
Point 56 1165.5 176.0 1.0 56.0 2.0
Point 57 1164.0 173.5 1.0 57.0 2.0
Point 58 1153.5 174.5 1.0 58.0 2.0
Point 59 1167.0 177.0 1.0 59.0 2.0
Point 60 1167.0 175.5 1.0 60.0 2.0
Point 61 1167.0 177.0 1.0 61.0 2.0
Point 62 1178.5 184.5 1.0 62.0 2.0
Point 63 1182.0 185.0 1.0 63.0 2.0
Point 64 1175.5 180.5 1.0 64.0 2.0
Point 65 1178.5 183.0 1.0 65.0 2.0
Point 66 1170.0 181.5 1.0 66.0 2.0
Point 67 1169.5 180.0 1.0 67.0 2.0
Point 68 1158.5 207.5 1.0 68.0 2.0
Point 69 1157.5 222.5 1.0 69.0 2.0
Point 70 1156.5 236.0 1.0 70.0 2.0
Point 71 1160.5 235.5 1.0 71.0 2.0
Point 72 1159.0 226.5 1.0 72.0 2.0
Point 73 1158.5 218.5 1.0 73.0 2.0
Point 74 1159.0 212.5 1.0 74.0 2.0
Point 75 1153.5 216.5 1.0 75.0 2.0
Point 76 1155.0 214.0 1.0 76.0 2.0
Point 77 1159.5 226.0 1.0 77.0 2.0
Point 78 1159.0 220.5 1.0 78.0 2.0
Point 79 1158.0 223.5 1.0 79.0 2.0
Point 80 1157.0 221.5 1.0 80.0 2.0
Point 81 1158.5 228.5 1.0 81.0 2.0
Point 82 1157.0 228.0 1.0 82.0 2.0
Point 83 1157.5 228.0 1.0 83.0 2.0
Point 84 1159.5 236.5 1.0 84.0 2.0
Point 85 1159.0 233.5 1.0 85.0 2.0
Point 86 1157.5 231.5 1.0 86.0 2.0
Point 87 1159.5 251.0 1.0 87.0 2.0
Point 88 1158.0 235.5 1.0 88.0 2.0
Point 89 1160.5 232.5 1.0 89.0 2.0
Point 90 1159.5 239.5 1.0 90.0 2.0
Point 91 1159.5 230.0 1.0 91.0 2.0
Point 92 1160.0 228.0 1.0 92.0 2.0
Point 93 1158.0 234.0 1.0 93.0 2.0
Point 94 1164.0 225.0 1.0 94.0 2.0
Point 95 1169.0 222.5 1.0 95.0 2.0
Point 96 1163.5 226.5 1.0 96.0 2.0
Point 97 1161.5 223.0 1.0 97.0 2.0
Point 98 1159.0 219.0 1.0 98.0 2.0
Point 99 1156.0 211.0 1.0 99.0 2.0
Point 100 1152.5 206.5 1.0 100.0 2.0
Point 101 1153.0 205.5 1.0 101.0 2.0
Point 102 1152.0 204.0 1.0 102.0 2.0
Point 103 1154.5 202.0 1.0 103.0 2.0
Point 104 1152.0 198.0 1.0 104.0 2.0
Point 105 1152.0 196.0 1.0 105.0 2.0
Point 106 1145.0 188.5 1.0 106.0 2.0
Point 107 1151.0 194.5 1.0 107.0 2.0
Point 108 1152.5 199.5 1.0 108.0 2.0
Point 109 1152.0 196.5 1.0 109.0 2.0
Point 110 1152.5 196.5 1.0 110.0 2.0
Point 111 1154.0 197.0 1.0 111.0 2.0
Point 112 1157.0 209.0 1.0 112.0 2.0
Point 113 1149.0 202.5 1.0 113.0 2.0
Point 114 1146.0 197.0 1.0 114.0 2.0
Point 115 1146.0 198.5 1.0 115.0 2.0
Point 116 1149.5 210.0 1.0 116.0 2.0
Point 117 1145.5 211.5 1.0 117.0 2.0
Point 118 1147.0 202.5 1.0 118.0 2.0
Point 119 1145.5 193.0 1.0 119.0 2.0
Point 120 1142.0 188.0 1.0 120.0 2.0
Point 121 1144.5 176.5 1.0 121.0 2.0
Point 122 1142.5 179.5 1.0 122.0 2.0
Point 123 1147.5 162.5 1.0 123.0 2.0
Point 124 1152.5 157.0 1.0 124.0 2.0
Point 125 1147.0 165.5 1.0 125.0 2.0
Point 126 1150.5 160.0 1.0 126.0 2.0
Point 127 1144.0 164.0 1.0 127.0 2.0
Point 128 1149.0 160.5 1.0 128.0 2.0
Point 129 1150.0 157.0 1.0 129.0 2.0
Point 130 1149.0 162.0 1.0 130.0 2.0
Point 131 1146.5 165.5 1.0 131.0 2.0
Point 132 1143.0 159.5 1.0 132.0 2.0
Point 133 1147.0 164.5 1.0 133.0 2.0
Point 134 1146.0 162.5 1.0 134.0 2.0
Point 135 1145.0 168.0 1.0 135.0 2.0
Point 136 1142.5 175.0 1.0 136.0 2.0
Point 137 1144.0 181.0 1.0 137.0 2.0
Point 138 1144.0 175.5 1.0 138.0 2.0
Point 139 1144.0 177.5 1.0 139.0 2.0
Point 140 1144.5 172.5 1.0 140.0 2.0
End of MTrackJ Data File
