MTrackJ 1.5.1 Data File
Displaying true true true 2 0 0 0 100 10 0 0 0 0 1 12 0 true true true false
Assembly 1 FF0000
Cluster 1 FF0000
Track 1 FF0000 true
Point 1 948.0 241.33333333333334 1.0 1.0 1.0
Point 2 948.0 241.33333333333334 1.0 2.0 1.0
Point 3 948.0 242.66666666666666 1.0 3.0 1.0
Point 4 946.6666666666666 236.0 1.0 4.0 1.0
Point 5 945.3333333333334 236.0 1.0 5.0 1.0
Point 6 942.6666666666666 234.66666666666666 1.0 6.0 1.0
Point 7 941.3333333333334 232.0 1.0 7.0 1.0
Point 8 941.3333333333334 230.66666666666666 1.0 8.0 1.0
Point 9 941.3333333333334 229.33333333333334 1.0 9.0 1.0
Track 2 FFFF00 true
Point 1 940.0 224.0 1.0 10.0 1.0
Point 2 938.6666666666666 224.0 1.0 11.0 1.0
Point 3 938.6666666666666 225.33333333333334 1.0 12.0 1.0
Point 4 938.6666666666666 225.33333333333334 1.0 13.0 1.0
Point 5 934.6666666666666 220.0 1.0 14.0 1.0
Point 6 934.6666666666666 220.0 1.0 15.0 1.0
Point 7 934.6666666666666 220.0 1.0 16.0 1.0
Point 8 936.0 220.0 1.0 17.0 1.0
Point 9 936.0 221.33333333333334 1.0 18.0 1.0
Point 10 937.3333333333334 220.0 1.0 19.0 1.0
Point 11 938.6666666666666 218.66666666666666 1.0 20.0 1.0
Point 12 940.0 218.66666666666666 1.0 21.0 1.0
Point 13 946.6666666666666 218.66666666666666 1.0 22.0 1.0
Track 3 00FF00 true
Point 1 948.0 218.66666666666666 1.0 23.0 1.0
Track 4 00FFFF true
Point 1 949.3333333333334 220.0 1.0 24.0 1.0
Track 5 0000FF true
Point 1 953.3333333333334 232.0 1.0 25.0 1.0
Point 2 953.3333333333334 232.0 1.0 26.0 1.0
Point 3 952.0 234.66666666666666 1.0 27.0 1.0
Point 4 952.0 237.33333333333334 1.0 28.0 1.0
Point 5 953.3333333333334 232.0 1.0 29.0 1.0
Point 6 954.6666666666666 233.33333333333334 1.0 30.0 1.0
Point 7 954.6666666666666 233.33333333333334 1.0 31.0 1.0
Point 8 954.6666666666666 234.66666666666666 1.0 32.0 1.0
Track 6 FF00FF true
Point 1 958.6666666666666 233.33333333333334 1.0 33.0 1.0
Point 2 961.3333333333334 233.33333333333334 1.0 34.0 1.0
Point 3 958.6666666666666 230.66666666666666 1.0 35.0 1.0
Track 7 FF9900 true
Point 1 960.0 233.33333333333334 1.0 36.0 1.0
Point 2 961.3333333333334 232.0 1.0 37.0 1.0
Point 3 962.6666666666666 232.0 1.0 38.0 1.0
Track 8 8B05BE true
Point 1 966.6666666666666 230.66666666666666 1.0 39.0 1.0
Track 9 008B42 true
Point 1 965.3333333333334 226.66666666666666 1.0 40.0 1.0
Track 10 FFD18B true
Point 1 966.6666666666666 228.0 1.0 41.0 1.0
Point 2 966.6666666666666 229.33333333333334 1.0 42.0 1.0
Point 3 968.0 228.0 1.0 43.0 1.0
Point 4 970.6666666666666 228.0 1.0 44.0 1.0
Track 11 00388B true
Point 1 972.0 228.0 1.0 45.0 1.0
Point 2 973.3333333333334 228.0 1.0 46.0 1.0
Point 3 974.6666666666666 230.66666666666666 1.0 47.0 1.0
Track 12 D6FF8B true
Point 1 976.0 233.33333333333334 1.0 48.0 1.0
Point 2 976.0 233.33333333333334 1.0 49.0 1.0
Point 3 976.0 233.33333333333334 1.0 50.0 1.0
Track 13 BE0521 true
Point 1 974.6666666666666 232.0 1.0 51.0 1.0
Track 14 FF8B9C true
Point 1 974.6666666666666 232.0 1.0 52.0 1.0
Track 15 8B6E00 true
Point 1 974.6666666666666 232.0 1.0 53.0 1.0
Point 2 976.0 230.66666666666666 1.0 54.0 1.0
Point 3 978.6666666666666 232.0 1.0 55.0 1.0
Track 16 AC55F7 true
Point 1 985.3333333333334 230.66666666666666 1.0 56.0 1.0
Point 2 986.6666666666666 229.33333333333334 1.0 57.0 1.0
Point 3 986.6666666666666 230.66666666666666 1.0 58.0 1.0
Point 4 988.0 230.66666666666666 1.0 59.0 1.0
Point 5 988.0 230.66666666666666 1.0 60.0 1.0
Point 6 988.0 232.0 1.0 61.0 1.0
Point 7 988.0 232.0 1.0 62.0 1.0
Track 17 ABFF8B true
Point 1 990.6666666666666 230.66666666666666 1.0 63.0 1.0
Point 2 990.6666666666666 230.66666666666666 1.0 64.0 1.0
Point 3 990.6666666666666 230.66666666666666 1.0 65.0 1.0
Track 18 008B76 true
Point 1 992.0 230.66666666666666 1.0 66.0 1.0
Point 2 992.0 230.66666666666666 1.0 67.0 1.0
Point 3 990.6666666666666 229.33333333333334 1.0 68.0 1.0
Track 19 A0BE05 true
Point 1 992.0 228.0 1.0 69.0 1.0
Point 2 992.0 228.0 1.0 70.0 1.0
Point 3 992.0 228.0 1.0 71.0 1.0
Track 20 FF6900 true
Point 1 993.3333333333334 229.33333333333334 1.0 72.0 1.0
Point 2 993.3333333333334 229.33333333333334 1.0 73.0 1.0
Point 3 993.3333333333334 229.33333333333334 1.0 74.0 1.0
Track 21 BE0589 true
Point 1 993.3333333333334 229.33333333333334 1.0 75.0 1.0
Point 2 993.3333333333334 230.66666666666666 1.0 76.0 1.0
Point 3 993.3333333333334 232.0 1.0 77.0 1.0
Point 4 994.6666666666666 232.0 1.0 78.0 1.0
Point 5 1008.0 225.33333333333334 1.0 79.0 1.0
Point 6 1006.6666666666666 228.0 1.0 80.0 1.0
Track 22 5577F7 true
Point 1 1004.0 233.33333333333334 1.0 81.0 1.0
Track 23 00FF79 true
Point 1 1004.0 230.66666666666666 1.0 82.0 1.0
Point 2 1002.6666666666666 229.33333333333334 1.0 83.0 1.0
Point 3 1001.3333333333334 226.66666666666666 1.0 84.0 1.0
Point 4 998.6666666666666 232.0 1.0 85.0 1.0
Point 5 1000.0 228.0 1.0 86.0 1.0
Point 6 1000.0 228.0 1.0 87.0 1.0
Point 7 1000.0 229.33333333333334 1.0 88.0 1.0
Point 8 1001.3333333333334 229.33333333333334 1.0 89.0 1.0
Point 9 1001.3333333333334 229.33333333333334 1.0 90.0 1.0
Point 10 1002.6666666666666 228.0 1.0 91.0 1.0
Point 11 1004.0 229.33333333333334 1.0 92.0 1.0
Track 24 F79855 true
Point 1 1008.0 226.66666666666666 1.0 93.0 1.0
Point 2 1008.0 225.33333333333334 1.0 94.0 1.0
Point 3 1008.0 225.33333333333334 1.0 95.0 1.0
Track 25 8B0063 true
Point 1 1008.0 224.0 1.0 96.0 1.0
Point 2 1006.6666666666666 224.0 1.0 97.0 1.0
Point 3 1006.6666666666666 224.0 1.0 98.0 1.0
Track 26 8BB9FF true
Point 1 1005.3333333333334 224.0 1.0 99.0 1.0
Track 27 8B3900 true
Point 1 1006.6666666666666 226.66666666666666 1.0 100.0 1.0
Point 2 1009.3333333333334 228.0 1.0 101.0 1.0
Point 3 1009.3333333333334 230.66666666666666 1.0 102.0 1.0
Point 4 1009.3333333333334 232.0 1.0 103.0 1.0
Point 5 1009.3333333333334 230.66666666666666 1.0 104.0 1.0
Point 6 1009.3333333333334 229.33333333333334 1.0 105.0 1.0
Point 7 1009.3333333333334 225.33333333333334 1.0 106.0 1.0
Point 8 1009.3333333333334 225.33333333333334 1.0 107.0 1.0
Point 9 1008.0 224.0 1.0 108.0 1.0
Point 10 1008.0 224.0 1.0 109.0 1.0
Point 11 1009.3333333333334 224.0 1.0 110.0 1.0
Point 12 1009.3333333333334 224.0 1.0 111.0 1.0
Point 13 1009.3333333333334 224.0 1.0 112.0 1.0
Track 28 A6FF00 true
Point 1 1010.6666666666666 225.33333333333334 1.0 113.0 1.0
Point 2 1010.6666666666666 225.33333333333334 1.0 114.0 1.0
Point 3 1010.6666666666666 225.33333333333334 1.0 115.0 1.0
Track 29 6905BE true
Point 1 1010.6666666666666 228.0 1.0 116.0 1.0
Point 2 1010.6666666666666 229.33333333333334 1.0 117.0 1.0
Point 3 1012.0 228.0 1.0 118.0 1.0
Track 30 F58BFF true
Point 1 1013.3333333333334 228.0 1.0 119.0 1.0
Point 2 1013.3333333333334 228.0 1.0 120.0 1.0
Point 3 1013.3333333333334 229.33333333333334 1.0 121.0 1.0
Track 31 8BFFEE true
Point 1 1012.0 229.33333333333334 1.0 122.0 1.0
Track 32 268B00 true
Point 1 1013.3333333333334 229.33333333333334 1.0 123.0 1.0
Point 2 1013.3333333333334 229.33333333333334 1.0 124.0 1.0
Point 3 1013.3333333333334 229.33333333333334 1.0 125.0 1.0
Point 4 1013.3333333333334 229.33333333333334 1.0 126.0 1.0
Point 5 1013.3333333333334 229.33333333333334 1.0 127.0 1.0
Point 6 1013.3333333333334 229.33333333333334 1.0 128.0 1.0
Track 33 FFFC8B true
Point 1 1013.3333333333334 228.0 1.0 129.0 1.0
Point 2 1013.3333333333334 228.0 1.0 130.0 1.0
Point 3 1012.0 230.66666666666666 1.0 131.0 1.0
Track 34 BE5205 true
Point 1 1010.6666666666666 232.0 1.0 132.0 1.0
Track 35 054FBE true
Point 1 1006.6666666666666 233.33333333333334 1.0 133.0 1.0
Track 36 7F008B true
Point 1 1005.3333333333334 233.33333333333334 1.0 134.0 1.0
Point 2 1006.6666666666666 236.0 1.0 135.0 1.0
Point 3 1006.6666666666666 236.0 1.0 136.0 1.0
Track 37 F7556D true
Point 1 1008.0 238.66666666666666 1.0 137.0 1.0
Point 2 1006.6666666666666 232.0 1.0 138.0 1.0
Point 3 1006.6666666666666 230.66666666666666 1.0 139.0 1.0
Track 38 31008B true
Point 1 1008.0 230.66666666666666 1.0 140.0 1.0
Point 2 1008.0 232.0 1.0 141.0 1.0
Point 3 1008.0 233.33333333333334 1.0 142.0 1.0
Point 4 1000.0 225.33333333333334 1.0 143.0 1.0
Point 5 1001.3333333333334 226.66666666666666 1.0 144.0 1.0
Point 6 1004.0 228.0 1.0 145.0 1.0
Point 7 1004.0 229.33333333333334 1.0 146.0 1.0
Track 39 81F755 true
Point 1 1006.6666666666666 228.0 1.0 147.0 1.0
Point 2 1006.6666666666666 226.66666666666666 1.0 148.0 1.0
Point 3 1006.6666666666666 226.66666666666666 1.0 149.0 1.0
Track 40 F7F355 true
Point 1 1005.3333333333334 226.66666666666666 1.0 150.0 1.0
Point 2 1004.0 228.0 1.0 151.0 1.0
Point 3 1004.0 229.33333333333334 1.0 152.0 1.0
Track 41 8B0015 true
Point 1 1005.3333333333334 230.66666666666666 1.0 153.0 1.0
Track 42 F755C8 true
Point 1 1005.3333333333334 230.66666666666666 1.0 154.0 1.0
Point 2 1005.3333333333334 229.33333333333334 1.0 155.0 1.0
Point 3 1005.3333333333334 229.33333333333334 1.0 156.0 1.0
Track 43 8B8EFF true
Point 1 1005.3333333333334 229.33333333333334 1.0 157.0 1.0
Point 2 1005.3333333333334 228.0 1.0 158.0 1.0
Point 3 1004.0 225.33333333333334 1.0 159.0 1.0
Point 4 1004.0 226.66666666666666 1.0 160.0 1.0
Point 5 1004.0 226.66666666666666 1.0 161.0 1.0
Point 6 1002.6666666666666 228.0 1.0 162.0 1.0
Track 44 748B00 true
Point 1 1002.6666666666666 229.33333333333334 1.0 163.0 1.0
Point 2 1002.6666666666666 230.66666666666666 1.0 164.0 1.0
Point 3 1004.0 230.66666666666666 1.0 165.0 1.0
Track 45 BE7405 true
Point 1 1006.6666666666666 229.33333333333334 1.0 166.0 1.0
Point 2 1006.6666666666666 230.66666666666666 1.0 167.0 1.0
Point 3 1006.6666666666666 230.66666666666666 1.0 168.0 1.0
Track 46 CA55F7 true
Point 1 1006.6666666666666 230.66666666666666 1.0 169.0 1.0
Point 2 1005.3333333333334 229.33333333333334 1.0 170.0 1.0
Point 3 1004.0 230.66666666666666 1.0 171.0 1.0
Track 47 0096FF true
Point 1 1000.0 229.33333333333334 1.0 172.0 1.0
Point 2 1000.0 229.33333333333334 1.0 173.0 1.0
Point 3 1000.0 229.33333333333334 1.0 174.0 1.0
Point 4 1000.0 241.33333333333334 1.0 175.0 1.0
Point 5 1004.0 249.33333333333334 1.0 176.0 1.0
Point 6 1006.6666666666666 256.0 1.0 177.0 1.0
Track 48 38BE05 true
Point 1 1008.0 264.0 1.0 178.0 1.0
Point 2 1008.0 266.6666666666667 1.0 179.0 1.0
Point 3 1008.0 269.3333333333333 1.0 180.0 1.0
Track 49 FFBB8B true
Point 1 1008.0 273.3333333333333 1.0 181.0 1.0
Point 2 1008.0 273.3333333333333 1.0 182.0 1.0
Point 3 1008.0 278.6666666666667 1.0 183.0 1.0
Point 4 1009.3333333333334 276.0 1.0 184.0 1.0
Point 5 1009.3333333333334 274.6666666666667 1.0 185.0 1.0
Point 6 1009.3333333333334 274.6666666666667 1.0 186.0 1.0
Point 7 1010.6666666666666 277.3333333333333 1.0 187.0 1.0
Point 8 1012.0 277.3333333333333 1.0 188.0 1.0
Point 9 1012.0 276.0 1.0 189.0 1.0
Point 10 1012.0 277.3333333333333 1.0 190.0 1.0
Point 11 1012.0 277.3333333333333 1.0 191.0 1.0
Point 12 1013.3333333333334 277.3333333333333 1.0 192.0 1.0
Track 50 052CBE true
Point 1 1017.3333333333334 277.3333333333333 1.0 193.0 1.0
Point 2 1020.0 276.0 1.0 194.0 1.0
Point 3 1026.6666666666667 276.0 1.0 195.0 1.0
Track 51 B900FF true
Point 1 1029.3333333333333 281.3333333333333 1.0 196.0 1.0
Point 2 1033.3333333333333 288.0 1.0 197.0 1.0
Point 3 1034.6666666666667 289.3333333333333 1.0 198.0 1.0
Track 52 0595BE true
Point 1 1044.0 293.3333333333333 1.0 199.0 1.0
Point 2 1045.3333333333333 294.6666666666667 1.0 200.0 1.0
Point 3 1048.0 296.0 1.0 201.0 1.0
Point 4 1049.3333333333333 302.6666666666667 1.0 202.0 1.0
Track 53 BEF755 true
Point 1 1053.3333333333333 305.3333333333333 1.0 203.0 1.0
Point 2 1053.3333333333333 305.3333333333333 1.0 204.0 1.0
Point 3 1058.6666666666667 305.3333333333333 1.0 205.0 1.0
Track 54 8BE5FF true
Point 1 1061.3333333333333 300.0 1.0 206.0 1.0
Point 2 1061.3333333333333 300.0 1.0 207.0 1.0
Point 3 1062.6666666666667 300.0 1.0 208.0 1.0
Track 55 006C8B true
Point 1 1060.0 302.6666666666667 1.0 209.0 1.0
Point 2 1060.0 302.6666666666667 1.0 210.0 1.0
Point 3 1060.0 302.6666666666667 1.0 211.0 1.0
Track 56 F7B655 true
Point 1 1058.6666666666667 302.6666666666667 1.0 212.0 1.0
Point 2 1058.6666666666667 301.3333333333333 1.0 213.0 1.0
Point 3 1060.0 301.3333333333333 1.0 214.0 1.0
Track 57 FF00B6 true
Point 1 1060.0 301.3333333333333 1.0 215.0 1.0
Point 2 1061.3333333333333 301.3333333333333 1.0 216.0 1.0
Point 3 1061.3333333333333 301.3333333333333 1.0 217.0 1.0
Point 4 1061.3333333333333 301.3333333333333 1.0 218.0 1.0
End of MTrackJ Data File
