MTrackJ 1.5.1 Data File
Displaying true true true 2 0 0 0 100 10 0 0 0 0 1 12 0 true true true false
Assembly 1 FF0000
Cluster 1 FF0000
Track 1 FF0000 true
Point 1 959.0 262.0 1.0 1.0 3.0
Point 2 963.0 261.0 1.0 2.0 3.0
Point 3 955.0 257.0 1.0 3.0 3.0
Point 4 955.0 257.0 1.0 4.0 3.0
Point 5 954.0 252.0 1.0 5.0 3.0
Point 6 953.0 254.0 1.0 6.0 3.0
Point 7 950.0 250.0 1.0 7.0 3.0
Point 8 956.0 248.0 1.0 8.0 3.0
Point 9 952.0 240.0 1.0 9.0 3.0
Point 10 948.0 245.0 1.0 10.0 3.0
Point 11 951.0 246.0 1.0 11.0 3.0
Point 12 951.0 247.0 1.0 12.0 3.0
Point 13 950.0 245.0 1.0 13.0 3.0
Point 14 949.0 243.0 1.0 14.0 3.0
Point 15 952.0 240.0 1.0 15.0 3.0
Point 16 955.0 234.0 1.0 16.0 3.0
Point 17 955.0 231.0 1.0 17.0 3.0
Point 18 956.0 237.0 1.0 18.0 3.0
Point 19 959.0 218.0 1.0 19.0 3.0
Point 20 958.0 240.0 1.0 20.0 3.0
Point 21 957.0 226.0 1.0 21.0 3.0
Point 22 962.0 225.0 1.0 22.0 3.0
Point 23 963.0 235.0 1.0 23.0 3.0
Point 24 966.0 254.0 1.0 24.0 3.0
Point 25 968.0 258.0 1.0 25.0 3.0
Point 26 965.0 245.0 1.0 26.0 3.0
Point 27 969.0 241.0 1.0 27.0 3.0
Point 28 968.0 254.0 1.0 28.0 3.0
Point 29 968.0 247.0 1.0 29.0 3.0
Point 30 970.0 237.0 1.0 30.0 3.0
Point 31 973.0 233.0 1.0 31.0 3.0
Point 32 979.0 235.0 1.0 32.0 3.0
Point 33 979.0 234.0 1.0 33.0 3.0
Point 34 975.0 240.0 1.0 34.0 3.0
Point 35 979.0 241.0 1.0 35.0 3.0
Point 36 982.0 241.0 1.0 36.0 3.0
Point 37 981.0 241.0 1.0 37.0 3.0
Point 38 982.0 234.0 1.0 38.0 3.0
Point 39 983.0 234.0 1.0 39.0 3.0
Point 40 981.0 231.0 1.0 40.0 3.0
Point 41 986.0 224.0 1.0 41.0 3.0
Point 42 986.0 219.0 1.0 42.0 3.0
Point 43 980.0 230.0 1.0 43.0 3.0
Point 44 980.0 235.0 1.0 44.0 3.0
Point 45 980.0 239.0 1.0 45.0 3.0
Point 46 987.0 248.0 1.0 46.0 3.0
Point 47 986.0 251.0 1.0 47.0 3.0
Point 48 987.0 246.0 1.0 48.0 3.0
Point 49 984.0 248.0 1.0 49.0 3.0
Point 50 983.0 257.0 1.0 50.0 3.0
Point 51 988.0 253.0 1.0 51.0 3.0
Point 52 994.0 241.0 1.0 52.0 3.0
Point 53 990.0 237.0 1.0 53.0 3.0
Point 54 1001.0 216.0 1.0 54.0 3.0
Point 55 1018.0 199.0 1.0 55.0 3.0
Point 56 1026.0 200.0 1.0 56.0 3.0
Point 57 1018.0 205.0 1.0 57.0 3.0
Point 58 1012.0 211.0 1.0 58.0 3.0
Point 59 1021.0 206.0 1.0 59.0 3.0
Point 60 1008.0 210.0 1.0 60.0 3.0
Point 61 1009.0 215.0 1.0 61.0 3.0
Point 62 1014.0 210.0 1.0 62.0 3.0
Point 63 1013.0 208.0 1.0 63.0 3.0
Point 64 1005.0 207.0 1.0 64.0 3.0
Point 65 1009.0 210.0 1.0 65.0 3.0
Point 66 1005.0 210.0 1.0 66.0 3.0
Point 67 1007.0 212.0 1.0 67.0 3.0
Point 68 1006.0 213.0 1.0 68.0 3.0
Point 69 1013.0 213.0 1.0 69.0 3.0
Point 70 1013.0 214.0 1.0 70.0 3.0
Point 71 1009.0 233.0 1.0 71.0 3.0
Point 72 1000.0 236.0 1.0 72.0 3.0
Point 73 1001.0 257.0 1.0 73.0 3.0
Point 74 1005.0 265.0 1.0 74.0 3.0
Point 75 1005.0 265.0 1.0 75.0 3.0
Point 76 999.0 257.0 1.0 76.0 3.0
Point 77 992.0 230.0 1.0 77.0 3.0
Point 78 994.0 228.0 1.0 78.0 3.0
Point 79 1002.0 262.0 1.0 79.0 3.0
Point 80 999.0 245.0 1.0 80.0 3.0
Point 81 997.0 252.0 1.0 81.0 3.0
Point 82 993.0 237.0 1.0 82.0 3.0
Point 83 998.0 249.0 1.0 83.0 3.0
Point 84 995.0 241.0 1.0 84.0 3.0
Point 85 1004.0 252.0 1.0 85.0 3.0
Point 86 1004.0 252.0 1.0 86.0 3.0
Point 87 1011.0 256.0 1.0 87.0 3.0
Point 88 999.0 254.0 1.0 88.0 3.0
Point 89 990.0 245.0 1.0 89.0 3.0
Point 90 1007.0 249.0 1.0 90.0 3.0
Point 91 1010.0 246.0 1.0 91.0 3.0
Point 92 1014.0 249.0 1.0 92.0 3.0
Point 93 1018.0 254.0 1.0 93.0 3.0
Point 94 1017.0 256.0 1.0 94.0 3.0
Point 95 1012.0 255.0 1.0 95.0 3.0
Point 96 1010.0 260.0 1.0 96.0 3.0
Point 97 1012.0 256.0 1.0 97.0 3.0
Point 98 1017.0 253.0 1.0 98.0 3.0
Point 99 1017.0 253.0 1.0 99.0 3.0
Point 100 1018.0 254.0 1.0 100.0 3.0
Point 101 1017.0 255.0 1.0 101.0 3.0
Point 102 1019.0 252.0 1.0 102.0 3.0
Point 103 1014.0 253.0 1.0 103.0 3.0
Point 104 1014.0 256.0 1.0 104.0 3.0
Point 105 1015.0 264.0 1.0 105.0 3.0
Point 106 1018.0 264.0 1.0 106.0 3.0
Point 107 1015.0 261.0 1.0 107.0 3.0
Point 108 1019.0 258.0 1.0 108.0 3.0
Point 109 1017.0 260.0 1.0 109.0 3.0
Point 110 1021.0 259.0 1.0 110.0 3.0
Point 111 1021.0 261.0 1.0 111.0 3.0
Point 112 1017.0 258.0 1.0 112.0 3.0
Point 113 1018.0 270.0 1.0 113.0 3.0
Point 114 1022.0 272.0 1.0 114.0 3.0
Point 115 1026.0 276.0 1.0 115.0 3.0
Point 116 1023.0 276.0 1.0 116.0 3.0
Point 117 1028.0 282.0 1.0 117.0 3.0
Point 118 1030.0 284.0 1.0 118.0 3.0
Point 119 1032.0 279.0 1.0 119.0 3.0
Point 120 1030.0 281.0 1.0 120.0 3.0
Point 121 1023.0 275.0 1.0 121.0 3.0
Point 122 1023.0 276.0 1.0 122.0 3.0
Point 123 1029.0 278.0 1.0 123.0 3.0
Point 124 1032.0 284.0 1.0 124.0 3.0
Point 125 1033.0 288.0 1.0 125.0 3.0
Point 126 1035.0 287.0 1.0 126.0 3.0
Point 127 1031.0 286.0 1.0 127.0 3.0
Point 128 1029.0 279.0 1.0 128.0 3.0
Point 129 1034.0 279.0 1.0 129.0 3.0
Point 130 1030.0 282.0 1.0 130.0 3.0
Point 131 1033.0 292.0 1.0 131.0 3.0
Point 132 1039.0 300.0 1.0 132.0 3.0
Point 133 1044.0 308.0 1.0 133.0 3.0
Point 134 1058.0 312.0 1.0 134.0 3.0
Point 135 1071.0 315.0 1.0 135.0 3.0
Point 136 1044.0 308.0 1.0 136.0 3.0
Point 137 1062.0 310.0 1.0 137.0 3.0
Point 138 1069.0 316.0 1.0 138.0 3.0
Point 139 1069.0 316.0 1.0 139.0 3.0
Point 140 1067.0 316.0 1.0 140.0 3.0
Point 141 1063.0 316.0 1.0 141.0 3.0
Point 142 1068.0 314.0 1.0 142.0 3.0
Point 143 1065.0 316.0 1.0 143.0 3.0
Point 144 1061.0 316.0 1.0 144.0 3.0
Point 145 1047.0 308.0 1.0 145.0 3.0
Point 146 1051.0 309.0 1.0 146.0 3.0
Point 147 1050.0 308.0 1.0 147.0 3.0
Point 148 1055.0 306.0 1.0 148.0 3.0
Point 149 1053.0 305.0 1.0 149.0 3.0
Point 150 1042.0 296.0 1.0 150.0 3.0
Point 151 1033.0 286.0 1.0 151.0 3.0
Point 152 1032.0 277.0 1.0 152.0 3.0
Point 153 1042.0 295.0 1.0 153.0 3.0
Point 154 1034.0 295.0 1.0 154.0 3.0
Point 155 1032.0 292.0 1.0 155.0 3.0
Point 156 1031.0 288.0 1.0 156.0 3.0
Track 2 FFFF00 true
Point 1 1028.0 301.0 1.0 157.0 3.0
Point 2 1036.0 295.0 1.0 158.0 3.0
Point 3 1033.0 290.0 1.0 159.0 3.0
Point 4 1025.0 291.0 1.0 160.0 3.0
Point 5 1025.0 292.0 1.0 161.0 3.0
Point 6 1028.0 292.0 1.0 162.0 3.0
Point 7 1027.0 294.0 1.0 163.0 3.0
Point 8 1028.0 283.0 1.0 164.0 3.0
Point 9 1030.0 285.0 1.0 165.0 3.0
Point 10 1041.0 299.0 1.0 166.0 3.0
Point 11 1031.0 296.0 1.0 167.0 3.0
Point 12 1033.0 294.0 1.0 168.0 3.0
Point 13 1036.0 290.0 1.0 169.0 3.0
Point 14 1036.0 290.0 1.0 170.0 3.0
Point 15 1030.0 287.0 1.0 171.0 3.0
Point 16 1029.0 281.0 1.0 172.0 3.0
Point 17 1032.0 282.0 1.0 173.0 3.0
Point 18 1026.0 275.0 1.0 174.0 3.0
Point 19 1029.0 285.0 1.0 175.0 3.0
Point 20 1029.0 286.0 1.0 176.0 3.0
Point 21 1027.0 284.0 1.0 177.0 3.0
Point 22 1027.0 287.0 1.0 178.0 3.0
Point 23 1033.0 287.0 1.0 179.0 3.0
Point 24 1031.0 283.0 1.0 180.0 3.0
End of MTrackJ Data File
