MTrackJ 1.5.1 Data File
Displaying false true true 1 2 0 0 95 8 0 0 0 0 1 10 0 false true true false
Assembly 1 FF0000
Cluster 1 FF0000
Track 1 FF0000 true
Point 1 589.0 1021.0 1.0 1.0 1.0
Point 2 588.0 1018.0 1.0 2.0 1.0
Point 3 592.0 1012.0 1.0 3.0 1.0
Point 4 592.0 1009.0 1.0 4.0 1.0
Point 5 585.0 1008.0 1.0 5.0 1.0
Point 6 599.0 1000.0 1.0 6.0 1.0
Point 7 609.0 988.0 1.0 7.0 1.0
Point 8 614.0 987.0 1.0 8.0 1.0
Point 9 613.0 980.0 1.0 9.0 1.0
Point 10 620.0 985.0 1.0 10.0 1.0
Point 11 625.0 985.0 1.0 11.0 1.0
Point 12 640.0 998.0 1.0 12.0 1.0
Point 13 643.0 1001.0 1.0 13.0 1.0
Point 14 652.0 1034.0 1.0 14.0 1.0
Point 15 662.0 1035.0 1.0 15.0 1.0
Point 16 663.0 1041.0 1.0 16.0 1.0
Point 17 665.0 1038.0 1.0 17.0 1.0
Point 18 665.0 1052.0 1.0 18.0 1.0
Point 19 668.0 1063.0 1.0 19.0 1.0
Point 20 664.0 1046.0 1.0 20.0 1.0
Point 21 662.0 1035.0 1.0 21.0 1.0
Point 22 660.0 1040.0 1.0 22.0 1.0
Point 23 659.0 1031.0 1.0 23.0 1.0
Point 24 662.0 1015.0 1.0 24.0 1.0
Point 25 649.0 1019.0 1.0 25.0 1.0
Point 26 641.0 1020.0 1.0 26.0 1.0
Point 27 650.0 1016.0 1.0 27.0 1.0
Point 28 650.0 1016.0 1.0 28.0 1.0
Point 29 646.0 1018.0 1.0 29.0 1.0
Point 30 655.0 1021.0 1.0 30.0 1.0
Point 31 698.0 1041.0 1.0 31.0 1.0
Point 32 713.0 1030.0 1.0 32.0 1.0
Point 33 709.0 1027.0 1.0 33.0 1.0
Point 34 711.0 1027.0 1.0 34.0 1.0
Point 35 712.0 1024.0 1.0 35.0 1.0
Point 36 704.0 1021.0 1.0 36.0 1.0
Point 37 692.0 1022.0 1.0 37.0 1.0
Point 38 695.0 1020.0 1.0 38.0 1.0
Point 39 672.0 1023.0 1.0 39.0 1.0
Point 40 668.0 1017.0 1.0 40.0 1.0
Point 41 674.0 1003.0 1.0 41.0 1.0
Point 42 676.0 1006.0 1.0 42.0 1.0
Point 43 663.0 1008.0 1.0 43.0 1.0
Point 44 684.0 1007.0 1.0 44.0 1.0
Point 45 681.0 1010.0 1.0 45.0 1.0
Point 46 661.0 1008.0 1.0 46.0 1.0
Point 47 659.0 1004.0 1.0 47.0 1.0
Point 48 660.0 1012.0 1.0 48.0 1.0
Point 49 662.0 1012.0 1.0 49.0 1.0
Point 50 660.0 1014.0 1.0 50.0 1.0
Point 51 658.0 1015.0 1.0 51.0 1.0
Point 52 655.0 1010.0 1.0 52.0 1.0
Point 53 648.0 1001.0 1.0 53.0 1.0
Point 54 648.0 999.0 1.0 54.0 1.0
Point 55 655.0 1002.0 1.0 55.0 1.0
Point 56 650.0 1002.0 1.0 56.0 1.0
Point 57 653.0 1001.0 1.0 57.0 1.0
Point 58 650.0 1017.0 1.0 58.0 1.0
Point 59 645.0 1009.0 1.0 59.0 1.0
Point 60 637.0 995.0 1.0 60.0 1.0
Point 61 638.0 1000.0 1.0 61.0 1.0
Point 62 637.0 1000.0 1.0 62.0 1.0
Point 63 631.0 997.0 1.0 63.0 1.0
Point 64 631.0 999.0 1.0 64.0 1.0
Point 65 632.0 995.0 1.0 65.0 1.0
Point 66 621.0 989.0 1.0 66.0 1.0
Point 67 613.0 983.0 1.0 67.0 1.0
Point 68 616.0 981.0 1.0 68.0 1.0
Point 69 624.0 996.0 1.0 69.0 1.0
Point 70 642.0 1002.0 1.0 70.0 1.0
Point 71 640.0 1000.0 1.0 71.0 1.0
Point 72 639.0 1003.0 1.0 72.0 1.0
Point 73 649.0 1013.0 1.0 73.0 1.0
Point 74 650.0 1002.0 1.0 74.0 1.0
Point 75 653.0 999.0 1.0 75.0 1.0
Point 76 654.0 1014.0 1.0 76.0 1.0
Point 77 658.0 1033.0 1.0 77.0 1.0
Point 78 644.0 1020.0 1.0 78.0 1.0
Point 79 649.0 1028.0 1.0 79.0 1.0
Point 80 633.0 1017.0 1.0 80.0 1.0
Point 81 627.0 1012.0 1.0 81.0 1.0
Point 82 626.0 1016.0 1.0 82.0 1.0
Point 83 632.0 1014.0 1.0 83.0 1.0
Point 84 634.0 1001.0 1.0 84.0 1.0
Point 85 621.0 1018.0 1.0 85.0 1.0
Point 86 609.0 1030.0 1.0 86.0 1.0
Point 87 613.0 1026.0 1.0 87.0 1.0
Point 88 613.0 1027.0 1.0 88.0 1.0
Point 89 623.0 1022.0 1.0 89.0 1.0
Point 90 627.0 1023.0 1.0 90.0 1.0
Point 91 622.0 1023.0 1.0 91.0 1.0
Point 92 618.0 1020.0 1.0 92.0 1.0
Point 93 629.0 1019.0 1.0 93.0 1.0
Point 94 630.0 1020.0 1.0 94.0 1.0
Point 95 631.0 1007.0 1.0 95.0 1.0
Point 96 634.0 1011.0 1.0 96.0 1.0
Point 97 638.0 1010.0 1.0 97.0 1.0
Point 98 639.0 1008.0 1.0 98.0 1.0
Point 99 642.0 1005.0 1.0 99.0 1.0
Point 100 640.0 1008.0 1.0 100.0 1.0
Point 101 634.0 1012.0 1.0 101.0 1.0
Point 102 636.0 1006.0 1.0 102.0 1.0
Point 103 644.0 1002.0 1.0 103.0 1.0
Point 104 640.0 1007.0 1.0 104.0 1.0
Point 105 634.0 1008.0 1.0 105.0 1.0
Point 106 638.0 1010.0 1.0 106.0 1.0
Point 107 640.0 1006.0 1.0 107.0 1.0
Point 108 640.0 1003.0 1.0 108.0 1.0
Point 109 635.0 1007.0 1.0 109.0 1.0
Point 110 638.0 1006.0 1.0 110.0 1.0
Point 111 640.0 1006.0 1.0 111.0 1.0
Point 112 640.0 1002.0 1.0 112.0 1.0
Point 113 638.0 1006.0 1.0 113.0 1.0
Point 114 627.0 998.0 1.0 114.0 1.0
Point 115 625.0 997.0 1.0 115.0 1.0
Point 116 622.0 1001.0 1.0 116.0 1.0
Point 117 616.0 1001.0 1.0 117.0 1.0
Point 118 611.0 998.0 1.0 118.0 1.0
Point 119 609.0 1005.0 1.0 119.0 1.0
Point 120 605.0 1000.0 1.0 120.0 1.0
Point 121 612.0 1003.0 1.0 121.0 1.0
Point 122 619.0 998.0 1.0 122.0 1.0
Point 123 620.0 995.0 1.0 123.0 1.0
Point 124 627.0 999.0 1.0 124.0 1.0
Point 125 619.0 996.0 1.0 125.0 1.0
Point 126 629.0 987.0 1.0 126.0 1.0
Point 127 646.0 975.0 1.0 127.0 1.0
Point 128 656.0 967.0 1.0 128.0 1.0
Point 129 678.0 953.0 1.0 129.0 1.0
Point 130 677.0 951.0 1.0 130.0 1.0
Point 131 713.0 937.0 1.0 131.0 1.0
Point 132 695.0 944.0 1.0 132.0 1.0
Point 133 718.0 921.0 1.0 133.0 1.0
Point 134 719.0 925.0 1.0 134.0 1.0
Point 135 716.0 926.0 1.0 135.0 1.0
Point 136 710.0 924.0 1.0 136.0 1.0
Point 137 704.0 921.0 1.0 137.0 1.0
Point 138 710.0 911.0 1.0 138.0 1.0
Point 139 709.0 912.0 1.0 139.0 1.0
Point 140 703.0 910.0 1.0 140.0 1.0
Point 141 708.0 909.0 1.0 141.0 1.0
Point 142 700.0 906.0 1.0 142.0 1.0
Point 143 695.0 911.0 1.0 143.0 1.0
Point 144 699.0 905.0 1.0 144.0 1.0
Point 145 687.0 917.0 1.0 145.0 1.0
Point 146 689.0 912.0 1.0 146.0 1.0
Point 147 691.0 909.0 1.0 147.0 1.0
Point 148 693.0 918.0 1.0 148.0 1.0
Point 149 687.0 915.0 1.0 149.0 1.0
Point 150 685.0 909.0 1.0 150.0 1.0
Point 151 692.0 904.0 1.0 151.0 1.0
Point 152 685.0 901.0 1.0 152.0 1.0
Point 153 682.0 912.0 1.0 153.0 1.0
Point 154 688.0 914.0 1.0 154.0 1.0
Point 155 702.0 920.0 1.0 155.0 1.0
Point 156 693.0 922.0 1.0 156.0 1.0
Point 157 694.0 924.0 1.0 157.0 1.0
Point 158 700.0 923.0 1.0 158.0 1.0
Point 159 700.0 923.0 1.0 159.0 1.0
Point 160 697.0 919.0 1.0 160.0 1.0
Point 161 697.0 917.0 1.0 161.0 1.0
Point 162 702.0 920.0 1.0 162.0 1.0
Point 163 698.0 922.0 1.0 163.0 1.0
Point 164 695.0 926.0 1.0 164.0 1.0
Point 165 690.0 924.0 1.0 165.0 1.0
Point 166 689.0 921.0 1.0 166.0 1.0
Point 167 681.0 924.0 1.0 167.0 1.0
Point 168 679.0 922.0 1.0 168.0 1.0
Point 169 696.0 934.0 1.0 169.0 1.0
Point 170 691.0 931.0 1.0 170.0 1.0
Point 171 689.0 930.0 1.0 171.0 1.0
Point 172 698.0 935.0 1.0 172.0 1.0
Point 173 699.0 944.0 1.0 173.0 1.0
Point 174 697.0 949.0 1.0 174.0 1.0
Point 175 708.0 950.0 1.0 175.0 1.0
Point 176 703.0 950.0 1.0 176.0 1.0
Point 177 701.0 951.0 1.0 177.0 1.0
Point 178 695.0 951.0 1.0 178.0 1.0
Point 179 702.0 945.0 1.0 179.0 1.0
Point 180 696.0 941.0 1.0 180.0 1.0
Point 181 684.0 941.0 1.0 181.0 1.0
Point 182 692.0 938.0 1.0 182.0 1.0
Point 183 685.0 934.0 1.0 183.0 1.0
Point 184 684.0 934.0 1.0 184.0 1.0
Point 185 686.0 932.0 1.0 185.0 1.0
Point 186 685.0 939.0 1.0 186.0 1.0
Point 187 681.0 934.0 1.0 187.0 1.0
Point 188 678.0 935.0 1.0 188.0 1.0
Point 189 676.0 932.0 1.0 189.0 1.0
Point 190 679.0 949.0 1.0 190.0 1.0
Point 191 671.0 947.0 1.0 191.0 1.0
Point 192 670.0 954.0 1.0 192.0 1.0
Point 193 686.0 949.0 1.0 193.0 1.0
Point 194 689.0 953.0 1.0 194.0 1.0
Point 195 686.0 948.0 1.0 195.0 1.0
Point 196 675.0 947.0 1.0 196.0 1.0
Point 197 713.0 953.0 1.0 197.0 1.0
Point 198 700.0 958.0 1.0 198.0 1.0
Point 199 705.0 954.0 1.0 199.0 1.0
Point 200 709.0 959.0 1.0 200.0 1.0
End of MTrackJ Data File
