MTrackJ 1.5.1 Data File
Displaying false true true 2 2 0 0 95 80 0 0 0 0 1 10 0 false true true false
Assembly 1 FF0000
Cluster 1 FF0000
Track 1 FF0000 true
Point 1 580.8333333333333 1017.5 1.0 1.0 1.0
Point 2 579.5 1014.8333333333333 1.0 2.0 1.0
Point 3 578.8333333333333 1010.8333333333334 1.0 3.0 1.0
Point 4 580.8333333333333 1008.8333333333334 1.0 4.0 1.0
Point 5 579.5 1008.8333333333334 1.0 5.0 1.0
Point 6 577.5 1008.8333333333334 1.0 6.0 1.0
Point 7 578.8333333333333 1006.8333333333334 1.0 7.0 1.0
Point 8 584.8333333333333 1002.8333333333334 1.0 8.0 1.0
Point 9 588.1666666666667 998.1666666666666 1.0 9.0 1.0
Point 10 596.8333333333333 989.5 1.0 10.0 1.0
Point 11 616.1666666666667 980.8333333333334 1.0 11.0 1.0
Point 12 642.1666666666667 982.1666666666666 1.0 12.0 1.0
Point 13 645.5 985.5 1.0 13.0 1.0
Point 14 652.1666666666667 992.8333333333334 1.0 14.0 1.0
Point 15 656.8333333333333 1008.1666666666666 1.0 15.0 1.0
Point 16 658.8333333333333 1013.5 1.0 16.0 1.0
Point 17 659.5 1018.1666666666667 1.0 17.0 1.0
Point 18 660.8333333333333 1021.5 1.0 18.0 1.0
Point 19 664.1666666666667 1031.5 1.0 19.0 1.0
Point 20 664.8333333333333 1034.8333333333333 1.0 20.0 1.0
Point 21 666.1666666666667 1037.5 1.0 21.0 1.0
Point 22 664.8333333333333 1032.1666666666667 1.0 22.0 1.0
Point 23 667.5 1031.5 1.0 23.0 1.0
Point 24 673.5 1029.5 1.0 24.0 1.0
Point 25 668.8333333333333 1027.5 1.0 25.0 1.0
Point 26 672.8333333333333 1025.5 1.0 26.0 1.0
Point 27 665.5 1027.5 1.0 27.0 1.0
Point 28 650.8333333333333 1026.1666666666667 1.0 28.0 1.0
Point 29 648.8333333333333 1028.8333333333333 1.0 29.0 1.0
Point 30 655.5 1030.8333333333333 1.0 30.0 1.0
Point 31 666.8333333333333 1032.8333333333333 1.0 31.0 1.0
Point 32 677.5 1034.8333333333333 1.0 32.0 1.0
Point 33 682.8333333333333 1038.1666666666667 1.0 33.0 1.0
Point 34 697.5 1038.1666666666667 1.0 34.0 1.0
Point 35 694.8333333333333 1038.1666666666667 1.0 35.0 1.0
Point 36 707.5 1036.8333333333333 1.0 36.0 1.0
Point 37 714.1666666666667 1038.8333333333333 1.0 37.0 1.0
Point 38 712.8333333333333 1038.1666666666667 1.0 38.0 1.0
Point 39 702.8333333333333 1032.1666666666667 1.0 39.0 1.0
Point 40 698.1666666666667 1030.1666666666667 1.0 40.0 1.0
Point 41 688.8333333333333 1025.5 1.0 41.0 1.0
Point 42 686.1666666666667 1023.5 1.0 42.0 1.0
Point 43 678.8333333333333 1025.5 1.0 43.0 1.0
Point 44 690.1666666666667 1030.1666666666667 1.0 44.0 1.0
Point 45 695.5 1032.8333333333333 1.0 45.0 1.0
Point 46 684.8333333333333 1025.5 1.0 46.0 1.0
Point 47 682.1666666666667 1021.5 1.0 47.0 1.0
Point 48 680.1666666666667 1022.8333333333333 1.0 48.0 1.0
Point 49 678.8333333333333 1024.1666666666667 1.0 49.0 1.0
Point 50 676.8333333333333 1023.5 1.0 50.0 1.0
Point 51 678.8333333333333 1021.5 1.0 51.0 1.0
Point 52 675.5 1021.5 1.0 52.0 1.0
Point 53 675.5 1020.1666666666667 1.0 53.0 1.0
Point 54 677.5 1022.1666666666667 1.0 54.0 1.0
Point 55 678.8333333333333 1018.8333333333333 1.0 55.0 1.0
Point 56 676.8333333333333 1015.5 1.0 56.0 1.0
Point 57 677.5 1016.8333333333333 1.0 57.0 1.0
Point 58 678.1666666666667 1016.8333333333333 1.0 58.0 1.0
Point 59 674.1666666666667 1017.5 1.0 59.0 1.0
Point 60 672.1666666666667 1016.1666666666667 1.0 60.0 1.0
Point 61 666.8333333333333 1015.5 1.0 61.0 1.0
Point 62 664.8333333333333 1014.1666666666667 1.0 62.0 1.0
Point 63 668.8333333333333 1013.5 1.0 63.0 1.0
Point 64 668.1666666666667 1012.8333333333334 1.0 64.0 1.0
Point 65 671.5 1016.1666666666667 1.0 65.0 1.0
Point 66 668.8333333333333 1015.5 1.0 66.0 1.0
Point 67 666.8333333333333 1011.5 1.0 67.0 1.0
Point 68 670.1666666666667 1010.8333333333334 1.0 68.0 1.0
Point 69 668.8333333333333 1007.5 1.0 69.0 1.0
Point 70 669.5 1008.8333333333334 1.0 70.0 1.0
Point 71 672.8333333333333 1008.8333333333334 1.0 71.0 1.0
Point 72 673.5 1009.5 1.0 72.0 1.0
Point 73 674.1666666666667 1010.1666666666666 1.0 73.0 1.0
Point 74 672.8333333333333 1009.5 1.0 74.0 1.0
Point 75 670.8333333333333 1007.5 1.0 75.0 1.0
Point 76 670.8333333333333 1007.5 1.0 76.0 1.0
Point 77 670.8333333333333 1008.8333333333334 1.0 77.0 1.0
Point 78 668.8333333333333 1008.8333333333334 1.0 78.0 1.0
Point 79 666.1666666666667 1009.5 1.0 79.0 1.0
Point 80 665.5 1010.8333333333334 1.0 80.0 1.0
Point 81 664.8333333333333 1009.5 1.0 81.0 1.0
Point 82 662.8333333333333 1008.8333333333334 1.0 82.0 1.0
Point 83 662.8333333333333 1010.1666666666666 1.0 83.0 1.0
Point 84 660.1666666666667 1008.8333333333334 1.0 84.0 1.0
Point 85 658.1666666666667 1009.5 1.0 85.0 1.0
Point 86 653.5 1008.8333333333334 1.0 86.0 1.0
Point 87 653.5 1010.1666666666666 1.0 87.0 1.0
Point 88 651.5 1010.8333333333334 1.0 88.0 1.0
Point 89 650.1666666666667 1013.5 1.0 89.0 1.0
Point 90 652.8333333333333 1011.5 1.0 90.0 1.0
Point 91 654.1666666666667 1008.8333333333334 1.0 91.0 1.0
Point 92 652.1666666666667 1012.1666666666666 1.0 92.0 1.0
Point 93 648.8333333333333 1013.5 1.0 93.0 1.0
Point 94 650.8333333333333 1012.8333333333334 1.0 94.0 1.0
Point 95 648.1666666666667 1011.5 1.0 95.0 1.0
Point 96 648.8333333333333 1011.5 1.0 96.0 1.0
Point 97 652.1666666666667 1015.5 1.0 97.0 1.0
Point 98 655.5 1013.5 1.0 98.0 1.0
Point 99 656.1666666666667 1013.5 1.0 99.0 1.0
Point 100 654.8333333333333 1008.1666666666666 1.0 100.0 1.0
Point 101 656.1666666666667 1010.8333333333334 1.0 101.0 1.0
Point 102 652.8333333333333 1009.5 1.0 102.0 1.0
Point 103 647.5 1007.5 1.0 103.0 1.0
Point 104 647.5 1007.5 1.0 104.0 1.0
Point 105 651.5 1005.5 1.0 105.0 1.0
Point 106 657.5 1006.8333333333334 1.0 106.0 1.0
Point 107 659.5 1004.8333333333334 1.0 107.0 1.0
Point 108 656.8333333333333 1004.8333333333334 1.0 108.0 1.0
Point 109 657.5 1006.1666666666666 1.0 109.0 1.0
Point 110 659.5 1005.5 1.0 110.0 1.0
Point 111 654.8333333333333 1003.5 1.0 111.0 1.0
Point 112 654.8333333333333 1000.8333333333334 1.0 112.0 1.0
Point 113 657.5 1002.1666666666666 1.0 113.0 1.0
Point 114 657.5 1002.1666666666666 1.0 114.0 1.0
Point 115 658.1666666666667 1004.8333333333334 1.0 115.0 1.0
Point 116 658.1666666666667 1000.8333333333334 1.0 116.0 1.0
Point 117 658.1666666666667 1001.5 1.0 117.0 1.0
Point 118 655.5 1000.8333333333334 1.0 118.0 1.0
Point 119 653.5 1002.8333333333334 1.0 119.0 1.0
Point 120 650.8333333333333 998.8333333333334 1.0 120.0 1.0
Point 121 653.5 1001.5 1.0 121.0 1.0
Point 122 656.1666666666667 999.5 1.0 122.0 1.0
Point 123 660.1666666666667 1000.8333333333334 1.0 123.0 1.0
Point 124 661.5 1002.8333333333334 1.0 124.0 1.0
Point 125 658.1666666666667 1001.5 1.0 125.0 1.0
Point 126 656.8333333333333 997.5 1.0 126.0 1.0
Point 127 648.1666666666667 996.1666666666666 1.0 127.0 1.0
Point 128 647.5 996.8333333333334 1.0 128.0 1.0
Point 129 640.8333333333333 995.5 1.0 129.0 1.0
Point 130 642.8333333333333 993.5 1.0 130.0 1.0
Point 131 646.8333333333333 985.5 1.0 131.0 1.0
Point 132 656.1666666666667 964.8333333333334 1.0 132.0 1.0
Point 133 659.5 954.1666666666666 1.0 133.0 1.0
Point 134 664.1666666666667 949.5 1.0 134.0 1.0
Point 135 675.5 945.5 1.0 135.0 1.0
Point 136 679.5 945.5 1.0 136.0 1.0
Point 137 680.8333333333333 943.5 1.0 137.0 1.0
Point 138 687.5 940.1666666666666 1.0 138.0 1.0
Point 139 692.1666666666667 940.8333333333334 1.0 139.0 1.0
Point 140 699.5 937.5 1.0 140.0 1.0
Point 141 704.1666666666667 932.1666666666666 1.0 141.0 1.0
Point 142 704.8333333333333 932.1666666666666 1.0 142.0 1.0
Point 143 704.8333333333333 934.1666666666666 1.0 143.0 1.0
Point 144 705.5 931.5 1.0 144.0 1.0
Point 145 709.5 930.1666666666666 1.0 145.0 1.0
Point 146 709.5 926.8333333333334 1.0 146.0 1.0
Point 147 713.5 928.1666666666666 1.0 147.0 1.0
Point 148 714.1666666666667 927.5 1.0 148.0 1.0
Point 149 714.8333333333333 923.5 1.0 149.0 1.0
Point 150 712.1666666666667 923.5 1.0 150.0 1.0
Point 151 710.1666666666667 922.1666666666666 1.0 151.0 1.0
Point 152 711.5 918.1666666666666 1.0 152.0 1.0
Point 153 712.1666666666667 918.1666666666666 1.0 153.0 1.0
Point 154 716.8333333333333 915.5 1.0 154.0 1.0
Point 155 715.5 920.1666666666666 1.0 155.0 1.0
Point 156 717.5 920.8333333333334 1.0 156.0 1.0
Point 157 714.1666666666667 920.8333333333334 1.0 157.0 1.0
Point 158 712.1666666666667 921.5 1.0 158.0 1.0
Point 159 713.5 920.8333333333334 1.0 159.0 1.0
Point 160 713.5 917.5 1.0 160.0 1.0
Point 161 714.1666666666667 916.1666666666666 1.0 161.0 1.0
Point 162 713.5 916.1666666666666 1.0 162.0 1.0
Point 163 715.5 918.8333333333334 1.0 163.0 1.0
Point 164 713.5 913.5 1.0 164.0 1.0
Point 165 713.5 916.1666666666666 1.0 165.0 1.0
Point 166 711.5 912.1666666666666 1.0 166.0 1.0
Point 167 712.8333333333333 918.1666666666666 1.0 167.0 1.0
Point 168 709.5 916.1666666666666 1.0 168.0 1.0
Point 169 708.1666666666667 917.5 1.0 169.0 1.0
Point 170 708.8333333333333 918.1666666666666 1.0 170.0 1.0
Point 171 704.1666666666667 920.8333333333334 1.0 171.0 1.0
Point 172 705.5 915.5 1.0 172.0 1.0
Point 173 705.5 920.1666666666666 1.0 173.0 1.0
Point 174 706.8333333333333 919.5 1.0 174.0 1.0
Point 175 709.5 923.5 1.0 175.0 1.0
Point 176 710.8333333333333 922.1666666666666 1.0 176.0 1.0
Point 177 708.8333333333333 920.1666666666666 1.0 177.0 1.0
Point 178 707.5 918.8333333333334 1.0 178.0 1.0
Point 179 709.5 922.8333333333334 1.0 179.0 1.0
Point 180 710.8333333333333 923.5 1.0 180.0 1.0
Point 181 710.1666666666667 924.1666666666666 1.0 181.0 1.0
Point 182 708.1666666666667 920.8333333333334 1.0 182.0 1.0
Point 183 708.1666666666667 920.1666666666666 1.0 183.0 1.0
Point 184 708.8333333333333 922.8333333333334 1.0 184.0 1.0
Point 185 709.5 925.5 1.0 185.0 1.0
Point 186 708.8333333333333 922.8333333333334 1.0 186.0 1.0
Point 187 708.1666666666667 924.8333333333334 1.0 187.0 1.0
Point 188 704.1666666666667 927.5 1.0 188.0 1.0
Point 189 704.8333333333333 926.8333333333334 1.0 189.0 1.0
Point 190 704.1666666666667 926.8333333333334 1.0 190.0 1.0
Point 191 704.8333333333333 927.5 1.0 191.0 1.0
Point 192 703.5 928.1666666666666 1.0 192.0 1.0
Point 193 703.5 928.1666666666666 1.0 193.0 1.0
Point 194 703.5 928.8333333333334 1.0 194.0 1.0
Point 195 704.1666666666667 928.8333333333334 1.0 195.0 1.0
Point 196 704.1666666666667 926.1666666666666 1.0 196.0 1.0
Point 197 707.5 926.8333333333334 1.0 197.0 1.0
Point 198 706.8333333333333 930.8333333333334 1.0 198.0 1.0
Point 199 706.8333333333333 930.8333333333334 1.0 199.0 1.0
Point 200 707.5 930.1666666666666 1.0 200.0 1.0
End of MTrackJ Data File
