MTrackJ 1.5.1 Data File
Displaying false true true 1 2 0 0 100 20 0 0 0 0 1 8 0 false false true false
Assembly 1 FF0000
Cluster 1 FF0000
Track 1 FF0000 true
Point 1 662.8333333333333 1034.1666666666667 1.0 12.0 1.0
Point 2 618.8333333333333 1034.8333333333333 1.0 26.0 1.0
Point 3 657.5 1032.8333333333333 1.0 35.0 1.0
Point 4 712.8333333333333 987.5 1.0 42.0 1.0
Point 5 595.5 967.5 1.0 67.0 1.0
Point 6 618.1666666666667 1024.1666666666667 1.0 79.0 1.0
Point 7 649.5 954.8333333333334 1.0 127.0 1.0
Point 8 688.1666666666667 894.8333333333334 1.0 141.0 1.0
Point 10 672.1666666666667 974.1666666666666 1.0 174.0 1.0
Point 11 734.8333333333333 964.1666666666666 1.0 197.0 1.0
Point 9 782.1666666666667 958.8333333333334 1.0 198.0 1.0
End of MTrackJ Data File
