MTrackJ 1.5.1 Data File
Displaying true true true 2 0 0 0 100 10 0 0 0 0 1 12 0 true true true false
Assembly 1 FF0000
Cluster 1 FF0000
Track 1 FF0000 true
Point 1 1078.0 131.0 1.0 1.0 1.0
Point 2 1078.0 131.0 1.0 2.0 1.0
Track 2 FFFF00 true
Point 1 1078.0 131.0 1.0 3.0 1.0
Point 2 1077.0 130.0 1.0 4.0 1.0
Point 3 1070.0 125.0 1.0 5.0 1.0
Track 3 00FF00 true
Point 1 1070.0 125.0 1.0 6.0 1.0
Point 2 1070.0 125.0 1.0 7.0 1.0
Point 3 1070.0 125.0 1.0 8.0 1.0
Point 4 1070.0 125.0 1.0 9.0 1.0
Track 4 00FFFF true
Point 1 1070.0 123.0 1.0 10.0 1.0
Track 5 0000FF true
Point 1 1068.0 119.0 1.0 11.0 1.0
Point 2 1066.0 117.0 1.0 12.0 1.0
Track 6 FF00FF true
Point 1 1066.0 116.0 1.0 13.0 1.0
Track 7 FF9900 true
Point 1 1067.0 114.0 1.0 14.0 1.0
Point 2 1068.0 114.0 1.0 15.0 1.0
Point 3 1068.0 114.0 1.0 16.0 1.0
Point 4 1067.0 113.0 1.0 17.0 1.0
Point 5 1067.0 113.0 1.0 18.0 1.0
Point 6 1067.0 113.0 1.0 19.0 1.0
Point 7 1068.0 112.0 1.0 20.0 1.0
Point 8 1068.0 112.0 1.0 21.0 1.0
Point 9 1071.0 110.0 1.0 22.0 1.0
Point 10 1071.0 110.0 1.0 23.0 1.0
Point 11 1072.0 110.0 1.0 24.0 1.0
Point 12 1072.0 110.0 1.0 25.0 1.0
Point 13 1073.0 111.0 1.0 26.0 1.0
Point 14 1074.0 113.0 1.0 27.0 1.0
Point 15 1074.0 114.0 1.0 28.0 1.0
Track 8 8B05BE true
Point 1 1075.0 113.0 1.0 29.0 1.0
Track 9 008B42 true
Point 1 1076.0 113.0 1.0 30.0 1.0
Track 10 FFD18B true
Point 1 1076.0 113.0 1.0 31.0 1.0
Point 2 1076.0 113.0 1.0 32.0 1.0
Point 3 1077.0 113.0 1.0 33.0 1.0
Track 11 00388B true
Point 1 1082.0 111.0 1.0 34.0 1.0
Point 2 1082.0 111.0 1.0 35.0 1.0
Point 3 1084.0 111.0 1.0 36.0 1.0
Track 12 D6FF8B true
Point 1 1086.0 111.0 1.0 37.0 1.0
Point 2 1086.0 111.0 1.0 38.0 1.0
Track 13 BE0521 true
Point 1 1088.0 113.0 1.0 39.0 1.0
Point 2 1088.0 113.0 1.0 40.0 1.0
Point 3 1090.0 112.0 1.0 41.0 1.0
Track 14 FF8B9C true
Point 1 1091.0 112.0 1.0 42.0 1.0
Track 15 8B6E00 true
Point 1 1092.0 112.0 1.0 43.0 1.0
Point 2 1093.0 112.0 1.0 44.0 1.0
Point 3 1093.0 112.0 1.0 45.0 1.0
Point 4 1095.0 112.0 1.0 46.0 1.0
Point 5 1096.0 112.0 1.0 47.0 1.0
Point 6 1097.0 112.0 1.0 48.0 1.0
Point 7 1097.0 113.0 1.0 49.0 1.0
Point 8 1099.0 114.0 1.0 50.0 1.0
Point 9 1100.0 114.0 1.0 51.0 1.0
Point 10 1101.0 112.0 1.0 52.0 1.0
Track 16 AC55F7 true
Point 1 1106.0 110.0 1.0 53.0 1.0
Track 17 ABFF8B true
Point 1 1106.0 111.0 1.0 54.0 1.0
Point 2 1106.0 112.0 1.0 55.0 1.0
Point 3 1105.0 113.0 1.0 56.0 1.0
Point 4 1105.0 113.0 1.0 57.0 1.0
Point 5 1105.0 113.0 1.0 58.0 1.0
Point 6 1105.0 113.0 1.0 59.0 1.0
Track 18 008B76 true
Point 1 1113.0 113.0 1.0 60.0 1.0
Point 2 1113.0 113.0 1.0 61.0 1.0
Point 3 1113.0 113.0 1.0 62.0 1.0
Point 4 1114.0 113.0 1.0 63.0 1.0
Track 19 A0BE05 true
Point 1 1113.0 113.0 1.0 64.0 1.0
Point 2 1113.0 113.0 1.0 65.0 1.0
Point 3 1114.0 115.0 1.0 66.0 1.0
Point 4 1114.0 115.0 1.0 67.0 1.0
Point 5 1114.0 115.0 1.0 68.0 1.0
Track 20 FF6900 true
Point 1 1117.0 115.0 1.0 69.0 1.0
Point 2 1117.0 115.0 1.0 70.0 1.0
Track 21 BE0589 true
Point 1 1118.0 114.0 1.0 71.0 1.0
Point 2 1118.0 114.0 1.0 72.0 1.0
Point 3 1118.0 114.0 1.0 73.0 1.0
Point 4 1119.0 114.0 1.0 74.0 1.0
Track 22 5577F7 true
Point 1 1119.0 114.0 1.0 75.0 1.0
Point 2 1119.0 114.0 1.0 76.0 1.0
Point 3 1123.0 115.0 1.0 77.0 1.0
Track 23 00FF79 true
Point 1 1124.0 115.0 1.0 78.0 1.0
Point 2 1124.0 115.0 1.0 79.0 1.0
Point 3 1124.0 116.0 1.0 80.0 1.0
Point 4 1124.0 116.0 1.0 81.0 1.0
Track 24 F79855 true
Point 1 1126.0 116.0 1.0 82.0 1.0
Point 2 1126.0 116.0 1.0 83.0 1.0
Point 3 1129.0 116.0 1.0 84.0 1.0
Track 25 8B0063 true
Point 1 1130.0 116.0 1.0 85.0 1.0
Point 2 1131.0 116.0 1.0 86.0 1.0
Point 3 1131.0 116.0 1.0 87.0 1.0
Point 4 1131.0 116.0 1.0 88.0 1.0
Track 26 8BB9FF true
Point 1 1132.0 114.0 1.0 89.0 1.0
Point 2 1133.0 114.0 1.0 90.0 1.0
Point 3 1129.0 116.0 1.0 91.0 1.0
Point 4 1129.0 116.0 1.0 92.0 1.0
Point 5 1129.0 116.0 1.0 93.0 1.0
Point 6 1131.0 117.0 1.0 94.0 1.0
Point 7 1132.0 117.0 1.0 95.0 1.0
Track 27 8B3900 true
Point 1 1133.0 116.0 1.0 96.0 1.0
Point 2 1133.0 116.0 1.0 97.0 1.0
Point 3 1134.0 116.0 1.0 98.0 1.0
Track 28 A6FF00 true
Point 1 1136.0 115.0 1.0 99.0 1.0
Point 2 1136.0 115.0 1.0 100.0 1.0
Point 3 1136.0 115.0 1.0 101.0 1.0
Track 29 6905BE true
Point 1 1137.0 115.0 1.0 102.0 1.0
Point 2 1137.0 115.0 1.0 103.0 1.0
Point 3 1137.0 115.0 1.0 104.0 1.0
Point 4 1137.0 115.0 1.0 105.0 1.0
Track 30 F58BFF true
Point 1 1136.0 114.0 1.0 106.0 1.0
Point 2 1136.0 114.0 1.0 107.0 1.0
Point 3 1136.0 113.0 1.0 108.0 1.0
Track 31 8BFFEE true
Point 1 1139.0 112.0 1.0 109.0 1.0
Track 32 268B00 true
Point 1 1143.0 110.0 1.0 110.0 1.0
Point 2 1144.0 110.0 1.0 111.0 1.0
Track 33 FFFC8B true
Point 1 1144.0 110.0 1.0 112.0 1.0
Point 2 1144.0 110.0 1.0 113.0 1.0
Point 3 1144.0 110.0 1.0 114.0 1.0
Track 34 BE5205 true
Point 1 1144.0 110.0 1.0 115.0 1.0
Point 2 1143.0 110.0 1.0 116.0 1.0
Point 3 1142.0 110.0 1.0 117.0 1.0
Point 4 1142.0 110.0 1.0 118.0 1.0
Track 35 054FBE true
Point 1 1142.0 111.0 1.0 119.0 1.0
Point 2 1142.0 111.0 1.0 120.0 1.0
Point 3 1142.0 111.0 1.0 121.0 1.0
Track 36 7F008B true
Point 1 1144.0 111.0 1.0 122.0 1.0
Track 37 F7556D true
Point 1 1144.0 111.0 1.0 123.0 1.0
Point 2 1146.0 108.0 1.0 124.0 1.0
Point 3 1145.0 107.0 1.0 125.0 1.0
Point 4 1144.0 107.0 1.0 126.0 1.0
Point 5 1143.0 105.0 1.0 127.0 1.0
Track 38 31008B true
Point 1 1142.0 105.0 1.0 128.0 1.0
Point 2 1142.0 105.0 1.0 129.0 1.0
Point 3 1142.0 105.0 1.0 130.0 1.0
Track 39 81F755 true
Point 1 1142.0 101.0 1.0 131.0 1.0
Point 2 1143.0 101.0 1.0 132.0 1.0
Point 3 1143.0 100.0 1.0 133.0 1.0
Track 40 F7F355 true
Point 1 1144.0 100.0 1.0 134.0 1.0
Track 41 8B0015 true
Point 1 1144.0 99.0 1.0 135.0 1.0
Track 42 F755C8 true
Point 1 1144.0 99.0 1.0 136.0 1.0
Point 2 1144.0 100.0 1.0 137.0 1.0
Point 3 1143.0 100.0 1.0 138.0 1.0
Point 4 1143.0 100.0 1.0 139.0 1.0
Point 5 1144.0 100.0 1.0 140.0 1.0
Point 6 1144.0 101.0 1.0 141.0 1.0
Point 7 1143.0 102.0 1.0 142.0 1.0
Point 8 1140.0 102.0 1.0 143.0 1.0
Track 43 8B8EFF true
Point 1 1137.0 100.0 1.0 144.0 1.0
Point 2 1138.0 100.0 1.0 145.0 1.0
Point 3 1139.0 99.0 1.0 146.0 1.0
Track 44 748B00 true
Point 1 1139.0 99.0 1.0 147.0 1.0
Point 2 1139.0 100.0 1.0 148.0 1.0
Point 3 1156.0 88.0 1.0 149.0 1.0
Point 4 1161.0 81.0 1.0 150.0 1.0
Point 5 1161.0 81.0 1.0 151.0 1.0
Point 6 1161.0 81.0 1.0 152.0 1.0
Point 7 1161.0 81.0 1.0 153.0 1.0
Point 8 1161.0 81.0 1.0 154.0 1.0
Track 45 BE7405 true
Point 1 1162.0 80.0 1.0 155.0 1.0
Point 2 1165.0 76.0 1.0 156.0 1.0
Point 3 1170.0 69.0 1.0 157.0 1.0
Point 4 1165.0 66.0 1.0 158.0 1.0
Point 5 1167.0 63.0 1.0 159.0 1.0
Track 46 CA55F7 true
Point 1 1167.0 58.0 1.0 160.0 1.0
Point 2 1151.0 55.0 1.0 161.0 1.0
Point 3 1152.0 53.0 1.0 162.0 1.0
Track 47 0096FF true
Point 1 1154.0 50.0 1.0 163.0 1.0
Point 2 1154.0 49.0 1.0 164.0 1.0
Point 3 1153.0 47.0 1.0 165.0 1.0
Track 48 38BE05 true
Point 1 1155.0 46.0 1.0 166.0 1.0
Point 2 1156.0 44.0 1.0 167.0 1.0
Point 3 1154.0 42.0 1.0 168.0 1.0
Point 4 1154.0 42.0 1.0 169.0 1.0
Point 5 1154.0 42.0 1.0 170.0 1.0
Point 6 1155.0 42.0 1.0 171.0 1.0
Point 7 1155.0 42.0 1.0 172.0 1.0
Track 49 FFBB8B true
Point 1 1141.0 39.0 1.0 173.0 1.0
Point 2 1144.0 37.0 1.0 174.0 1.0
Point 3 1147.0 36.0 1.0 175.0 1.0
Track 50 052CBE true
Point 1 1147.0 36.0 1.0 176.0 1.0
Track 51 B900FF true
Point 1 1147.0 36.0 1.0 177.0 1.0
Point 2 1147.0 36.0 1.0 178.0 1.0
Point 3 1147.0 36.0 1.0 179.0 1.0
Point 4 1148.0 36.0 1.0 180.0 1.0
Point 5 1148.0 36.0 1.0 181.0 1.0
Point 6 1148.0 34.0 1.0 182.0 1.0
Point 7 1148.0 34.0 1.0 183.0 1.0
Point 8 1148.0 31.0 1.0 184.0 1.0
Point 9 1148.0 30.0 1.0 185.0 1.0
Track 52 0595BE true
Point 1 1148.0 30.0 1.0 186.0 1.0
Track 53 BEF755 true
Point 1 1148.0 30.0 1.0 187.0 1.0
Point 2 1150.0 26.0 1.0 188.0 1.0
Point 3 1145.0 28.0 1.0 189.0 1.0
Point 4 1147.0 20.0 1.0 190.0 1.0
Point 5 1147.0 20.0 1.0 191.0 1.0
End of MTrackJ Data File
