MTrackJ 1.5.1 Data File
Displaying true true true 2 0 0 0 100 10 0 0 0 0 1 12 0 true true true false
Assembly 1 FF0000
Cluster 1 FF0000
Track 1 FF0000 true
Point 1 1107.0 129.0 1.0 1.0 3.0
Point 2 1105.0 128.0 1.0 2.0 3.0
Point 3 1103.0 121.0 1.0 3.0 3.0
Point 4 1103.0 115.0 1.0 4.0 3.0
Point 5 1100.0 113.0 1.0 5.0 3.0
Point 6 1099.0 112.0 1.0 6.0 3.0
Point 7 1099.0 113.0 1.0 7.0 3.0
Point 8 1097.0 108.0 1.0 8.0 3.0
Point 9 1095.0 107.0 1.0 9.0 3.0
Point 10 1106.0 98.0 1.0 10.0 3.0
Point 11 1109.0 98.0 1.0 11.0 3.0
Point 12 1097.0 102.0 1.0 12.0 3.0
Point 13 1092.0 105.0 1.0 13.0 3.0
Point 14 1097.0 101.0 1.0 14.0 3.0
Point 15 1095.0 100.0 1.0 15.0 3.0
Point 16 1099.0 99.0 1.0 16.0 3.0
Point 17 1103.0 97.0 1.0 17.0 3.0
Point 18 1102.0 100.0 1.0 18.0 3.0
Point 19 1104.0 98.0 1.0 19.0 3.0
Point 20 1107.0 95.0 1.0 20.0 3.0
Point 21 1099.0 96.0 1.0 21.0 3.0
Point 22 1101.0 99.0 1.0 22.0 3.0
Point 23 1098.0 101.0 1.0 23.0 3.0
Point 24 1098.0 101.0 1.0 24.0 3.0
Point 25 1107.0 99.0 1.0 25.0 3.0
Point 26 1104.0 96.0 1.0 26.0 3.0
Point 27 1114.0 102.0 1.0 27.0 3.0
Point 28 1111.0 101.0 1.0 28.0 3.0
Point 29 1109.0 97.0 1.0 29.0 3.0
Point 30 1090.0 97.0 1.0 30.0 3.0
Point 31 1100.0 100.0 1.0 31.0 3.0
Point 32 1106.0 100.0 1.0 32.0 3.0
Point 33 1114.0 97.0 1.0 33.0 3.0
Point 34 1124.0 93.0 1.0 34.0 3.0
Point 35 1121.0 98.0 1.0 35.0 3.0
Point 36 1123.0 97.0 1.0 36.0 3.0
Point 37 1121.0 98.0 1.0 37.0 3.0
Point 38 1118.0 98.0 1.0 38.0 3.0
Point 39 1121.0 105.0 1.0 39.0 3.0
Point 40 1122.0 99.0 1.0 40.0 3.0
Point 41 1122.0 99.0 1.0 41.0 3.0
Point 42 1116.0 103.0 1.0 42.0 3.0
Point 43 1124.0 103.0 1.0 43.0 3.0
Point 44 1126.0 104.0 1.0 44.0 3.0
Point 45 1131.0 102.0 1.0 45.0 3.0
Point 46 1136.0 103.0 1.0 46.0 3.0
Point 47 1133.0 102.0 1.0 47.0 3.0
Point 48 1137.0 101.0 1.0 48.0 3.0
Point 49 1135.0 100.0 1.0 49.0 3.0
Point 50 1140.0 96.0 1.0 50.0 3.0
Point 51 1142.0 96.0 1.0 51.0 3.0
Point 52 1134.0 97.0 1.0 52.0 3.0
Point 53 1130.0 101.0 1.0 53.0 3.0
Point 54 1134.0 103.0 1.0 54.0 3.0
Point 55 1134.0 99.0 1.0 55.0 3.0
Point 56 1131.0 103.0 1.0 56.0 3.0
Point 57 1134.0 97.0 1.0 57.0 3.0
Point 58 1138.0 99.0 1.0 58.0 3.0
Point 59 1137.0 101.0 1.0 59.0 3.0
Point 60 1137.0 101.0 1.0 60.0 3.0
Point 61 1140.0 96.0 1.0 61.0 3.0
Point 62 1146.0 94.0 1.0 62.0 3.0
Point 63 1144.0 97.0 1.0 63.0 3.0
Point 64 1143.0 100.0 1.0 64.0 3.0
Point 65 1136.0 97.0 1.0 65.0 3.0
Point 66 1133.0 87.0 1.0 66.0 3.0
Point 67 1140.0 79.0 1.0 67.0 3.0
Point 68 1142.0 86.0 1.0 68.0 3.0
Point 69 1141.0 81.0 1.0 69.0 3.0
Point 70 1145.0 83.0 1.0 70.0 3.0
Point 71 1145.0 78.0 1.0 71.0 3.0
Point 72 1149.0 79.0 1.0 72.0 3.0
Point 73 1150.0 87.0 1.0 73.0 3.0
Point 74 1151.0 86.0 1.0 74.0 3.0
Point 75 1158.0 87.0 1.0 75.0 3.0
Point 76 1152.0 88.0 1.0 76.0 3.0
Point 77 1157.0 89.0 1.0 77.0 3.0
Point 78 1159.0 88.0 1.0 78.0 3.0
Point 79 1157.0 86.0 1.0 79.0 3.0
Point 80 1156.0 89.0 1.0 80.0 3.0
Point 81 1153.0 85.0 1.0 81.0 3.0
Point 82 1162.0 86.0 1.0 82.0 3.0
Point 83 1163.0 85.0 1.0 83.0 3.0
Point 84 1169.0 85.0 1.0 84.0 3.0
Point 85 1162.0 86.0 1.0 85.0 3.0
Point 86 1157.0 87.0 1.0 86.0 3.0
Point 87 1161.0 86.0 1.0 87.0 3.0
Point 88 1159.0 90.0 1.0 88.0 3.0
Point 89 1165.0 89.0 1.0 89.0 3.0
Point 90 1162.0 92.0 1.0 90.0 3.0
Point 91 1163.0 92.0 1.0 91.0 3.0
Point 92 1158.0 83.0 1.0 92.0 3.0
Point 93 1171.0 91.0 1.0 93.0 3.0
Point 94 1162.0 88.0 1.0 94.0 3.0
Point 95 1165.0 90.0 1.0 95.0 3.0
Point 96 1164.0 88.0 1.0 96.0 3.0
Point 97 1168.0 86.0 1.0 97.0 3.0
End of MTrackJ Data File
