MTrackJ 1.5.1 Data File
Displaying true true true 1 2 0 0 100 10 0 0 0 0 1 12 0 false true true false
Assembly 1 FF0000
Cluster 1 FF0000
Track 1 FF0000 true
Point 1 452.0 454.0 1.0 1.0 3.0
Point 2 452.0 451.0 1.0 2.0 3.0
Point 3 449.0 449.0 1.0 3.0 3.0
Point 4 447.0 446.0 1.0 4.0 3.0
Point 5 446.0 444.0 1.0 5.0 3.0
Point 6 443.0 442.0 1.0 6.0 3.0
Point 7 444.0 437.0 1.0 7.0 3.0
Point 8 444.0 437.0 1.0 8.0 3.0
Point 9 442.0 437.0 1.0 9.0 3.0
Point 10 442.0 437.0 1.0 10.0 3.0
Point 11 443.0 433.0 1.0 11.0 3.0
Point 12 443.0 431.0 1.0 12.0 3.0
Point 13 443.0 429.0 1.0 13.0 3.0
Point 14 444.0 432.0 1.0 14.0 3.0
Point 15 445.0 434.0 1.0 15.0 3.0
Point 16 446.0 432.0 1.0 16.0 3.0
Point 17 449.0 432.0 1.0 17.0 3.0
Point 18 450.0 435.0 1.0 18.0 3.0
Point 19 452.0 433.0 1.0 19.0 3.0
Point 20 455.0 435.0 1.0 20.0 3.0
Point 21 463.0 440.0 1.0 21.0 3.0
Point 22 476.0 446.0 1.0 22.0 3.0
Point 23 483.0 446.0 1.0 23.0 3.0
Point 24 475.0 447.0 1.0 24.0 3.0
Point 25 472.0 449.0 1.0 25.0 3.0
Point 26 475.0 447.0 1.0 26.0 3.0
Point 27 469.0 452.0 1.0 27.0 3.0
Point 28 471.0 451.0 1.0 28.0 3.0
Point 29 474.0 450.0 1.0 29.0 3.0
Point 30 476.0 453.0 1.0 30.0 3.0
Point 31 479.0 451.0 1.0 31.0 3.0
Point 32 480.0 453.0 1.0 32.0 3.0
Point 33 484.0 457.0 1.0 33.0 3.0
Point 34 483.0 451.0 1.0 34.0 3.0
Point 35 485.0 454.0 1.0 35.0 3.0
Point 36 486.0 451.0 1.0 36.0 3.0
Point 219 490.8333333333333 445.5 1.0 37.0 3.0
Point 38 496.0 446.0 1.0 38.0 3.0
Point 39 502.0 443.0 1.0 39.0 3.0
Point 40 502.0 447.0 1.0 40.0 3.0
Point 41 508.0 445.0 1.0 41.0 3.0
Point 42 520.0 451.0 1.0 42.0 3.0
Point 43 516.0 424.0 1.0 43.0 3.0
Point 220 518.1666666666667 434.16666666666663 1.0 44.0 3.0
Point 45 522.0 441.0 1.0 45.0 3.0
Point 46 525.0 443.0 1.0 46.0 3.0
Point 47 527.0 441.0 1.0 47.0 3.0
Point 48 518.0 438.0 1.0 48.0 3.0
Point 49 521.0 440.0 1.0 49.0 3.0
Point 221 516.8333333333333 445.5 1.0 50.0 3.0
Point 51 519.0 446.0 1.0 51.0 3.0
Point 222 513.5 454.83333333333337 1.0 52.0 3.0
Point 53 514.0 453.0 1.0 53.0 3.0
Point 54 514.0 460.0 1.0 54.0 3.0
Point 55 522.0 450.0 1.0 55.0 3.0
Point 56 516.0 460.0 1.0 56.0 3.0
Point 57 510.0 465.0 1.0 57.0 3.0
Point 58 514.0 461.0 1.0 58.0 3.0
Point 59 519.0 449.0 1.0 59.0 3.0
Point 60 534.0 420.0 1.0 60.0 3.0
Point 61 532.0 424.0 1.0 61.0 3.0
Point 62 526.0 435.0 1.0 62.0 3.0
Point 63 524.0 448.0 1.0 63.0 3.0
Point 64 524.0 451.0 1.0 64.0 3.0
Point 65 525.0 441.0 1.0 65.0 3.0
Point 66 533.0 435.0 1.0 66.0 3.0
Point 67 533.0 436.0 1.0 67.0 3.0
Point 68 534.0 435.0 1.0 68.0 3.0
Point 69 536.0 418.0 1.0 69.0 3.0
Point 70 538.0 421.0 1.0 70.0 3.0
Point 71 544.0 420.0 1.0 71.0 3.0
Point 72 544.0 419.0 1.0 72.0 3.0
Point 73 546.0 416.0 1.0 73.0 3.0
Point 74 533.0 434.0 1.0 74.0 3.0
Point 75 528.0 439.0 1.0 75.0 3.0
Point 76 524.0 441.0 1.0 76.0 3.0
Point 77 526.0 442.0 1.0 77.0 3.0
Point 78 528.0 441.0 1.0 78.0 3.0
Point 79 525.0 446.0 1.0 79.0 3.0
Point 80 527.0 445.0 1.0 80.0 3.0
Point 81 526.0 441.0 1.0 81.0 3.0
Point 82 528.0 442.0 1.0 82.0 3.0
Point 83 530.0 444.0 1.0 83.0 3.0
Point 84 535.0 434.0 1.0 84.0 3.0
Point 85 535.0 436.0 1.0 85.0 3.0
Point 86 537.0 437.0 1.0 86.0 3.0
Point 87 535.0 439.0 1.0 87.0 3.0
Point 88 536.0 438.0 1.0 88.0 3.0
Point 89 541.0 434.0 1.0 89.0 3.0
Point 90 539.0 439.0 1.0 90.0 3.0
Point 91 536.0 438.0 1.0 91.0 3.0
Point 92 537.0 438.0 1.0 92.0 3.0
Point 93 537.0 441.0 1.0 93.0 3.0
Point 94 538.0 440.0 1.0 94.0 3.0
Point 95 539.0 439.0 1.0 95.0 3.0
Point 96 539.0 438.0 1.0 96.0 3.0
Point 97 539.0 442.0 1.0 97.0 3.0
Point 98 540.0 440.0 1.0 98.0 3.0
Point 99 535.0 439.0 1.0 99.0 3.0
Point 100 544.0 439.0 1.0 100.0 3.0
Point 101 543.0 435.0 1.0 101.0 3.0
Point 102 539.0 436.0 1.0 102.0 3.0
Point 103 535.0 437.0 1.0 103.0 3.0
Point 104 534.0 437.0 1.0 104.0 3.0
Point 105 537.0 433.0 1.0 105.0 3.0
Point 106 533.0 433.0 1.0 106.0 3.0
Point 107 527.0 429.0 1.0 107.0 3.0
Point 108 524.0 427.0 1.0 108.0 3.0
Point 109 524.0 430.0 1.0 109.0 3.0
Point 110 530.0 430.0 1.0 110.0 3.0
Point 111 526.0 430.0 1.0 111.0 3.0
Point 112 530.0 427.0 1.0 112.0 3.0
Point 113 522.0 429.0 1.0 113.0 3.0
Point 114 515.0 441.0 1.0 114.0 3.0
Point 115 523.0 433.0 1.0 115.0 3.0
Point 116 529.0 431.0 1.0 116.0 3.0
Point 117 526.0 434.0 1.0 117.0 3.0
Point 118 493.0 451.0 1.0 118.0 3.0
Point 119 490.0 449.0 1.0 119.0 3.0
Point 223 510.8333333333333 448.83333333333337 1.0 120.0 3.0
Point 224 510.1666666666667 449.5 1.0 121.0 3.0
Point 225 502.1666666666667 448.16666666666663 1.0 122.0 3.0
Point 226 509.5 448.16666666666663 1.0 123.0 3.0
Point 124 516.0 443.0 1.0 124.0 3.0
Point 125 519.0 442.0 1.0 125.0 3.0
Point 126 520.0 439.0 1.0 126.0 3.0
Point 127 514.0 441.0 1.0 127.0 3.0
Point 128 523.0 436.0 1.0 128.0 3.0
Point 129 527.0 439.0 1.0 129.0 3.0
Point 130 519.0 439.0 1.0 130.0 3.0
Point 131 519.0 439.0 1.0 131.0 3.0
Point 132 518.0 438.0 1.0 132.0 3.0
Point 133 519.0 437.0 1.0 133.0 3.0
Point 134 519.0 437.0 1.0 134.0 3.0
Point 135 520.0 437.0 1.0 135.0 3.0
Point 136 518.0 436.0 1.0 136.0 3.0
Point 137 524.0 438.0 1.0 137.0 3.0
Point 138 519.0 434.0 1.0 138.0 3.0
Point 139 517.0 435.0 1.0 139.0 3.0
Point 140 515.0 433.0 1.0 140.0 3.0
Point 227 522.8333333333333 432.16666666666663 1.0 141.0 3.0
Point 142 517.0 432.0 1.0 142.0 3.0
Point 143 513.0 432.0 1.0 143.0 3.0
Point 144 513.0 432.0 1.0 144.0 3.0
Point 228 514.8333333333333 429.5 1.0 145.0 3.0
Point 229 512.1666666666667 429.5 1.0 146.0 3.0
Point 147 511.0 433.0 1.0 147.0 3.0
Point 148 510.0 428.0 1.0 148.0 3.0
Point 149 515.0 426.0 1.0 149.0 3.0
Point 150 512.0 430.0 1.0 150.0 3.0
Point 151 514.0 428.0 1.0 151.0 3.0
Point 152 517.0 422.0 1.0 152.0 3.0
Point 230 512.1666666666667 425.5 1.0 153.0 3.0
Point 154 527.0 413.0 1.0 154.0 3.0
Point 155 534.0 410.0 1.0 155.0 3.0
Point 156 529.0 410.0 1.0 156.0 3.0
Point 157 527.0 414.0 1.0 157.0 3.0
Point 231 521.5 413.5 1.0 158.0 3.0
Point 232 515.5 415.5 1.0 159.0 3.0
Point 233 518.1666666666667 411.5 1.0 160.0 3.0
Point 234 513.5 415.5 1.0 161.0 3.0
Point 162 508.0 418.0 1.0 162.0 3.0
Point 163 507.0 419.0 1.0 163.0 3.0
Point 164 508.0 418.0 1.0 164.0 3.0
Point 165 508.0 420.0 1.0 165.0 3.0
Point 235 504.8333333333333 418.83333333333337 1.0 166.0 3.0
Point 236 510.1666666666667 414.16666666666663 1.0 167.0 3.0
Point 168 504.0 419.0 1.0 168.0 3.0
Point 169 510.0 415.0 1.0 169.0 3.0
Point 170 517.0 411.0 1.0 170.0 3.0
Point 171 505.0 416.0 1.0 171.0 3.0
Point 237 501.5 420.16666666666663 1.0 172.0 3.0
Point 238 508.1666666666667 413.5 1.0 173.0 3.0
Point 174 508.0 415.0 1.0 174.0 3.0
Point 175 505.0 417.0 1.0 175.0 3.0
Point 176 506.0 416.0 1.0 176.0 3.0
Point 177 505.0 417.0 1.0 177.0 3.0
Point 178 505.0 417.0 1.0 178.0 3.0
Point 179 509.0 414.0 1.0 179.0 3.0
Point 239 509.5 410.83333333333337 1.0 180.0 3.0
Point 181 507.0 415.0 1.0 181.0 3.0
Point 240 510.1666666666667 406.16666666666663 1.0 182.0 3.0
Point 241 508.8333333333333 410.83333333333337 1.0 183.0 3.0
Point 242 504.8333333333333 413.5 1.0 184.0 3.0
Point 243 508.1666666666667 410.83333333333337 1.0 185.0 3.0
Point 244 503.5 413.5 1.0 186.0 3.0
Point 187 507.0 412.0 1.0 187.0 3.0
Point 188 512.0 412.0 1.0 188.0 3.0
Point 245 504.8333333333333 412.16666666666663 1.0 189.0 3.0
Point 190 503.0 415.0 1.0 190.0 3.0
Point 191 505.0 422.0 1.0 191.0 3.0
Point 192 517.0 447.0 1.0 192.0 3.0
Point 193 520.0 456.0 1.0 193.0 3.0
Point 246 518.1666666666667 442.83333333333337 1.0 194.0 3.0
Point 247 519.5 438.83333333333337 1.0 195.0 3.0
Point 248 518.8333333333333 454.83333333333337 1.0 196.0 3.0
Point 249 518.1666666666667 446.16666666666663 1.0 197.0 3.0
Point 198 519.0 441.0 1.0 198.0 3.0
Point 199 513.0 435.0 1.0 199.0 3.0
Point 200 512.0 431.0 1.0 200.0 3.0
Point 250 514.1666666666667 424.16666666666663 1.0 201.0 3.0
Point 251 512.1666666666667 422.83333333333337 1.0 202.0 3.0
Point 252 511.5 422.83333333333337 1.0 203.0 3.0
Point 253 512.8333333333333 418.16666666666663 1.0 204.0 3.0
Point 254 509.5 416.83333333333337 1.0 205.0 3.0
Point 255 511.5 414.83333333333337 1.0 206.0 3.0
Point 256 509.5 417.5 1.0 207.0 3.0
Point 208 509.0 415.0 1.0 208.0 3.0
Point 257 511.5 416.83333333333337 1.0 209.0 3.0
Point 258 512.1666666666667 418.83333333333337 1.0 210.0 3.0
Point 259 514.1666666666667 416.83333333333337 1.0 211.0 3.0
Point 260 511.5 412.83333333333337 1.0 212.0 3.0
Point 261 515.5 408.83333333333337 1.0 213.0 3.0
Point 214 514.0 409.0 1.0 214.0 3.0
Point 215 513.0 412.0 1.0 215.0 3.0
Point 216 513.0 411.0 1.0 216.0 3.0
Point 262 511.5 414.16666666666663 1.0 217.0 3.0
Point 263 514.1666666666667 416.16666666666663 1.0 218.0 3.0
End of MTrackJ Data File
