MTrackJ 1.5.1 Data File
Displaying true true true 2 0 0 0 100 10 0 0 0 0 1 12 0 true true true false
Assembly 1 FF0000
Cluster 1 FF0000
Track 1 FF0000 true
Point 1 480.0 465.0 1.0 1.0 1.0
Point 2 480.0 467.0 1.0 2.0 1.0
Point 3 476.0 464.0 1.0 3.0 1.0
Point 4 469.0 464.0 1.0 4.0 1.0
Point 5 468.0 461.0 1.0 5.0 1.0
Point 6 468.0 461.0 1.0 6.0 1.0
Point 7 468.0 457.0 1.0 7.0 1.0
Point 8 467.0 457.0 1.0 8.0 1.0
Point 9 467.0 454.0 1.0 9.0 1.0
Point 10 466.0 454.0 1.0 10.0 1.0
Point 11 463.0 449.0 1.0 11.0 1.0
Point 12 464.0 451.0 1.0 12.0 1.0
Point 13 466.0 449.0 1.0 13.0 1.0
Point 14 466.0 449.0 1.0 14.0 1.0
Point 15 466.0 449.0 1.0 15.0 1.0
Point 16 466.0 449.0 1.0 16.0 1.0
Point 17 469.0 449.0 1.0 17.0 1.0
Point 18 469.0 449.0 1.0 18.0 1.0
Point 19 474.0 450.0 1.0 19.0 1.0
Point 20 474.0 450.0 1.0 20.0 1.0
Point 21 474.0 450.0 1.0 21.0 1.0
Point 22 474.0 449.0 1.0 22.0 1.0
Point 23 474.0 449.0 1.0 23.0 1.0
Point 24 475.0 447.0 1.0 24.0 1.0
Point 25 478.0 447.0 1.0 25.0 1.0
Point 26 479.0 451.0 1.0 26.0 1.0
Point 27 481.0 451.0 1.0 27.0 1.0
Track 2 FFFF00 true
Point 1 486.0 450.0 1.0 28.0 1.0
Point 2 486.0 450.0 1.0 29.0 1.0
Point 3 486.0 450.0 1.0 30.0 1.0
Point 4 488.0 454.0 1.0 31.0 1.0
Point 5 489.0 455.0 1.0 32.0 1.0
Point 6 489.0 454.0 1.0 33.0 1.0
Point 7 490.0 454.0 1.0 34.0 1.0
Point 8 492.0 454.0 1.0 35.0 1.0
Point 9 494.0 455.0 1.0 36.0 1.0
Point 10 494.0 456.0 1.0 37.0 1.0
Track 3 00FF00 true
Point 1 503.0 456.0 1.0 38.0 1.0
Point 2 502.0 455.0 1.0 39.0 1.0
Point 3 502.0 455.0 1.0 40.0 1.0
Track 4 00FFFF true
Point 1 503.0 455.0 1.0 41.0 1.0
Point 2 503.0 455.0 1.0 42.0 1.0
Point 3 503.0 455.0 1.0 43.0 1.0
Point 4 503.0 455.0 1.0 44.0 1.0
Point 5 503.0 455.0 1.0 45.0 1.0
Point 6 505.0 455.0 1.0 46.0 1.0
Point 7 506.0 455.0 1.0 47.0 1.0
Point 8 506.0 455.0 1.0 48.0 1.0
Point 9 506.0 455.0 1.0 49.0 1.0
Point 10 506.0 455.0 1.0 50.0 1.0
Point 11 507.0 455.0 1.0 51.0 1.0
Point 12 508.0 454.0 1.0 52.0 1.0
Point 13 508.0 454.0 1.0 53.0 1.0
Point 14 508.0 454.0 1.0 54.0 1.0
Point 15 512.0 454.0 1.0 55.0 1.0
Point 16 513.0 455.0 1.0 56.0 1.0
Point 17 513.0 455.0 1.0 57.0 1.0
Point 18 513.0 455.0 1.0 58.0 1.0
Track 5 0000FF true
Point 1 515.0 455.0 1.0 59.0 1.0
Point 2 516.0 455.0 1.0 60.0 1.0
Point 3 517.0 454.0 1.0 61.0 1.0
Track 6 FF00FF true
Point 1 517.0 455.0 1.0 62.0 1.0
Point 2 520.0 455.0 1.0 63.0 1.0
Point 3 521.0 456.0 1.0 64.0 1.0
Track 7 FF9900 true
Point 1 522.0 456.0 1.0 65.0 1.0
Point 2 523.0 456.0 1.0 66.0 1.0
Point 3 523.0 456.0 1.0 67.0 1.0
Track 8 8B05BE true
Point 1 523.0 456.0 1.0 68.0 1.0
Point 2 523.0 456.0 1.0 69.0 1.0
Point 3 526.0 455.0 1.0 70.0 1.0
Track 9 008B42 true
Point 1 527.0 458.0 1.0 71.0 1.0
Point 2 528.0 458.0 1.0 72.0 1.0
Point 3 529.0 458.0 1.0 73.0 1.0
Point 4 532.0 461.0 1.0 74.0 1.0
Track 10 FFD18B true
Point 1 530.0 457.0 1.0 75.0 1.0
Point 2 530.0 457.0 1.0 76.0 1.0
Point 3 530.0 457.0 1.0 77.0 1.0
Track 11 00388B true
Point 1 531.0 457.0 1.0 78.0 1.0
Point 2 532.0 456.0 1.0 79.0 1.0
Point 3 532.0 457.0 1.0 80.0 1.0
Track 12 D6FF8B true
Point 1 532.0 457.0 1.0 81.0 1.0
Point 2 533.0 457.0 1.0 82.0 1.0
Point 3 534.0 457.0 1.0 83.0 1.0
Point 4 535.0 459.0 1.0 84.0 1.0
Point 5 537.0 460.0 1.0 85.0 1.0
Point 6 541.0 461.0 1.0 86.0 1.0
Point 7 542.0 461.0 1.0 87.0 1.0
Point 8 541.0 459.0 1.0 88.0 1.0
Point 9 540.0 458.0 1.0 89.0 1.0
Point 10 540.0 457.0 1.0 90.0 1.0
Track 13 BE0521 true
Point 1 540.0 457.0 1.0 91.0 1.0
Track 14 FF8B9C true
Point 1 542.0 457.0 1.0 92.0 1.0
Track 15 8B6E00 true
Point 1 542.0 457.0 1.0 93.0 1.0
Point 2 543.0 456.0 1.0 94.0 1.0
Point 3 545.0 456.0 1.0 95.0 1.0
Point 4 545.0 456.0 1.0 96.0 1.0
Point 5 544.0 456.0 1.0 97.0 1.0
Point 6 545.0 456.0 1.0 98.0 1.0
Point 7 545.0 456.0 1.0 99.0 1.0
Point 8 545.0 456.0 1.0 100.0 1.0
Point 9 545.0 456.0 1.0 101.0 1.0
Point 10 545.0 456.0 1.0 102.0 1.0
Track 16 AC55F7 true
Point 1 544.0 456.0 1.0 103.0 1.0
Point 2 544.0 455.0 1.0 104.0 1.0
Point 3 544.0 455.0 1.0 105.0 1.0
Point 4 544.0 454.0 1.0 106.0 1.0
Point 5 545.0 454.0 1.0 107.0 1.0
Point 6 545.0 454.0 1.0 108.0 1.0
Point 7 545.0 454.0 1.0 109.0 1.0
Point 8 545.0 454.0 1.0 110.0 1.0
Point 9 545.0 454.0 1.0 111.0 1.0
Point 10 545.0 454.0 1.0 112.0 1.0
Point 11 545.0 454.0 1.0 113.0 1.0
Point 12 545.0 454.0 1.0 114.0 1.0
Point 13 544.0 454.0 1.0 115.0 1.0
Point 14 544.0 452.0 1.0 116.0 1.0
Track 17 ABFF8B true
Point 1 543.0 451.0 1.0 117.0 1.0
Point 2 543.0 451.0 1.0 118.0 1.0
Point 3 544.0 450.0 1.0 119.0 1.0
Point 4 541.0 449.0 1.0 120.0 1.0
Point 5 541.0 448.0 1.0 121.0 1.0
Point 6 539.0 447.0 1.0 122.0 1.0
Track 18 008B76 true
Point 1 540.0 446.0 1.0 123.0 1.0
Point 2 540.0 446.0 1.0 124.0 1.0
Point 3 540.0 446.0 1.0 125.0 1.0
Track 19 A0BE05 true
Point 1 540.0 445.0 1.0 126.0 1.0
Point 2 540.0 444.0 1.0 127.0 1.0
Point 3 540.0 444.0 1.0 128.0 1.0
Track 20 FF6900 true
Point 1 540.0 444.0 1.0 129.0 1.0
Track 21 BE0589 true
Point 1 541.0 444.0 1.0 130.0 1.0
Track 22 5577F7 true
Point 1 541.0 443.0 1.0 131.0 1.0
Point 2 541.0 443.0 1.0 132.0 1.0
Point 3 541.0 443.0 1.0 133.0 1.0
Track 23 00FF79 true
Point 1 541.0 443.0 1.0 134.0 1.0
Point 2 541.0 443.0 1.0 135.0 1.0
Point 3 542.0 443.0 1.0 136.0 1.0
Track 24 F79855 true
Point 1 542.0 443.0 1.0 137.0 1.0
Track 25 8B0063 true
Point 1 542.0 443.0 1.0 138.0 1.0
Point 2 543.0 442.0 1.0 139.0 1.0
Point 3 544.0 441.0 1.0 140.0 1.0
Track 26 8BB9FF true
Point 1 545.0 441.0 1.0 141.0 1.0
Point 2 544.0 441.0 1.0 142.0 1.0
Point 3 543.0 442.0 1.0 143.0 1.0
Track 27 8B3900 true
Point 1 541.0 442.0 1.0 144.0 1.0
Point 2 541.0 440.0 1.0 145.0 1.0
Point 3 540.0 440.0 1.0 146.0 1.0
Track 28 A6FF00 true
Point 1 539.0 438.0 1.0 147.0 1.0
Track 29 6905BE true
Point 1 541.0 437.0 1.0 148.0 1.0
Point 2 542.0 436.0 1.0 149.0 1.0
Point 3 542.0 436.0 1.0 150.0 1.0
Point 4 541.0 437.0 1.0 151.0 1.0
Point 5 540.0 438.0 1.0 152.0 1.0
Track 30 F58BFF true
Point 1 539.0 439.0 1.0 153.0 1.0
Point 2 539.0 439.0 1.0 154.0 1.0
Point 3 539.0 439.0 1.0 155.0 1.0
Point 4 537.0 437.0 1.0 156.0 1.0
Point 5 536.0 437.0 1.0 157.0 1.0
Track 31 8BFFEE true
Point 1 536.0 436.0 1.0 158.0 1.0
Point 2 535.0 436.0 1.0 159.0 1.0
Point 3 535.0 436.0 1.0 160.0 1.0
Track 32 268B00 true
Point 1 534.0 435.0 1.0 161.0 1.0
Point 2 534.0 435.0 1.0 162.0 1.0
Point 3 533.0 432.0 1.0 163.0 1.0
Point 4 533.0 432.0 1.0 164.0 1.0
Point 5 533.0 432.0 1.0 165.0 1.0
Track 33 FFFC8B true
Point 1 533.0 432.0 1.0 166.0 1.0
Track 34 BE5205 true
Point 1 534.0 432.0 1.0 167.0 1.0
Point 2 534.0 432.0 1.0 168.0 1.0
Point 3 535.0 429.0 1.0 169.0 1.0
Point 4 535.0 429.0 1.0 170.0 1.0
Point 5 535.0 429.0 1.0 171.0 1.0
Track 35 054FBE true
Point 1 532.0 426.0 1.0 172.0 1.0
Point 2 531.0 425.0 1.0 173.0 1.0
Point 3 530.0 423.0 1.0 174.0 1.0
Point 4 530.0 423.0 1.0 175.0 1.0
Point 5 530.0 423.0 1.0 176.0 1.0
Point 6 530.0 423.0 1.0 177.0 1.0
Point 7 530.0 423.0 1.0 178.0 1.0
Track 36 7F008B true
Point 1 530.0 423.0 1.0 179.0 1.0
Point 2 530.0 423.0 1.0 180.0 1.0
Point 3 530.0 423.0 1.0 181.0 1.0
Track 37 F7556D true
Point 1 530.0 423.0 1.0 182.0 1.0
Point 2 530.0 423.0 1.0 183.0 1.0
Point 3 530.0 423.0 1.0 184.0 1.0
Track 38 31008B true
Point 1 530.0 422.0 1.0 185.0 1.0
Track 39 81F755 true
Point 1 530.0 422.0 1.0 186.0 1.0
Point 2 531.0 422.0 1.0 187.0 1.0
Point 3 531.0 421.0 1.0 188.0 1.0
Track 40 F7F355 true
Point 1 532.0 421.0 1.0 189.0 1.0
Point 2 532.0 420.0 1.0 190.0 1.0
Point 3 532.0 420.0 1.0 191.0 1.0
Point 4 532.0 420.0 1.0 192.0 1.0
Point 5 532.0 420.0 1.0 193.0 1.0
Point 6 532.0 420.0 1.0 194.0 1.0
Track 41 8B0015 true
Point 1 532.0 419.0 1.0 195.0 1.0
Point 2 532.0 419.0 1.0 196.0 1.0
Point 3 532.0 419.0 1.0 197.0 1.0
Track 42 F755C8 true
Point 1 532.0 419.0 1.0 198.0 1.0
Point 2 532.0 419.0 1.0 199.0 1.0
Point 3 532.0 419.0 1.0 200.0 1.0
Point 4 531.0 418.0 1.0 201.0 1.0
Track 43 8B8EFF true
Point 1 530.0 417.0 1.0 202.0 1.0
Point 2 530.0 417.0 1.0 203.0 1.0
Point 3 530.0 417.0 1.0 204.0 1.0
Track 44 748B00 true
Point 1 531.0 418.0 1.0 205.0 1.0
Point 2 531.0 418.0 1.0 206.0 1.0
Point 3 532.0 418.0 1.0 207.0 1.0
Track 45 BE7405 true
Point 1 532.0 418.0 1.0 208.0 1.0
Point 2 532.0 418.0 1.0 209.0 1.0
Point 3 532.0 418.0 1.0 210.0 1.0
Track 46 CA55F7 true
Point 1 532.0 418.0 1.0 211.0 1.0
Track 47 0096FF true
Point 1 533.0 417.0 1.0 212.0 1.0
Point 2 533.0 416.0 1.0 213.0 1.0
Point 3 533.0 416.0 1.0 214.0 1.0
Point 4 533.0 416.0 1.0 215.0 1.0
Point 5 533.0 416.0 1.0 216.0 1.0
Point 6 534.0 416.0 1.0 217.0 1.0
Point 7 534.0 415.0 1.0 218.0 1.0
End of MTrackJ Data File
