MTrackJ 1.5.1 Data File
Displaying false true true 2 2 0 0 95 80 0 0 0 0 1 10 0 false true true false
Assembly 1 FF0000
Cluster 1 FF0000
Track 1 FF0000 true
Point 1 482.16666666666663 1014.1666666666667 1.0 1.0 1.0
Point 2 481.5 1011.5 1.0 2.0 1.0
Point 3 479.5 1010.1666666666666 1.0 3.0 1.0
Point 4 480.83333333333337 1007.5 1.0 4.0 1.0
Point 5 480.83333333333337 1004.1666666666666 1.0 5.0 1.0
Point 6 479.5 1000.8333333333334 1.0 6.0 1.0
Point 7 481.5 1002.1666666666666 1.0 7.0 1.0
Point 8 483.5 1001.5 1.0 8.0 1.0
Point 9 483.5 1000.1666666666666 1.0 9.0 1.0
Point 10 486.16666666666663 1002.8333333333334 1.0 10.0 1.0
Point 11 486.83333333333337 1003.5 1.0 11.0 1.0
Point 12 489.5 1005.5 1.0 12.0 1.0
Point 13 490.83333333333337 1004.1666666666666 1.0 13.0 1.0
Point 14 491.5 1002.8333333333334 1.0 14.0 1.0
Point 15 490.83333333333337 1000.8333333333334 1.0 15.0 1.0
Point 16 490.16666666666663 1000.8333333333334 1.0 16.0 1.0
Point 17 487.5 1000.8333333333334 1.0 17.0 1.0
Point 18 487.5 999.5 1.0 18.0 1.0
Point 19 489.5 998.8333333333334 1.0 19.0 1.0
Point 20 489.5 1000.1666666666666 1.0 20.0 1.0
Point 21 492.83333333333337 1002.1666666666666 1.0 21.0 1.0
Point 22 493.5 1004.8333333333334 1.0 22.0 1.0
Point 23 495.5 1004.8333333333334 1.0 23.0 1.0
Point 24 496.16666666666663 1002.8333333333334 1.0 24.0 1.0
Point 25 494.83333333333337 1001.5 1.0 25.0 1.0
Point 26 494.83333333333337 1001.5 1.0 26.0 1.0
Point 27 494.83333333333337 998.1666666666666 1.0 27.0 1.0
Point 28 495.5 995.5 1.0 28.0 1.0
Point 29 495.5 994.1666666666666 1.0 29.0 1.0
Point 30 494.83333333333337 993.5 1.0 30.0 1.0
Point 32 498.83333333333337 992.8333333333334 1.0 31.0 1.0
Point 33 497.5 993.5 1.0 32.0 1.0
Point 34 496.83333333333337 992.1666666666666 1.0 33.0 1.0
Point 35 495.5 990.8333333333334 1.0 34.0 1.0
Point 36 495.5 988.1666666666666 1.0 35.0 1.0
Point 37 495.5 986.8333333333334 1.0 36.0 1.0
Point 38 495.5 986.1666666666666 1.0 37.0 1.0
Point 39 495.5 988.8333333333334 1.0 38.0 1.0
Point 40 496.16666666666663 988.1666666666666 1.0 39.0 1.0
Point 41 496.83333333333337 990.1666666666666 1.0 40.0 1.0
Point 42 497.5 988.1666666666666 1.0 41.0 1.0
Point 43 497.5 985.5 1.0 42.0 1.0
Point 44 498.16666666666663 985.5 1.0 43.0 1.0
Point 45 498.16666666666663 983.5 1.0 44.0 1.0
Point 46 499.5 986.1666666666666 1.0 45.0 1.0
Point 47 500.16666666666663 986.8333333333334 1.0 46.0 1.0
Point 48 500.16666666666663 990.1666666666666 1.0 47.0 1.0
Point 49 498.16666666666663 990.8333333333334 1.0 48.0 1.0
Point 50 497.5 989.5 1.0 49.0 1.0
Point 51 496.83333333333337 988.8333333333334 1.0 50.0 1.0
Point 52 496.83333333333337 988.8333333333334 1.0 51.0 1.0
Point 53 496.83333333333337 988.8333333333334 1.0 52.0 1.0
Point 54 496.16666666666663 988.8333333333334 1.0 53.0 1.0
Point 55 496.83333333333337 988.8333333333334 1.0 54.0 1.0
Point 56 497.5 990.8333333333334 1.0 55.0 1.0
Point 57 497.5 990.8333333333334 1.0 56.0 1.0
Point 58 500.16666666666663 982.8333333333334 1.0 57.0 1.0
Point 59 498.83333333333337 984.1666666666666 1.0 58.0 1.0
Point 60 498.83333333333337 984.8333333333334 1.0 59.0 1.0
Point 61 498.83333333333337 982.1666666666666 1.0 60.0 1.0
Point 62 498.83333333333337 984.1666666666666 1.0 61.0 1.0
Point 63 498.83333333333337 985.5 1.0 62.0 1.0
Point 64 499.5 984.1666666666666 1.0 63.0 1.0
Point 65 501.5 982.8333333333334 1.0 64.0 1.0
Point 66 500.83333333333337 981.5 1.0 65.0 1.0
Point 67 504.16666666666663 981.5 1.0 66.0 1.0
Point 68 503.5 978.1666666666666 1.0 67.0 1.0
Point 69 504.16666666666663 980.8333333333334 1.0 68.0 1.0
Point 70 504.16666666666663 980.1666666666666 1.0 69.0 1.0
Point 71 502.83333333333337 981.5 1.0 70.0 1.0
Point 72 501.5 980.1666666666666 1.0 71.0 1.0
Point 73 497.5 974.1666666666666 1.0 72.0 1.0
Point 74 492.16666666666663 966.8333333333334 1.0 73.0 1.0
Point 75 496.16666666666663 970.8333333333334 1.0 74.0 1.0
Point 76 495.5 967.5 1.0 75.0 1.0
Point 77 495.5 967.5 1.0 76.0 1.0
Point 78 495.5 967.5 1.0 77.0 1.0
Point 79 488.16666666666663 961.5 1.0 78.0 1.0
Point 80 489.5 960.8333333333334 1.0 79.0 1.0
Point 81 490.16666666666663 960.1666666666666 1.0 80.0 1.0
Point 82 488.83333333333337 958.1666666666666 1.0 81.0 1.0
Point 83 488.16666666666663 956.8333333333334 1.0 82.0 1.0
Point 84 485.5 955.5 1.0 83.0 1.0
Point 85 484.16666666666663 956.1666666666666 1.0 84.0 1.0
Point 86 486.83333333333337 956.8333333333334 1.0 85.0 1.0
Point 87 490.16666666666663 958.1666666666666 1.0 86.0 1.0
Point 88 489.5 956.1666666666666 1.0 87.0 1.0
Point 89 486.16666666666663 954.8333333333334 1.0 88.0 1.0
Point 90 484.83333333333337 953.5 1.0 89.0 1.0
Point 91 483.5 952.8333333333334 1.0 90.0 1.0
Point 92 480.16666666666663 952.8333333333334 1.0 91.0 1.0
Point 93 473.5 952.1666666666666 1.0 92.0 1.0
Point 94 471.5 946.8333333333334 1.0 93.0 1.0
Point 95 472.16666666666663 947.5 1.0 94.0 1.0
Point 96 470.83333333333337 946.1666666666666 1.0 95.0 1.0
Point 97 472.83333333333337 947.5 1.0 96.0 1.0
Point 98 474.83333333333337 950.1666666666666 1.0 97.0 1.0
Point 99 476.16666666666663 948.8333333333334 1.0 98.0 1.0
Point 100 473.5 946.1666666666666 1.0 99.0 1.0
Point 101 474.83333333333337 947.5 1.0 100.0 1.0
Point 102 474.83333333333337 947.5 1.0 101.0 1.0
Point 103 475.5 948.1666666666666 1.0 102.0 1.0
Point 104 476.83333333333337 948.1666666666666 1.0 103.0 1.0
Point 105 476.83333333333337 948.1666666666666 1.0 104.0 1.0
Point 106 476.83333333333337 948.1666666666666 1.0 105.0 1.0
Point 107 477.5 948.1666666666666 1.0 106.0 1.0
Point 108 477.5 948.1666666666666 1.0 107.0 1.0
Point 109 476.16666666666663 946.8333333333334 1.0 108.0 1.0
Point 110 474.16666666666663 946.1666666666666 1.0 109.0 1.0
Point 111 474.83333333333337 946.1666666666666 1.0 110.0 1.0
Point 112 473.5 944.8333333333334 1.0 111.0 1.0
Point 113 475.5 945.5 1.0 112.0 1.0
Point 114 477.5 946.8333333333334 1.0 113.0 1.0
Point 115 477.5 946.8333333333334 1.0 114.0 1.0
Point 116 477.5 946.8333333333334 1.0 115.0 1.0
Point 117 477.5 944.1666666666666 1.0 116.0 1.0
Point 118 479.5 945.5 1.0 117.0 1.0
Point 119 482.16666666666663 947.5 1.0 118.0 1.0
Point 120 484.16666666666663 946.8333333333334 1.0 119.0 1.0
Point 121 490.16666666666663 946.8333333333334 1.0 120.0 1.0
Point 122 487.5 945.5 1.0 121.0 1.0
Point 123 484.83333333333337 944.8333333333334 1.0 122.0 1.0
Point 124 490.16666666666663 946.1666666666666 1.0 123.0 1.0
Point 125 490.83333333333337 946.8333333333334 1.0 124.0 1.0
Point 126 490.16666666666663 946.1666666666666 1.0 125.0 1.0
Point 127 490.16666666666663 946.1666666666666 1.0 126.0 1.0
Point 128 486.83333333333337 942.8333333333334 1.0 127.0 1.0
Point 129 484.16666666666663 940.8333333333334 1.0 128.0 1.0
Point 130 482.83333333333337 941.5 1.0 129.0 1.0
Point 131 484.16666666666663 943.5 1.0 130.0 1.0
Point 132 482.83333333333337 941.5 1.0 131.0 1.0
Point 133 481.5 940.1666666666666 1.0 132.0 1.0
Point 134 485.5 942.8333333333334 1.0 133.0 1.0
Point 135 483.5 940.1666666666666 1.0 134.0 1.0
Point 136 484.83333333333337 942.1666666666666 1.0 135.0 1.0
Point 137 483.5 941.5 1.0 136.0 1.0
Point 138 484.83333333333337 942.1666666666666 1.0 137.0 1.0
Point 139 488.16666666666663 942.8333333333334 1.0 138.0 1.0
Point 140 488.16666666666663 942.8333333333334 1.0 139.0 1.0
Point 141 490.16666666666663 943.5 1.0 140.0 1.0
Point 142 492.16666666666663 944.1666666666666 1.0 141.0 1.0
Point 143 488.83333333333337 942.1666666666666 1.0 142.0 1.0
Point 144 490.16666666666663 942.8333333333334 1.0 143.0 1.0
Point 145 488.83333333333337 940.1666666666666 1.0 144.0 1.0
Point 146 489.5 942.1666666666666 1.0 145.0 1.0
Point 147 492.83333333333337 942.8333333333334 1.0 146.0 1.0
Point 148 495.5 943.5 1.0 147.0 1.0
Point 149 497.5 943.5 1.0 148.0 1.0
Point 150 496.16666666666663 941.5 1.0 149.0 1.0
Point 151 494.83333333333337 941.5 1.0 150.0 1.0
Point 152 494.16666666666663 939.5 1.0 151.0 1.0
Point 153 490.83333333333337 938.1666666666666 1.0 152.0 1.0
Point 154 493.5 940.1666666666666 1.0 153.0 1.0
Point 155 497.5 942.8333333333334 1.0 154.0 1.0
Point 156 498.83333333333337 941.5 1.0 155.0 1.0
Point 157 498.83333333333337 942.1666666666666 1.0 156.0 1.0
Point 158 499.5 942.8333333333334 1.0 157.0 1.0
Point 159 500.16666666666663 942.8333333333334 1.0 158.0 1.0
Point 160 501.5 944.1666666666666 1.0 159.0 1.0
Point 161 500.16666666666663 941.5 1.0 160.0 1.0
Point 162 500.83333333333337 942.8333333333334 1.0 161.0 1.0
Point 163 499.5 941.5 1.0 162.0 1.0
Point 164 499.5 942.1666666666666 1.0 163.0 1.0
Point 165 500.16666666666663 942.1666666666666 1.0 164.0 1.0
Point 166 498.83333333333337 940.8333333333334 1.0 165.0 1.0
Point 167 498.16666666666663 938.1666666666666 1.0 166.0 1.0
Point 168 497.5 937.5 1.0 167.0 1.0
Point 169 494.83333333333337 936.8333333333334 1.0 168.0 1.0
Point 170 492.83333333333337 936.1666666666666 1.0 169.0 1.0
Point 171 490.83333333333337 934.8333333333334 1.0 170.0 1.0
Point 172 488.83333333333337 934.1666666666666 1.0 171.0 1.0
Point 173 483.5 930.1666666666666 1.0 172.0 1.0
Point 174 480.83333333333337 929.5 1.0 173.0 1.0
Point 175 478.83333333333337 926.8333333333334 1.0 174.0 1.0
Point 176 477.5 926.1666666666666 1.0 175.0 1.0
Point 177 478.16666666666663 925.5 1.0 176.0 1.0
Point 178 476.16666666666663 924.1666666666666 1.0 177.0 1.0
Point 179 475.5 923.5 1.0 178.0 1.0
Point 180 474.83333333333337 921.5 1.0 179.0 1.0
Point 181 475.5 922.8333333333334 1.0 180.0 1.0
Point 182 478.16666666666663 923.5 1.0 181.0 1.0
Point 183 478.16666666666663 923.5 1.0 182.0 1.0
Point 184 478.83333333333337 925.5 1.0 183.0 1.0
Point 185 480.16666666666663 925.5 1.0 184.0 1.0
Point 186 482.83333333333337 926.1666666666666 1.0 185.0 1.0
Point 187 484.83333333333337 927.5 1.0 186.0 1.0
Point 188 484.83333333333337 926.8333333333334 1.0 187.0 1.0
Point 189 484.83333333333337 925.5 1.0 188.0 1.0
Point 190 485.5 926.8333333333334 1.0 189.0 1.0
Point 191 485.5 926.8333333333334 1.0 190.0 1.0
Point 192 484.83333333333337 927.5 1.0 191.0 1.0
Point 193 482.83333333333337 926.1666666666666 1.0 192.0 1.0
Point 194 482.83333333333337 926.1666666666666 1.0 193.0 1.0
Point 195 484.16666666666663 926.8333333333334 1.0 194.0 1.0
Point 196 484.83333333333337 928.1666666666666 1.0 195.0 1.0
Point 197 482.83333333333337 924.1666666666666 1.0 196.0 1.0
Point 198 481.5 922.8333333333334 1.0 197.0 1.0
Point 199 483.5 922.8333333333334 1.0 198.0 1.0
Point 200 484.83333333333337 924.8333333333334 1.0 199.0 1.0
Point 201 486.16666666666663 925.5 1.0 200.0 1.0
End of MTrackJ Data File
