MTrackJ 1.5.1 Data File
Displaying false true true 1 2 0 0 95 8 0 0 0 0 1 10 0 false true true false
Assembly 1 FF0000
Cluster 1 FF0000
Track 1 FF0000 true
Point 1 481.0 1010.0 1.0 1.0 1.0
Point 2 480.0 1007.0 1.0 2.0 1.0
Point 3 482.0 1013.0 1.0 3.0 1.0
Point 4 480.0 1008.0 1.0 4.0 1.0
Point 5 480.0 1011.0 1.0 5.0 1.0
Point 6 489.0 1003.0 1.0 6.0 1.0
Point 7 494.0 1005.0 1.0 7.0 1.0
Point 8 496.0 1006.0 1.0 8.0 1.0
Point 9 494.0 1017.0 1.0 9.0 1.0
Point 10 499.0 1022.0 1.0 10.0 1.0
Point 11 490.0 1021.0 1.0 11.0 1.0
Point 12 484.0 1013.0 1.0 12.0 1.0
Point 13 482.0 1025.0 1.0 13.0 1.0
Point 14 495.0 1019.0 1.0 14.0 1.0
Point 15 503.0 1028.0 1.0 15.0 1.0
Point 16 508.0 1029.0 1.0 16.0 1.0
Point 17 501.0 1021.0 1.0 17.0 1.0
Point 18 505.0 1024.0 1.0 18.0 1.0
Point 19 511.0 1026.0 1.0 19.0 1.0
Point 20 511.0 1028.0 1.0 20.0 1.0
Point 21 496.0 1003.0 1.0 21.0 1.0
Point 22 502.0 1011.0 1.0 22.0 1.0
Point 23 503.0 1007.0 1.0 23.0 1.0
Point 24 507.0 1007.0 1.0 24.0 1.0
Point 25 504.0 1003.0 1.0 25.0 1.0
Point 26 501.0 998.0 1.0 26.0 1.0
Point 27 510.0 993.0 1.0 27.0 1.0
Point 28 509.0 993.0 1.0 28.0 1.0
Point 29 494.0 988.0 1.0 29.0 1.0
Point 30 502.0 999.0 1.0 30.0 1.0
Point 31 505.0 1008.0 1.0 31.0 1.0
Point 32 482.0 982.0 1.0 32.0 1.0
Point 33 495.0 984.0 1.0 33.0 1.0
Point 34 499.0 992.0 1.0 34.0 1.0
Point 35 485.0 981.0 1.0 35.0 1.0
Point 36 483.0 970.0 1.0 36.0 1.0
Point 37 496.0 983.0 1.0 37.0 1.0
Point 38 504.0 986.0 1.0 38.0 1.0
Point 39 515.0 983.0 1.0 39.0 1.0
Point 40 506.0 990.0 1.0 40.0 1.0
Point 41 504.0 988.0 1.0 41.0 1.0
Point 42 504.0 992.0 1.0 42.0 1.0
Point 43 504.0 997.0 1.0 43.0 1.0
Point 44 509.0 1006.0 1.0 44.0 1.0
Point 45 501.0 995.0 1.0 45.0 1.0
Point 46 490.0 988.0 1.0 46.0 1.0
Point 47 486.0 1001.0 1.0 47.0 1.0
Point 48 484.0 989.0 1.0 48.0 1.0
Point 49 485.0 987.0 1.0 49.0 1.0
Point 50 485.0 985.0 1.0 50.0 1.0
Point 51 485.0 977.0 1.0 51.0 1.0
Point 52 484.0 985.0 1.0 52.0 1.0
Point 53 484.0 979.0 1.0 53.0 1.0
Point 54 486.0 979.0 1.0 54.0 1.0
Point 55 475.0 968.0 1.0 55.0 1.0
Point 56 484.0 978.0 1.0 56.0 1.0
Point 57 487.0 979.0 1.0 57.0 1.0
Point 58 488.0 980.0 1.0 58.0 1.0
Point 59 486.0 982.0 1.0 59.0 1.0
Point 60 487.0 986.0 1.0 60.0 1.0
Point 61 487.0 990.0 1.0 61.0 1.0
Point 62 489.0 981.0 1.0 62.0 1.0
Point 63 488.0 975.0 1.0 63.0 1.0
Point 64 485.0 971.0 1.0 64.0 1.0
Point 65 505.0 983.0 1.0 65.0 1.0
Point 66 495.0 979.0 1.0 66.0 1.0
Point 67 500.0 986.0 1.0 67.0 1.0
Point 68 500.0 981.0 1.0 68.0 1.0
Point 69 512.0 987.0 1.0 69.0 1.0
Point 70 513.0 988.0 1.0 70.0 1.0
Point 71 487.0 969.0 1.0 71.0 1.0
Point 72 473.0 957.0 1.0 72.0 1.0
Point 73 469.0 958.0 1.0 73.0 1.0
Point 74 478.0 959.0 1.0 74.0 1.0
Point 75 468.0 951.0 1.0 75.0 1.0
Point 76 472.0 958.0 1.0 76.0 1.0
Point 77 460.0 951.0 1.0 77.0 1.0
Point 78 462.0 957.0 1.0 78.0 1.0
Point 79 459.0 959.0 1.0 79.0 1.0
Point 80 454.0 953.0 1.0 80.0 1.0
Point 81 453.0 946.0 1.0 81.0 1.0
Point 82 453.0 946.0 1.0 82.0 1.0
Point 83 455.0 953.0 1.0 83.0 1.0
Point 84 455.0 953.0 1.0 84.0 1.0
Point 85 455.0 954.0 1.0 85.0 1.0
Point 86 456.0 958.0 1.0 86.0 1.0
Point 87 453.0 954.0 1.0 87.0 1.0
Point 88 450.0 954.0 1.0 88.0 1.0
Point 89 448.0 955.0 1.0 89.0 1.0
Point 90 441.0 939.0 1.0 90.0 1.0
Point 91 444.0 940.0 1.0 91.0 1.0
Point 92 450.0 949.0 1.0 92.0 1.0
Point 93 448.0 952.0 1.0 93.0 1.0
Point 94 446.0 949.0 1.0 94.0 1.0
Point 95 437.0 935.0 1.0 95.0 1.0
Point 96 444.0 941.0 1.0 96.0 1.0
Point 97 443.0 940.0 1.0 97.0 1.0
Point 98 442.0 942.0 1.0 98.0 1.0
Point 99 447.0 957.0 1.0 99.0 1.0
Point 100 447.0 956.0 1.0 100.0 1.0
Point 101 449.0 958.0 1.0 101.0 1.0
Point 102 450.0 966.0 1.0 102.0 1.0
Point 103 447.0 963.0 1.0 103.0 1.0
Point 104 445.0 954.0 1.0 104.0 1.0
Point 105 454.0 962.0 1.0 105.0 1.0
Point 106 447.0 959.0 1.0 106.0 1.0
Point 107 448.0 964.0 1.0 107.0 1.0
Point 108 449.0 966.0 1.0 108.0 1.0
Point 109 449.0 960.0 1.0 109.0 1.0
Point 110 452.0 958.0 1.0 110.0 1.0
Point 111 452.0 964.0 1.0 111.0 1.0
Point 112 449.0 960.0 1.0 112.0 1.0
Point 113 454.0 964.0 1.0 113.0 1.0
Point 114 450.0 963.0 1.0 114.0 1.0
Point 115 457.0 954.0 1.0 115.0 1.0
Point 116 450.0 957.0 1.0 116.0 1.0
Point 117 460.0 952.0 1.0 117.0 1.0
Point 118 456.0 955.0 1.0 118.0 1.0
Point 119 454.0 954.0 1.0 119.0 1.0
Point 120 455.0 953.0 1.0 120.0 1.0
Point 121 440.0 973.0 1.0 121.0 1.0
Point 122 447.0 958.0 1.0 122.0 1.0
Point 123 450.0 954.0 1.0 123.0 1.0
Point 124 453.0 952.0 1.0 124.0 1.0
Point 125 458.0 950.0 1.0 125.0 1.0
Point 126 455.0 949.0 1.0 126.0 1.0
Point 127 453.0 953.0 1.0 127.0 1.0
Point 128 455.0 955.0 1.0 128.0 1.0
Point 129 437.0 977.0 1.0 129.0 1.0
Point 130 451.0 959.0 1.0 130.0 1.0
Point 131 456.0 951.0 1.0 131.0 1.0
Point 132 457.0 955.0 1.0 132.0 1.0
Point 133 457.0 951.0 1.0 133.0 1.0
Point 134 459.0 955.0 1.0 134.0 1.0
Point 135 460.0 950.0 1.0 135.0 1.0
Point 136 449.0 961.0 1.0 136.0 1.0
Point 137 450.0 957.0 1.0 137.0 1.0
Point 138 451.0 961.0 1.0 138.0 1.0
Point 139 464.0 952.0 1.0 139.0 1.0
Point 140 449.0 960.0 1.0 140.0 1.0
Point 142 450.0 958.0 1.0 141.0 1.0
Point 143 459.0 951.0 1.0 142.0 1.0
Point 144 449.0 951.0 1.0 143.0 1.0
Point 145 452.0 959.0 1.0 144.0 1.0
Point 146 452.0 957.0 1.0 145.0 1.0
Point 147 470.0 947.0 1.0 146.0 1.0
Point 148 490.0 952.0 1.0 147.0 1.0
Point 149 485.0 947.0 1.0 148.0 1.0
Point 150 456.0 953.0 1.0 149.0 1.0
Point 151 469.0 948.0 1.0 150.0 1.0
Point 152 487.0 949.0 1.0 151.0 1.0
Point 153 507.0 961.0 1.0 152.0 1.0
Point 154 522.0 962.0 1.0 153.0 1.0
Point 155 514.0 963.0 1.0 154.0 1.0
Point 156 518.0 964.0 1.0 155.0 1.0
Point 160 512.0 959.0 1.0 156.0 1.0
Point 158 526.0 967.0 1.0 157.0 1.0
Point 159 525.0 967.0 1.0 158.0 1.0
Point 161 529.0 967.0 1.0 159.0 1.0
Point 162 529.0 981.0 1.0 160.0 1.0
Point 163 527.0 981.0 1.0 161.0 1.0
Point 164 522.0 964.0 1.0 162.0 1.0
Point 165 499.0 950.0 1.0 163.0 1.0
Point 166 510.0 957.0 1.0 164.0 1.0
Point 167 506.0 953.0 1.0 165.0 1.0
Point 168 501.0 943.0 1.0 166.0 1.0
Point 169 506.0 946.0 1.0 167.0 1.0
Point 170 488.0 936.0 1.0 168.0 1.0
Point 171 479.0 935.0 1.0 169.0 1.0
Point 172 484.0 938.0 1.0 170.0 1.0
Point 173 476.0 935.0 1.0 171.0 1.0
Point 174 475.0 937.0 1.0 172.0 1.0
Point 175 463.0 931.0 1.0 173.0 1.0
Point 176 458.0 924.0 1.0 174.0 1.0
Point 177 448.0 919.0 1.0 175.0 1.0
Point 178 443.0 916.0 1.0 176.0 1.0
End of MTrackJ Data File
