MTrackJ 1.5.1 Data File
Displaying false true true 1 2 0 0 100 20 0 0 0 0 1 8 0 false false true false
Assembly 1 FF0000
Cluster 1 FF0000
Track 1 FF0000 true
Point 1 497.5 681.8333333333333 1.0 1.0 1.0
Point 2 390.8333333333333 612.5 1.0 51.0 1.0
Point 3 482.8333333333333 633.1666666666667 1.0 59.0 1.0
Point 4 526.1666666666666 621.8333333333333 1.0 69.0 1.0
Point 8 516.8333333333334 582.5 1.0 76.0 1.0
Point 5 420.8333333333333 593.8333333333333 1.0 95.0 1.0
Point 6 534.1666666666666 513.8333333333334 1.0 117.0 1.0
Point 7 480.8333333333333 615.8333333333333 1.0 118.0 1.0
Point 9 444.83333333333337 629.8333333333333 1.0 122.0 1.0
Point 10 436.16666666666663 625.8333333333333 1.0 146.0 1.0
Point 11 420.16666666666663 454.5 1.0 169.0 1.0
Point 12 377.5 497.16666666666663 1.0 231.0 1.0
Point 13 465.5 448.5 1.0 256.0 1.0
End of MTrackJ Data File
