MTrackJ 1.5.1 Data File
Displaying true true true 2 0 0 0 100 10 0 0 0 0 1 12 0 true true true false
Assembly 1 FF0000
Cluster 1 FF0000
Track 1 FF0000 true
Point 1 482.8333333333333 639.1666666666667 1.0 1.0 1.0
Point 2 483.5 638.5 1.0 2.0 1.0
Point 3 484.1666666666667 637.1666666666667 1.0 3.0 1.0
Point 4 483.5 635.8333333333333 1.0 4.0 1.0
Point 5 483.5 635.8333333333333 1.0 5.0 1.0
Point 6 484.1666666666667 633.1666666666667 1.0 6.0 1.0
Point 7 484.1666666666667 632.5 1.0 7.0 1.0
Point 8 484.8333333333333 631.8333333333333 1.0 8.0 1.0
Point 9 484.8333333333333 630.5 1.0 9.0 1.0
Point 10 484.1666666666667 629.1666666666667 1.0 10.0 1.0
Point 11 484.1666666666667 627.1666666666667 1.0 11.0 1.0
Point 12 484.1666666666667 627.1666666666667 1.0 12.0 1.0
Point 13 484.1666666666667 627.1666666666667 1.0 13.0 1.0
Point 14 485.5 623.8333333333333 1.0 14.0 1.0
Point 15 489.5 617.8333333333333 1.0 15.0 1.0
Point 16 486.8333333333333 618.5 1.0 16.0 1.0
Point 17 486.8333333333333 618.5 1.0 17.0 1.0
Point 18 486.8333333333333 617.1666666666667 1.0 18.0 1.0
Point 19 485.5 617.8333333333333 1.0 19.0 1.0
Point 20 486.1666666666667 615.8333333333333 1.0 20.0 1.0
Point 21 486.1666666666667 616.5 1.0 21.0 1.0
Point 22 486.1666666666667 616.5 1.0 22.0 1.0
Point 23 486.8333333333333 614.5 1.0 23.0 1.0
Point 24 486.1666666666667 614.5 1.0 24.0 1.0
Point 25 484.1666666666667 614.5 1.0 25.0 1.0
Point 26 483.5 613.8333333333333 1.0 26.0 1.0
Point 27 484.8333333333333 613.1666666666667 1.0 27.0 1.0
Point 28 484.8333333333333 611.8333333333333 1.0 28.0 1.0
Point 29 484.1666666666667 611.8333333333333 1.0 29.0 1.0
Point 30 483.5 611.8333333333333 1.0 30.0 1.0
Point 31 484.1666666666667 611.8333333333333 1.0 31.0 1.0
Point 32 486.8333333333333 612.5 1.0 32.0 1.0
Point 33 486.1666666666667 612.5 1.0 33.0 1.0
Point 34 484.1666666666667 610.5 1.0 34.0 1.0
Point 35 485.5 609.8333333333333 1.0 35.0 1.0
Point 36 485.5 609.8333333333333 1.0 36.0 1.0
Point 37 485.5 608.5 1.0 37.0 1.0
Point 38 486.1666666666667 607.8333333333333 1.0 38.0 1.0
Point 39 487.5 607.8333333333333 1.0 39.0 1.0
Point 40 488.1666666666667 606.5 1.0 40.0 1.0
Point 41 486.1666666666667 606.5 1.0 41.0 1.0
Point 42 485.5 605.8333333333333 1.0 42.0 1.0
Point 43 486.8333333333333 604.5 1.0 43.0 1.0
Point 44 486.8333333333333 604.5 1.0 44.0 1.0
Point 45 486.8333333333333 605.1666666666667 1.0 45.0 1.0
Point 46 484.8333333333333 604.5 1.0 46.0 1.0
Point 47 484.8333333333333 604.5 1.0 47.0 1.0
Point 48 484.1666666666667 602.5 1.0 48.0 1.0
Point 49 484.8333333333333 598.5 1.0 49.0 1.0
Point 50 484.8333333333333 598.5 1.0 50.0 1.0
Point 51 485.5 595.8333333333333 1.0 51.0 1.0
Point 52 484.8333333333333 593.8333333333333 1.0 52.0 1.0
Point 53 484.1666666666667 593.8333333333333 1.0 53.0 1.0
Point 54 484.1666666666667 593.8333333333333 1.0 54.0 1.0
Point 55 483.5 590.5 1.0 55.0 1.0
Point 56 484.1666666666667 595.8333333333333 1.0 56.0 1.0
Point 57 484.1666666666667 591.8333333333333 1.0 57.0 1.0
Point 58 482.8333333333333 591.1666666666667 1.0 58.0 1.0
Point 59 481.5 587.1666666666667 1.0 59.0 1.0
Point 60 481.5 586.5 1.0 60.0 1.0
Point 61 481.5 587.8333333333333 1.0 61.0 1.0
Point 62 481.5 587.8333333333333 1.0 62.0 1.0
Point 63 481.5 587.1666666666667 1.0 63.0 1.0
Point 64 480.1666666666667 587.1666666666667 1.0 64.0 1.0
Point 65 480.8333333333333 586.5 1.0 65.0 1.0
Point 66 480.8333333333333 586.5 1.0 66.0 1.0
Point 67 480.1666666666667 586.5 1.0 67.0 1.0
Point 68 479.5 585.8333333333333 1.0 68.0 1.0
Point 69 479.5 584.5 1.0 69.0 1.0
Point 70 479.5 584.5 1.0 70.0 1.0
Point 71 479.5 583.8333333333333 1.0 71.0 1.0
Point 72 479.5 582.5 1.0 72.0 1.0
Point 73 480.8333333333333 581.1666666666667 1.0 73.0 1.0
Point 74 480.8333333333333 580.5 1.0 74.0 1.0
Point 75 481.5 579.8333333333333 1.0 75.0 1.0
Point 76 482.8333333333333 581.1666666666667 1.0 76.0 1.0
Point 77 484.8333333333333 580.5 1.0 77.0 1.0
Point 78 484.8333333333333 579.1666666666667 1.0 78.0 1.0
Point 79 483.5 577.8333333333333 1.0 79.0 1.0
Point 80 483.5 577.1666666666667 1.0 80.0 1.0
Point 81 482.8333333333333 577.8333333333333 1.0 81.0 1.0
Point 82 482.1666666666667 577.8333333333333 1.0 82.0 1.0
Point 83 482.1666666666667 577.8333333333333 1.0 83.0 1.0
Point 84 482.1666666666667 577.8333333333333 1.0 84.0 1.0
Point 85 481.5 576.5 1.0 85.0 1.0
Point 86 480.8333333333333 575.1666666666667 1.0 86.0 1.0
Point 87 480.1666666666667 574.5 1.0 87.0 1.0
Point 88 478.8333333333333 572.5 1.0 88.0 1.0
Point 89 478.1666666666667 570.5 1.0 89.0 1.0
Point 90 480.1666666666667 570.5 1.0 90.0 1.0
Point 91 480.8333333333333 569.8333333333333 1.0 91.0 1.0
Point 92 480.8333333333333 569.8333333333333 1.0 92.0 1.0
Point 93 480.8333333333333 567.8333333333333 1.0 93.0 1.0
Point 94 480.1666666666667 568.5 1.0 94.0 1.0
Point 95 478.8333333333333 567.8333333333333 1.0 95.0 1.0
Point 96 478.8333333333333 567.8333333333333 1.0 96.0 1.0
Point 97 478.8333333333333 567.8333333333333 1.0 97.0 1.0
Point 98 478.8333333333333 567.8333333333333 1.0 98.0 1.0
Point 99 478.1666666666667 567.1666666666667 1.0 99.0 1.0
Point 100 477.5 566.5 1.0 100.0 1.0
Point 101 475.5 565.8333333333333 1.0 101.0 1.0
Point 102 474.1666666666667 565.1666666666667 1.0 102.0 1.0
Point 103 473.5 563.8333333333333 1.0 103.0 1.0
Point 104 473.5 562.5 1.0 104.0 1.0
Point 105 473.5 562.5 1.0 105.0 1.0
Point 106 473.5 562.5 1.0 106.0 1.0
Point 107 473.5 561.1666666666667 1.0 107.0 1.0
Point 108 472.1666666666667 559.8333333333333 1.0 108.0 1.0
Point 109 472.1666666666667 559.8333333333333 1.0 109.0 1.0
Point 110 472.1666666666667 559.1666666666667 1.0 110.0 1.0
Point 111 472.1666666666667 559.1666666666667 1.0 111.0 1.0
Point 112 472.8333333333333 560.5 1.0 112.0 1.0
Point 113 474.1666666666667 564.5 1.0 113.0 1.0
Point 114 474.1666666666667 561.8333333333333 1.0 114.0 1.0
Point 115 474.1666666666667 563.1666666666667 1.0 115.0 1.0
Point 116 474.1666666666667 562.5 1.0 116.0 1.0
Point 117 474.1666666666667 561.8333333333333 1.0 117.0 1.0
Point 118 474.1666666666667 561.8333333333333 1.0 118.0 1.0
Point 119 474.1666666666667 561.8333333333333 1.0 119.0 1.0
Point 120 472.8333333333333 562.5 1.0 120.0 1.0
Point 121 471.5 562.5 1.0 121.0 1.0
Point 122 470.1666666666667 563.1666666666667 1.0 122.0 1.0
Point 123 468.1666666666667 565.1666666666667 1.0 123.0 1.0
Point 124 467.5 565.1666666666667 1.0 124.0 1.0
Point 125 467.5 565.1666666666667 1.0 125.0 1.0
Point 126 468.1666666666667 564.5 1.0 126.0 1.0
Point 127 466.8333333333333 563.8333333333333 1.0 127.0 1.0
Point 128 466.8333333333333 563.1666666666667 1.0 128.0 1.0
Point 129 466.1666666666667 562.5 1.0 129.0 1.0
Point 130 466.1666666666667 562.5 1.0 130.0 1.0
Point 131 466.8333333333333 563.1666666666667 1.0 131.0 1.0
Point 132 466.8333333333333 563.8333333333333 1.0 132.0 1.0
Point 133 466.8333333333333 563.8333333333333 1.0 133.0 1.0
Point 134 466.8333333333333 563.8333333333333 1.0 134.0 1.0
Point 135 466.8333333333333 563.8333333333333 1.0 135.0 1.0
Point 136 468.1666666666667 563.8333333333333 1.0 136.0 1.0
Point 137 466.8333333333333 563.8333333333333 1.0 137.0 1.0
Point 138 466.8333333333333 563.8333333333333 1.0 138.0 1.0
Point 139 464.1666666666667 565.8333333333333 1.0 139.0 1.0
Point 141 466.1666666666667 563.1666666666667 1.0 140.0 1.0
End of MTrackJ Data File
