MTrackJ 1.5.1 Data File
Displaying true true true 2 0 0 0 100 10 0 0 0 0 1 12 0 true true true false
Assembly 1 FF0000
Cluster 1 FF0000
Track 1 FF0000 true
Point 1 490.1666666666667 645.1666666666667 1.0 1.0 2.0
Point 2 485.5 648.5 1.0 2.0 2.0
Point 3 486.8333333333333 647.1666666666667 1.0 3.0 2.0
Point 4 488.1666666666667 645.1666666666667 1.0 4.0 2.0
Point 5 482.8333333333333 643.1666666666667 1.0 5.0 2.0
Point 6 488.1666666666667 643.8333333333333 1.0 6.0 2.0
Point 7 482.8333333333333 637.8333333333333 1.0 7.0 2.0
Point 8 485.5 635.1666666666667 1.0 8.0 2.0
Point 9 490.8333333333333 632.5 1.0 9.0 2.0
Point 10 485.5 628.5 1.0 10.0 2.0
Point 11 484.1666666666667 632.5 1.0 11.0 2.0
Point 12 481.5 630.5 1.0 12.0 2.0
Point 13 483.5 623.8333333333333 1.0 13.0 2.0
Point 14 484.1666666666667 627.8333333333333 1.0 14.0 2.0
Point 15 489.5 629.1666666666667 1.0 15.0 2.0
Point 16 482.8333333333333 630.5 1.0 16.0 2.0
Point 17 480.1666666666667 630.5 1.0 17.0 2.0
Point 18 479.5 630.5 1.0 18.0 2.0
Point 19 474.8333333333333 633.8333333333333 1.0 19.0 2.0
Point 20 479.5 632.5 1.0 20.0 2.0
Point 21 468.8333333333333 633.8333333333333 1.0 21.0 2.0
Point 22 480.8333333333333 633.1666666666667 1.0 22.0 2.0
Point 23 478.8333333333333 631.8333333333333 1.0 23.0 2.0
Point 24 472.8333333333333 629.1666666666667 1.0 24.0 2.0
Point 25 467.5 622.5 1.0 25.0 2.0
Point 26 474.8333333333333 627.1666666666667 1.0 26.0 2.0
Point 27 479.5 625.1666666666667 1.0 27.0 2.0
Point 28 480.1666666666667 629.1666666666667 1.0 28.0 2.0
Point 29 474.1666666666667 623.1666666666667 1.0 29.0 2.0
Point 30 477.5 622.5 1.0 30.0 2.0
Point 31 479.5 629.1666666666667 1.0 31.0 2.0
Point 32 480.1666666666667 630.5 1.0 32.0 2.0
Point 33 484.8333333333333 628.5 1.0 33.0 2.0
Point 34 483.5 626.5 1.0 34.0 2.0
Point 35 478.8333333333333 625.1666666666667 1.0 35.0 2.0
Point 36 486.8333333333333 625.8333333333333 1.0 36.0 2.0
Point 37 487.5 626.5 1.0 37.0 2.0
Point 38 490.8333333333333 626.5 1.0 38.0 2.0
Point 39 488.8333333333333 627.1666666666667 1.0 39.0 2.0
Point 40 477.5 623.1666666666667 1.0 40.0 2.0
Point 41 480.8333333333333 627.8333333333333 1.0 41.0 2.0
Point 42 474.8333333333333 621.8333333333333 1.0 42.0 2.0
Point 43 483.5 627.1666666666667 1.0 43.0 2.0
Point 44 482.8333333333333 625.8333333333333 1.0 44.0 2.0
Point 45 478.1666666666667 625.8333333333333 1.0 45.0 2.0
Point 46 477.5 621.1666666666667 1.0 46.0 2.0
Point 47 475.5 619.8333333333333 1.0 47.0 2.0
Point 48 473.5 618.5 1.0 48.0 2.0
Point 49 470.8333333333333 616.5 1.0 49.0 2.0
Point 50 466.1666666666667 614.5 1.0 50.0 2.0
Point 51 453.5 609.8333333333333 1.0 51.0 2.0
Point 52 464.8333333333333 611.8333333333333 1.0 52.0 2.0
Point 53 466.8333333333333 607.8333333333333 1.0 53.0 2.0
Point 54 458.8333333333333 603.8333333333333 1.0 54.0 2.0
Point 55 459.5 607.8333333333333 1.0 55.0 2.0
Point 56 462.1666666666667 605.8333333333333 1.0 56.0 2.0
Point 57 460.1666666666667 603.1666666666667 1.0 57.0 2.0
Point 58 462.8333333333333 598.5 1.0 58.0 2.0
Point 59 467.5 601.1666666666667 1.0 59.0 2.0
Point 60 461.5 599.8333333333333 1.0 60.0 2.0
Point 61 457.5 597.1666666666667 1.0 61.0 2.0
Point 62 454.8333333333333 593.8333333333333 1.0 62.0 2.0
Point 63 460.8333333333333 599.1666666666667 1.0 63.0 2.0
Point 64 462.8333333333333 601.8333333333333 1.0 64.0 2.0
Point 65 468.1666666666667 600.5 1.0 65.0 2.0
Point 66 470.1666666666667 601.1666666666667 1.0 66.0 2.0
Point 67 465.5 599.1666666666667 1.0 67.0 2.0
Point 68 467.5 593.8333333333333 1.0 68.0 2.0
Point 69 465.5 598.5 1.0 69.0 2.0
Point 70 473.5 601.1666666666667 1.0 70.0 2.0
Point 71 480.1666666666667 605.1666666666667 1.0 71.0 2.0
Point 72 473.5 599.1666666666667 1.0 72.0 2.0
Point 73 475.5 595.8333333333333 1.0 73.0 2.0
Point 74 480.1666666666667 594.5 1.0 74.0 2.0
Point 75 477.5 593.1666666666667 1.0 75.0 2.0
Point 76 476.8333333333333 589.1666666666667 1.0 76.0 2.0
Point 77 478.8333333333333 592.5 1.0 77.0 2.0
Point 78 476.1666666666667 591.1666666666667 1.0 78.0 2.0
Point 79 471.5 590.5 1.0 79.0 2.0
Point 80 470.8333333333333 590.5 1.0 80.0 2.0
Point 81 474.1666666666667 592.5 1.0 81.0 2.0
Point 82 467.5 589.1666666666667 1.0 82.0 2.0
Point 83 464.8333333333333 587.8333333333333 1.0 83.0 2.0
Point 84 466.1666666666667 588.5 1.0 84.0 2.0
Point 85 480.1666666666667 577.8333333333333 1.0 85.0 2.0
Point 86 478.8333333333333 577.1666666666667 1.0 86.0 2.0
Point 87 482.8333333333333 573.1666666666667 1.0 87.0 2.0
Point 88 482.8333333333333 575.8333333333333 1.0 88.0 2.0
Point 89 479.5 576.5 1.0 89.0 2.0
Point 90 477.5 579.1666666666667 1.0 90.0 2.0
Point 91 485.5 575.1666666666667 1.0 91.0 2.0
Point 92 484.8333333333333 573.8333333333333 1.0 92.0 2.0
Point 93 480.8333333333333 573.8333333333333 1.0 93.0 2.0
Point 94 474.1666666666667 577.1666666666667 1.0 94.0 2.0
Point 95 472.8333333333333 573.1666666666667 1.0 95.0 2.0
Point 96 472.8333333333333 571.8333333333333 1.0 96.0 2.0
Point 97 473.5 569.8333333333333 1.0 97.0 2.0
Point 98 469.5 570.5 1.0 98.0 2.0
Point 99 470.8333333333333 572.5 1.0 99.0 2.0
Point 100 476.1666666666667 565.1666666666667 1.0 100.0 2.0
Point 101 473.5 560.5 1.0 101.0 2.0
Point 102 467.5 565.1666666666667 1.0 102.0 2.0
Point 103 467.5 565.1666666666667 1.0 103.0 2.0
Point 104 468.1666666666667 557.8333333333333 1.0 104.0 2.0
Point 105 469.5 557.1666666666667 1.0 105.0 2.0
Point 106 468.1666666666667 549.1666666666667 1.0 106.0 2.0
Point 107 466.1666666666667 548.5 1.0 107.0 2.0
Point 108 474.8333333333333 545.1666666666667 1.0 108.0 2.0
Point 109 466.1666666666667 552.5 1.0 109.0 2.0
Point 110 467.5 555.1666666666667 1.0 110.0 2.0
Point 111 473.5 558.5 1.0 111.0 2.0
Point 112 474.1666666666667 554.5 1.0 112.0 2.0
Point 113 476.8333333333333 555.1666666666667 1.0 113.0 2.0
Point 114 470.1666666666667 558.5 1.0 114.0 2.0
Point 115 468.8333333333333 558.5 1.0 115.0 2.0
Point 116 469.5 565.1666666666667 1.0 116.0 2.0
Point 117 470.1666666666667 565.1666666666667 1.0 117.0 2.0
Point 118 460.1666666666667 568.5 1.0 118.0 2.0
Point 119 460.8333333333333 581.1666666666667 1.0 119.0 2.0
Point 120 463.5 581.8333333333333 1.0 120.0 2.0
Point 121 458.8333333333333 589.8333333333333 1.0 121.0 2.0
Point 122 458.1666666666667 590.5 1.0 122.0 2.0
Point 123 457.5 591.1666666666667 1.0 123.0 2.0
Point 124 461.5 577.8333333333333 1.0 124.0 2.0
Point 125 457.5 583.8333333333333 1.0 125.0 2.0
Point 126 460.8333333333333 572.5 1.0 126.0 2.0
Point 127 460.8333333333333 573.8333333333333 1.0 127.0 2.0
Point 128 454.8333333333333 581.1666666666667 1.0 128.0 2.0
Point 129 456.8333333333333 586.5 1.0 129.0 2.0
Point 130 454.8333333333333 590.5 1.0 130.0 2.0
Point 131 454.8333333333333 579.1666666666667 1.0 131.0 2.0
Point 132 456.1666666666667 582.5 1.0 132.0 2.0
Point 133 454.8333333333333 581.1666666666667 1.0 133.0 2.0
Point 134 456.1666666666667 584.5 1.0 134.0 2.0
Point 135 452.1666666666667 586.5 1.0 135.0 2.0
Point 136 447.5 595.8333333333333 1.0 136.0 2.0
Point 137 445.5 599.1666666666667 1.0 137.0 2.0
Point 138 452.8333333333333 587.1666666666667 1.0 138.0 2.0
Point 139 454.8333333333333 573.1666666666667 1.0 139.0 2.0
Point 140 449.5 566.5 1.0 140.0 2.0
End of MTrackJ Data File
