MTrackJ 1.5.1 Data File
Displaying true true true 2 0 0 0 100 10 0 0 0 0 1 12 0 true true true false
Assembly 1 FF0000
Cluster 1 FF0000
Track 1 FF0000 true
Point 1 925.8333333333333 580.1666666666667 1.0 51.0 1.0
Point 2 926.5 580.1666666666667 1.0 52.0 1.0
Point 3 927.1666666666667 579.5 1.0 53.0 1.0
Point 4 927.1666666666667 579.5 1.0 54.0 1.0
Point 5 927.1666666666667 579.5 1.0 55.0 1.0
Point 6 927.1666666666667 579.5 1.0 56.0 1.0
Point 7 927.1666666666667 579.5 1.0 57.0 1.0
Point 8 927.1666666666667 579.5 1.0 58.0 1.0
Point 9 927.1666666666667 579.5 1.0 59.0 1.0
Point 10 927.1666666666667 579.5 1.0 60.0 1.0
Point 11 927.1666666666667 579.5 1.0 61.0 1.0
Point 12 927.1666666666667 579.5 1.0 62.0 1.0
Point 13 927.1666666666667 579.5 1.0 63.0 1.0
Point 14 927.1666666666667 579.5 1.0 64.0 1.0
Point 15 927.1666666666667 579.5 1.0 65.0 1.0
Point 16 927.1666666666667 579.5 1.0 66.0 1.0
Point 17 927.1666666666667 579.5 1.0 67.0 1.0
Point 18 927.1666666666667 579.5 1.0 68.0 1.0
Point 19 927.1666666666667 579.5 1.0 69.0 1.0
Point 20 927.1666666666667 578.8333333333333 1.0 70.0 1.0
Point 21 927.1666666666667 578.8333333333333 1.0 71.0 1.0
Point 22 927.1666666666667 578.8333333333333 1.0 72.0 1.0
Point 23 925.1666666666667 578.1666666666667 1.0 73.0 1.0
Point 24 925.1666666666667 578.1666666666667 1.0 74.0 1.0
Point 25 925.1666666666667 578.1666666666667 1.0 75.0 1.0
Point 26 923.8333333333333 577.5 1.0 76.0 1.0
Point 27 923.8333333333333 577.5 1.0 77.0 1.0
Point 28 923.8333333333333 577.5 1.0 78.0 1.0
Point 29 923.8333333333333 577.5 1.0 79.0 1.0
Point 30 923.8333333333333 577.5 1.0 80.0 1.0
Point 31 924.5 576.8333333333333 1.0 81.0 1.0
Point 32 924.5 576.1666666666667 1.0 82.0 1.0
Point 33 925.1666666666667 576.1666666666667 1.0 83.0 1.0
Point 34 925.1666666666667 576.1666666666667 1.0 84.0 1.0
Point 35 925.8333333333333 575.5 1.0 85.0 1.0
Point 36 925.8333333333333 575.5 1.0 86.0 1.0
Point 37 925.8333333333333 574.1666666666666 1.0 87.0 1.0
Point 38 925.1666666666667 573.5 1.0 88.0 1.0
Point 39 924.5 572.8333333333334 1.0 89.0 1.0
Point 40 924.5 572.1666666666666 1.0 90.0 1.0
Point 41 923.1666666666667 571.5 1.0 91.0 1.0
Point 42 923.1666666666667 571.5 1.0 92.0 1.0
Point 43 922.5 571.5 1.0 93.0 1.0
Point 44 921.1666666666667 571.5 1.0 94.0 1.0
Point 45 921.1666666666667 571.5 1.0 95.0 1.0
Point 46 920.5 568.1666666666666 1.0 96.0 1.0
Point 47 920.5 568.1666666666666 1.0 97.0 1.0
Point 48 920.5 568.1666666666666 1.0 98.0 1.0
Point 49 921.1666666666667 568.8333333333334 1.0 99.0 1.0
Point 50 921.8333333333333 569.5 1.0 100.0 1.0
Point 51 921.8333333333333 569.5 1.0 101.0 1.0
Point 52 921.8333333333333 569.5 1.0 102.0 1.0
Point 53 921.8333333333333 569.5 1.0 103.0 1.0
Point 54 922.5 568.1666666666666 1.0 104.0 1.0
Point 55 922.5 568.1666666666666 1.0 105.0 1.0
Point 56 922.5 568.1666666666666 1.0 106.0 1.0
Point 57 922.5 568.1666666666666 1.0 107.0 1.0
Point 58 922.5 568.1666666666666 1.0 108.0 1.0
Point 59 922.5 568.1666666666666 1.0 109.0 1.0
Point 60 922.5 568.1666666666666 1.0 110.0 1.0
Point 61 922.5 568.1666666666666 1.0 111.0 1.0
Point 62 923.1666666666667 567.5 1.0 112.0 1.0
Point 63 923.8333333333333 567.5 1.0 113.0 1.0
Point 64 923.1666666666667 566.1666666666666 1.0 114.0 1.0
Point 65 923.1666666666667 566.1666666666666 1.0 115.0 1.0
Point 66 923.1666666666667 566.1666666666666 1.0 116.0 1.0
Point 67 923.8333333333333 565.5 1.0 117.0 1.0
Point 68 923.8333333333333 565.5 1.0 118.0 1.0
Point 69 923.8333333333333 565.5 1.0 119.0 1.0
Point 70 923.8333333333333 565.5 1.0 120.0 1.0
Point 71 923.8333333333333 565.5 1.0 121.0 1.0
Point 72 923.8333333333333 565.5 1.0 122.0 1.0
Point 73 923.8333333333333 565.5 1.0 123.0 1.0
Point 74 923.8333333333333 565.5 1.0 124.0 1.0
Point 75 923.8333333333333 565.5 1.0 125.0 1.0
Point 76 923.8333333333333 565.5 1.0 126.0 1.0
Point 77 923.8333333333333 565.5 1.0 127.0 1.0
Point 78 924.5 565.5 1.0 128.0 1.0
Point 79 924.5 565.5 1.0 129.0 1.0
Point 80 924.5 566.1666666666666 1.0 130.0 1.0
Point 81 924.5 566.1666666666666 1.0 131.0 1.0
Point 82 924.5 568.8333333333334 1.0 132.0 1.0
Point 83 923.8333333333333 569.5 1.0 133.0 1.0
Point 84 923.8333333333333 569.5 1.0 134.0 1.0
Point 85 923.1666666666667 568.1666666666666 1.0 135.0 1.0
Point 86 923.1666666666667 568.1666666666666 1.0 136.0 1.0
Point 87 922.5 566.1666666666666 1.0 137.0 1.0
Point 88 922.5 566.1666666666666 1.0 138.0 1.0
Point 89 922.5 575.5 1.0 139.0 1.0
Point 91 926.5 586.8333333333333 1.0 140.0 1.0
End of MTrackJ Data File
