MTrackJ 1.5.1 Data File
Displaying true true true 2 0 0 0 100 10 0 0 0 0 1 12 0 true true true false
Assembly 1 FF0000
Cluster 1 FF0000
Track 1 FF0000 true
Point 1 957.8333333333334 632.1666666666667 1.0 51.0 2.0
Point 2 955.1666666666666 616.8333333333333 1.0 52.0 2.0
Point 3 955.8333333333334 604.8333333333333 1.0 53.0 2.0
Point 4 953.8333333333334 612.1666666666667 1.0 54.0 2.0
Point 5 951.8333333333334 610.1666666666667 1.0 55.0 2.0
Point 6 946.5 604.8333333333333 1.0 56.0 2.0
Point 7 951.1666666666666 620.1666666666667 1.0 57.0 2.0
Point 8 944.5 606.1666666666667 1.0 58.0 2.0
Point 9 950.5 610.8333333333333 1.0 59.0 2.0
Point 10 948.5 608.8333333333333 1.0 60.0 2.0
Point 11 944.5 608.8333333333333 1.0 61.0 2.0
Point 12 941.1666666666667 599.5 1.0 62.0 2.0
Point 13 939.1666666666667 603.5 1.0 63.0 2.0
Point 14 939.1666666666667 596.1666666666667 1.0 64.0 2.0
Point 15 935.1666666666667 594.1666666666667 1.0 65.0 2.0
Point 16 945.1666666666666 590.1666666666667 1.0 66.0 2.0
Point 17 943.1666666666667 592.8333333333333 1.0 67.0 2.0
Point 18 940.5 589.5 1.0 68.0 2.0
Point 19 939.8333333333333 592.8333333333333 1.0 69.0 2.0
Point 20 943.8333333333333 590.8333333333333 1.0 70.0 2.0
Point 21 937.1666666666667 588.8333333333333 1.0 71.0 2.0
Point 22 939.1666666666667 590.1666666666667 1.0 72.0 2.0
Point 23 938.5 586.8333333333333 1.0 73.0 2.0
Point 24 941.1666666666667 586.8333333333333 1.0 74.0 2.0
Point 25 943.1666666666667 582.8333333333333 1.0 75.0 2.0
Point 26 938.5 586.1666666666667 1.0 76.0 2.0
Point 27 938.5 584.8333333333333 1.0 77.0 2.0
Point 28 937.8333333333333 588.1666666666667 1.0 78.0 2.0
Point 29 937.1666666666667 582.1666666666667 1.0 79.0 2.0
Point 30 930.5 588.1666666666667 1.0 80.0 2.0
Point 31 939.8333333333333 585.5 1.0 81.0 2.0
Point 32 936.5 585.5 1.0 82.0 2.0
Point 33 939.1666666666667 582.1666666666667 1.0 83.0 2.0
Point 34 941.1666666666667 582.8333333333333 1.0 84.0 2.0
Point 35 934.5 584.8333333333333 1.0 85.0 2.0
Point 36 929.1666666666667 583.5 1.0 86.0 2.0
Point 37 935.8333333333333 580.1666666666667 1.0 87.0 2.0
Point 38 935.1666666666667 580.8333333333333 1.0 88.0 2.0
Point 39 937.1666666666667 578.1666666666667 1.0 89.0 2.0
Point 40 945.1666666666666 576.8333333333333 1.0 90.0 2.0
Point 41 939.8333333333333 577.5 1.0 91.0 2.0
Point 42 943.8333333333333 576.1666666666667 1.0 92.0 2.0
Point 43 939.8333333333333 576.1666666666667 1.0 93.0 2.0
Point 44 939.8333333333333 574.8333333333334 1.0 94.0 2.0
Point 45 948.5 572.8333333333334 1.0 95.0 2.0
Point 46 947.8333333333334 572.8333333333334 1.0 96.0 2.0
Point 47 941.8333333333333 574.1666666666666 1.0 97.0 2.0
Point 48 941.8333333333333 574.8333333333334 1.0 98.0 2.0
Point 49 945.8333333333334 575.5 1.0 99.0 2.0
Point 50 943.1666666666667 578.8333333333333 1.0 100.0 2.0
Point 51 941.1666666666667 579.5 1.0 101.0 2.0
Point 52 938.5 575.5 1.0 102.0 2.0
Point 53 933.1666666666667 576.1666666666667 1.0 103.0 2.0
Point 54 941.1666666666667 578.8333333333333 1.0 104.0 2.0
Point 55 939.8333333333333 577.5 1.0 105.0 2.0
Point 56 938.5 574.8333333333334 1.0 106.0 2.0
Point 57 940.5 573.5 1.0 107.0 2.0
Point 58 941.8333333333333 574.8333333333334 1.0 108.0 2.0
Point 59 945.8333333333334 572.8333333333334 1.0 109.0 2.0
Point 60 943.1666666666667 573.5 1.0 110.0 2.0
Point 61 944.5 574.1666666666666 1.0 111.0 2.0
Point 62 943.8333333333333 577.5 1.0 112.0 2.0
Point 63 941.1666666666667 574.1666666666666 1.0 113.0 2.0
Point 64 942.5 573.5 1.0 114.0 2.0
Point 65 954.5 574.8333333333334 1.0 115.0 2.0
Point 66 942.5 572.8333333333334 1.0 116.0 2.0
Point 67 937.8333333333333 578.1666666666667 1.0 117.0 2.0
Point 68 937.1666666666667 582.1666666666667 1.0 118.0 2.0
Point 69 937.8333333333333 586.1666666666667 1.0 119.0 2.0
Point 70 935.1666666666667 584.8333333333333 1.0 120.0 2.0
Point 71 939.8333333333333 586.8333333333333 1.0 121.0 2.0
Point 72 933.8333333333333 580.1666666666667 1.0 122.0 2.0
Point 73 937.1666666666667 581.5 1.0 123.0 2.0
Point 74 931.1666666666667 584.1666666666667 1.0 124.0 2.0
Point 75 932.5 586.8333333333333 1.0 125.0 2.0
Point 76 928.5 585.5 1.0 126.0 2.0
Point 77 937.8333333333333 588.8333333333333 1.0 127.0 2.0
Point 78 940.5 592.8333333333333 1.0 128.0 2.0
Point 79 931.8333333333333 592.1666666666667 1.0 129.0 2.0
Point 80 929.8333333333333 592.1666666666667 1.0 130.0 2.0
Point 81 934.5 592.1666666666667 1.0 131.0 2.0
Point 82 930.5 591.5 1.0 132.0 2.0
Point 83 927.1666666666667 590.1666666666667 1.0 133.0 2.0
Point 84 920.5 589.5 1.0 134.0 2.0
Point 85 929.1666666666667 592.8333333333333 1.0 135.0 2.0
Point 86 929.8333333333333 606.8333333333333 1.0 136.0 2.0
Point 87 928.5 598.1666666666667 1.0 137.0 2.0
Point 88 928.5 602.8333333333333 1.0 138.0 2.0
Point 89 920.5 612.8333333333333 1.0 139.0 2.0
Point 90 908.5 616.8333333333333 1.0 140.0 2.0
End of MTrackJ Data File
