MTrackJ 1.5.1 Data File
Displaying false true true 1 2 0 0 95 8 0 0 0 0 1 10 0 false true true false
Assembly 1 FF0000
Cluster 1 FF0000
Track 1 FF0000 true
Point 1 719.0 600.0 1.0 1.0 1.0
Point 2 722.0 602.0 1.0 2.0 1.0
Point 3 717.0 611.0 1.0 3.0 1.0
Point 4 718.0 609.0 1.0 4.0 1.0
Point 5 727.0 596.0 1.0 5.0 1.0
Point 6 731.0 586.0 1.0 6.0 1.0
Point 7 732.0 573.0 1.0 7.0 1.0
Point 8 735.0 569.0 1.0 8.0 1.0
Point 9 731.0 577.0 1.0 9.0 1.0
Point 10 729.0 580.0 1.0 10.0 1.0
Point 11 741.0 573.0 1.0 11.0 1.0
Point 12 728.0 589.0 1.0 12.0 1.0
Point 13 726.0 583.0 1.0 13.0 1.0
Point 14 718.0 581.0 1.0 14.0 1.0
Point 15 673.0 574.0 1.0 15.0 1.0
Point 16 722.0 591.0 1.0 16.0 1.0
Point 17 727.0 582.0 1.0 17.0 1.0
Point 18 719.0 590.0 1.0 18.0 1.0
Point 19 718.0 589.0 1.0 19.0 1.0
Point 20 723.0 601.0 1.0 20.0 1.0
Point 21 711.0 587.0 1.0 21.0 1.0
Point 22 653.0 596.0 1.0 22.0 1.0
Point 23 646.0 599.0 1.0 23.0 1.0
Point 24 623.0 615.0 1.0 24.0 1.0
Point 25 617.0 618.0 1.0 25.0 1.0
Point 26 627.0 609.0 1.0 26.0 1.0
Point 27 625.0 607.0 1.0 27.0 1.0
Point 28 627.0 592.0 1.0 28.0 1.0
Point 29 613.0 586.0 1.0 29.0 1.0
Point 30 603.0 594.0 1.0 30.0 1.0
Point 31 606.0 592.0 1.0 31.0 1.0
Point 32 610.0 589.0 1.0 32.0 1.0
Point 33 616.0 586.0 1.0 33.0 1.0
Point 34 612.0 590.0 1.0 34.0 1.0
Point 35 647.0 583.0 1.0 35.0 1.0
Point 36 644.0 585.0 1.0 36.0 1.0
Point 37 639.0 590.0 1.0 37.0 1.0
Point 38 634.0 592.0 1.0 38.0 1.0
Point 39 626.0 588.0 1.0 39.0 1.0
Point 40 626.0 590.0 1.0 40.0 1.0
Point 41 629.0 592.0 1.0 41.0 1.0
Point 42 633.0 610.0 1.0 42.0 1.0
Point 43 631.0 615.0 1.0 43.0 1.0
Point 44 632.0 611.0 1.0 44.0 1.0
Point 45 632.0 612.0 1.0 45.0 1.0
Point 46 629.0 615.0 1.0 46.0 1.0
Point 47 623.0 624.0 1.0 47.0 1.0
Point 48 620.0 636.0 1.0 48.0 1.0
Point 49 609.0 644.0 1.0 49.0 1.0
Point 50 622.0 619.0 1.0 50.0 1.0
Point 51 637.0 590.0 1.0 51.0 1.0
Point 52 635.0 588.0 1.0 52.0 1.0
Point 53 628.0 586.0 1.0 53.0 1.0
Point 54 621.0 586.0 1.0 54.0 1.0
Point 55 623.0 581.0 1.0 55.0 1.0
Point 56 624.0 612.0 1.0 56.0 1.0
Point 57 624.0 602.0 1.0 57.0 1.0
Point 58 622.0 585.0 1.0 58.0 1.0
Point 59 622.0 589.0 1.0 59.0 1.0
Point 60 622.0 597.0 1.0 60.0 1.0
Point 61 623.0 581.0 1.0 61.0 1.0
Point 62 619.0 578.0 1.0 62.0 1.0
Point 63 625.0 600.0 1.0 63.0 1.0
Point 64 627.0 593.0 1.0 64.0 1.0
Point 65 620.0 585.0 1.0 65.0 1.0
Point 66 620.0 576.0 1.0 66.0 1.0
Point 67 610.0 571.0 1.0 67.0 1.0
Point 68 615.0 566.0 1.0 68.0 1.0
Point 69 613.0 567.0 1.0 69.0 1.0
Point 70 607.0 573.0 1.0 70.0 1.0
Point 71 616.0 580.0 1.0 71.0 1.0
Point 72 614.0 577.0 1.0 72.0 1.0
Point 73 613.0 576.0 1.0 73.0 1.0
Point 74 625.0 570.0 1.0 74.0 1.0
Point 75 608.0 577.0 1.0 75.0 1.0
Point 76 619.0 588.0 1.0 76.0 1.0
Point 77 625.0 580.0 1.0 77.0 1.0
Point 78 628.0 572.0 1.0 78.0 1.0
Point 79 624.0 567.0 1.0 79.0 1.0
Point 80 621.0 566.0 1.0 80.0 1.0
Point 81 628.0 574.0 1.0 81.0 1.0
Point 82 625.0 565.0 1.0 82.0 1.0
Point 83 614.0 556.0 1.0 83.0 1.0
Point 84 613.0 564.0 1.0 84.0 1.0
Point 85 614.0 568.0 1.0 85.0 1.0
Point 86 620.0 565.0 1.0 86.0 1.0
Point 87 627.0 566.0 1.0 87.0 1.0
Point 88 625.0 563.0 1.0 88.0 1.0
Point 89 618.0 562.0 1.0 89.0 1.0
Point 90 621.0 566.0 1.0 90.0 1.0
Point 91 616.0 555.0 1.0 91.0 1.0
Point 92 616.0 561.0 1.0 92.0 1.0
Point 93 616.0 561.0 1.0 93.0 1.0
Point 94 613.0 554.0 1.0 94.0 1.0
Point 95 612.0 554.0 1.0 95.0 1.0
Point 96 611.0 554.0 1.0 96.0 1.0
Point 97 612.0 556.0 1.0 97.0 1.0
Point 98 617.0 551.0 1.0 98.0 1.0
Point 99 623.0 562.0 1.0 99.0 1.0
Point 100 622.0 568.0 1.0 100.0 1.0
Point 101 612.0 568.0 1.0 101.0 1.0
Point 102 625.0 568.0 1.0 102.0 1.0
Point 103 617.0 566.0 1.0 103.0 1.0
Point 104 609.0 571.0 1.0 104.0 1.0
Point 105 605.0 575.0 1.0 105.0 1.0
Point 106 618.0 575.0 1.0 106.0 1.0
Point 107 623.0 577.0 1.0 107.0 1.0
Point 108 632.0 579.0 1.0 108.0 1.0
Point 109 645.0 589.0 1.0 109.0 1.0
Point 110 652.0 599.0 1.0 110.0 1.0
Point 111 676.0 614.0 1.0 111.0 1.0
Point 112 698.0 643.0 1.0 112.0 1.0
Point 113 711.0 660.0 1.0 113.0 1.0
Point 114 707.0 675.0 1.0 114.0 1.0
Point 115 688.0 673.0 1.0 115.0 1.0
Point 116 688.0 664.0 1.0 116.0 1.0
Point 117 691.0 657.0 1.0 117.0 1.0
Point 118 695.0 661.0 1.0 118.0 1.0
Point 119 698.0 657.0 1.0 119.0 1.0
Point 120 701.0 656.0 1.0 120.0 1.0
Point 121 699.0 660.0 1.0 121.0 1.0
Point 122 698.0 661.0 1.0 122.0 1.0
Point 123 695.0 658.0 1.0 123.0 1.0
Point 124 697.0 655.0 1.0 124.0 1.0
Point 125 705.0 656.0 1.0 125.0 1.0
Point 126 702.0 657.0 1.0 126.0 1.0
Point 127 700.0 666.0 1.0 127.0 1.0
Point 128 697.0 691.0 1.0 128.0 1.0
Point 129 692.0 693.0 1.0 129.0 1.0
Point 130 693.0 689.0 1.0 130.0 1.0
Point 131 683.0 702.0 1.0 131.0 1.0
Point 132 691.0 688.0 1.0 132.0 1.0
Point 133 688.0 698.0 1.0 133.0 1.0
Point 134 691.0 685.0 1.0 134.0 1.0
Point 135 695.0 684.0 1.0 135.0 1.0
Point 136 690.0 692.0 1.0 136.0 1.0
Point 137 697.0 686.0 1.0 137.0 1.0
Point 138 697.0 680.0 1.0 138.0 1.0
Point 139 691.0 693.0 1.0 139.0 1.0
Point 140 669.0 717.0 1.0 140.0 1.0
Point 141 682.0 699.0 1.0 141.0 1.0
Point 142 680.0 709.0 1.0 142.0 1.0
Point 143 660.0 719.0 1.0 143.0 1.0
Point 144 665.0 715.0 1.0 144.0 1.0
Point 145 671.0 709.0 1.0 145.0 1.0
Point 146 667.0 714.0 1.0 146.0 1.0
Point 147 670.0 710.0 1.0 147.0 1.0
Point 148 673.0 701.0 1.0 148.0 1.0
Point 149 671.0 707.0 1.0 149.0 1.0
Point 150 667.0 710.0 1.0 150.0 1.0
Point 151 668.0 703.0 1.0 151.0 1.0
Point 152 672.0 704.0 1.0 152.0 1.0
Point 153 669.0 708.0 1.0 153.0 1.0
Point 154 666.0 703.0 1.0 154.0 1.0
Point 155 670.0 701.0 1.0 155.0 1.0
Point 156 672.0 693.0 1.0 156.0 1.0
Point 157 661.0 709.0 1.0 157.0 1.0
Point 158 671.0 703.0 1.0 158.0 1.0
Point 159 671.0 701.0 1.0 159.0 1.0
Point 160 672.0 707.0 1.0 160.0 1.0
Point 161 663.0 710.0 1.0 161.0 1.0
Point 162 663.0 712.0 1.0 162.0 1.0
Point 163 663.0 711.0 1.0 163.0 1.0
Point 164 668.0 706.0 1.0 164.0 1.0
Point 165 673.0 710.0 1.0 165.0 1.0
Point 166 669.0 699.0 1.0 166.0 1.0
Point 167 671.0 697.0 1.0 167.0 1.0
Point 168 676.0 700.0 1.0 168.0 1.0
Point 169 675.0 694.0 1.0 169.0 1.0
Point 170 680.0 691.0 1.0 170.0 1.0
Point 171 679.0 679.0 1.0 171.0 1.0
Point 172 673.0 687.0 1.0 172.0 1.0
Point 173 674.0 697.0 1.0 173.0 1.0
Point 174 670.0 706.0 1.0 174.0 1.0
Point 175 670.0 704.0 1.0 175.0 1.0
Point 176 672.0 708.0 1.0 176.0 1.0
Point 177 672.0 709.0 1.0 177.0 1.0
Point 178 671.0 712.0 1.0 178.0 1.0
Point 179 669.0 708.0 1.0 179.0 1.0
Point 180 671.0 713.0 1.0 180.0 1.0
Point 181 667.0 714.0 1.0 181.0 1.0
Point 182 659.0 719.0 1.0 182.0 1.0
Point 183 663.0 716.0 1.0 183.0 1.0
Point 184 662.0 718.0 1.0 184.0 1.0
Point 185 649.0 720.0 1.0 185.0 1.0
Point 186 659.0 714.0 1.0 186.0 1.0
Point 187 653.0 720.0 1.0 187.0 1.0
Point 188 649.0 722.0 1.0 188.0 1.0
Point 189 637.0 732.0 1.0 189.0 1.0
Point 190 646.0 722.0 1.0 190.0 1.0
Point 191 639.0 734.0 1.0 191.0 1.0
Point 192 644.0 728.0 1.0 192.0 1.0
Point 193 645.0 725.0 1.0 193.0 1.0
Point 194 667.0 740.0 1.0 194.0 1.0
Point 195 680.0 743.0 1.0 195.0 1.0
Point 196 673.0 745.0 1.0 196.0 1.0
Point 197 664.0 740.0 1.0 197.0 1.0
Point 198 675.0 737.0 1.0 198.0 1.0
Point 199 675.0 749.0 1.0 199.0 1.0
Point 200 679.0 749.0 1.0 200.0 1.0
End of MTrackJ Data File
