MTrackJ 1.5.1 Data File
Displaying false true true 2 2 0 0 95 80 0 0 0 0 1 10 0 false true true false
Assembly 1 FF0000
Cluster 1 FF0000
Track 1 FF0000 true
Point 1 752.1666666666667 598.1666666666667 1.0 1.0 1.0
Point 2 749.5 595.5 1.0 2.0 1.0
Point 3 748.8333333333333 588.8333333333333 1.0 3.0 1.0
Point 4 745.5 590.1666666666667 1.0 4.0 1.0
Point 5 744.1666666666667 589.5 1.0 5.0 1.0
Point 6 746.1666666666667 589.5 1.0 6.0 1.0
Point 7 746.8333333333333 586.1666666666667 1.0 7.0 1.0
Point 8 746.8333333333333 586.8333333333333 1.0 8.0 1.0
Point 9 748.1666666666667 586.8333333333333 1.0 9.0 1.0
Point 10 748.8333333333333 584.1666666666667 1.0 10.0 1.0
Point 11 750.8333333333333 580.8333333333333 1.0 11.0 1.0
Point 12 748.8333333333333 582.1666666666667 1.0 12.0 1.0
Point 13 748.8333333333333 579.5 1.0 13.0 1.0
Point 14 746.8333333333333 581.5 1.0 14.0 1.0
Point 15 750.8333333333333 580.8333333333333 1.0 15.0 1.0
Point 16 749.5 580.8333333333333 1.0 16.0 1.0
Point 17 750.8333333333333 578.8333333333333 1.0 17.0 1.0
Point 18 749.5 578.1666666666667 1.0 18.0 1.0
Point 19 749.5 578.1666666666667 1.0 19.0 1.0
Point 20 748.8333333333333 578.8333333333333 1.0 20.0 1.0
Point 21 748.1666666666667 576.8333333333333 1.0 21.0 1.0
Point 22 748.8333333333333 576.8333333333333 1.0 22.0 1.0
Point 23 742.8333333333333 576.8333333333333 1.0 23.0 1.0
Point 24 734.8333333333333 579.5 1.0 24.0 1.0
Point 25 712.8333333333333 580.8333333333333 1.0 25.0 1.0
Point 26 686.8333333333333 582.8333333333333 1.0 26.0 1.0
Point 27 671.5 584.1666666666667 1.0 27.0 1.0
Point 28 666.8333333333333 588.8333333333333 1.0 28.0 1.0
Point 29 666.8333333333333 586.8333333333333 1.0 29.0 1.0
Point 30 660.8333333333333 587.5 1.0 30.0 1.0
Point 31 656.8333333333333 588.8333333333333 1.0 31.0 1.0
Point 32 658.1666666666667 588.8333333333333 1.0 32.0 1.0
Point 33 654.1666666666667 586.8333333333333 1.0 33.0 1.0
Point 34 655.5 586.8333333333333 1.0 34.0 1.0
Point 35 655.5 588.1666666666667 1.0 35.0 1.0
Point 36 655.5 584.8333333333333 1.0 36.0 1.0
Point 37 656.8333333333333 583.5 1.0 37.0 1.0
Point 38 660.1666666666667 582.1666666666667 1.0 38.0 1.0
Point 39 662.1666666666667 582.1666666666667 1.0 39.0 1.0
Point 40 656.8333333333333 582.8333333333333 1.0 40.0 1.0
Point 41 656.8333333333333 584.1666666666667 1.0 41.0 1.0
Point 42 654.8333333333333 582.1666666666667 1.0 42.0 1.0
Point 43 653.5 582.1666666666667 1.0 43.0 1.0
Point 44 649.5 586.1666666666667 1.0 44.0 1.0
Point 45 649.5 588.1666666666667 1.0 45.0 1.0
Point 46 647.5 591.5 1.0 46.0 1.0
Point 47 646.1666666666667 589.5 1.0 47.0 1.0
Point 48 644.8333333333333 590.8333333333333 1.0 48.0 1.0
Point 49 644.1666666666667 592.8333333333333 1.0 49.0 1.0
Point 50 642.8333333333333 593.5 1.0 50.0 1.0
Point 51 641.5 597.5 1.0 51.0 1.0
Point 52 642.8333333333333 598.1666666666667 1.0 52.0 1.0
Point 53 644.8333333333333 596.1666666666667 1.0 53.0 1.0
Point 54 647.5 594.1666666666667 1.0 54.0 1.0
Point 55 646.1666666666667 594.8333333333333 1.0 55.0 1.0
Point 56 642.8333333333333 592.8333333333333 1.0 56.0 1.0
Point 57 642.8333333333333 592.8333333333333 1.0 57.0 1.0
Point 58 644.1666666666667 592.8333333333333 1.0 58.0 1.0
Point 59 644.1666666666667 592.8333333333333 1.0 59.0 1.0
Point 60 644.1666666666667 591.5 1.0 60.0 1.0
Point 61 644.8333333333333 588.8333333333333 1.0 61.0 1.0
Point 62 642.8333333333333 586.1666666666667 1.0 62.0 1.0
Point 63 640.8333333333333 586.8333333333333 1.0 63.0 1.0
Point 64 642.8333333333333 587.5 1.0 64.0 1.0
Point 65 643.5 587.5 1.0 65.0 1.0
Point 66 641.5 586.1666666666667 1.0 66.0 1.0
Point 67 641.5 587.5 1.0 67.0 1.0
Point 68 640.8333333333333 585.5 1.0 68.0 1.0
Point 69 639.5 583.5 1.0 69.0 1.0
Point 70 640.8333333333333 580.1666666666667 1.0 70.0 1.0
Point 71 640.8333333333333 580.1666666666667 1.0 71.0 1.0
Point 72 639.5 580.8333333333333 1.0 72.0 1.0
Point 73 638.1666666666667 580.8333333333333 1.0 73.0 1.0
Point 74 638.1666666666667 580.1666666666667 1.0 74.0 1.0
Point 75 638.1666666666667 577.5 1.0 75.0 1.0
Point 76 638.1666666666667 577.5 1.0 76.0 1.0
Point 77 640.1666666666667 577.5 1.0 77.0 1.0
Point 78 642.8333333333333 577.5 1.0 78.0 1.0
Point 79 642.8333333333333 577.5 1.0 79.0 1.0
Point 80 642.8333333333333 576.1666666666667 1.0 80.0 1.0
Point 81 638.1666666666667 578.8333333333333 1.0 81.0 1.0
Point 82 642.1666666666667 577.5 1.0 82.0 1.0
Point 84 639.5 572.8333333333334 1.0 83.0 1.0
Point 85 639.5 571.5 1.0 84.0 1.0
Point 86 637.5 571.5 1.0 85.0 1.0
Point 87 635.5 573.5 1.0 86.0 1.0
Point 88 637.5 574.8333333333333 1.0 87.0 1.0
Point 89 637.5 574.8333333333333 1.0 88.0 1.0
Point 90 636.8333333333333 573.5 1.0 89.0 1.0
Point 91 636.8333333333333 571.5 1.0 90.0 1.0
Point 92 637.5 568.1666666666666 1.0 91.0 1.0
Point 93 635.5 573.5 1.0 92.0 1.0
Point 94 634.8333333333333 571.5 1.0 93.0 1.0
Point 95 634.8333333333333 568.8333333333334 1.0 94.0 1.0
Point 96 634.1666666666667 568.8333333333334 1.0 95.0 1.0
Point 97 632.8333333333333 570.8333333333334 1.0 96.0 1.0
Point 98 632.8333333333333 569.5 1.0 97.0 1.0
Point 99 633.5 566.1666666666666 1.0 98.0 1.0
Point 100 634.8333333333333 566.8333333333334 1.0 99.0 1.0
Point 101 634.8333333333333 567.5 1.0 100.0 1.0
Point 102 629.5 566.8333333333334 1.0 101.0 1.0
Point 103 635.5 569.5 1.0 102.0 1.0
Point 104 632.8333333333333 570.8333333333334 1.0 103.0 1.0
Point 105 633.5 566.8333333333334 1.0 104.0 1.0
Point 106 630.8333333333333 567.5 1.0 105.0 1.0
Point 107 631.5 568.8333333333334 1.0 106.0 1.0
Point 108 636.1666666666667 571.5 1.0 107.0 1.0
Point 109 640.8333333333333 572.8333333333334 1.0 108.0 1.0
Point 110 640.8333333333333 574.1666666666667 1.0 109.0 1.0
Point 111 642.1666666666667 576.8333333333333 1.0 110.0 1.0
Point 112 646.1666666666667 580.8333333333333 1.0 111.0 1.0
Point 113 651.5 582.1666666666667 1.0 112.0 1.0
Point 114 653.5 585.5 1.0 113.0 1.0
Point 115 654.1666666666667 586.1666666666667 1.0 114.0 1.0
Point 116 659.5 587.5 1.0 115.0 1.0
Point 117 662.1666666666667 588.8333333333333 1.0 116.0 1.0
Point 118 662.1666666666667 591.5 1.0 117.0 1.0
Point 119 664.8333333333333 594.8333333333333 1.0 118.0 1.0
Point 120 672.8333333333333 598.1666666666667 1.0 119.0 1.0
Point 121 679.5 608.8333333333333 1.0 120.0 1.0
Point 122 684.8333333333333 614.8333333333333 1.0 121.0 1.0
Point 123 690.1666666666667 619.5 1.0 122.0 1.0
Point 124 694.1666666666667 626.8333333333333 1.0 123.0 1.0
Point 125 698.1666666666667 631.5 1.0 124.0 1.0
Point 126 698.1666666666667 628.8333333333333 1.0 125.0 1.0
Point 127 700.1666666666667 630.8333333333333 1.0 126.0 1.0
Point 128 704.1666666666667 633.5 1.0 127.0 1.0
Point 129 706.1666666666667 636.1666666666667 1.0 128.0 1.0
Point 130 706.1666666666667 639.5 1.0 129.0 1.0
Point 131 706.8333333333333 640.1666666666667 1.0 130.0 1.0
Point 132 704.8333333333333 640.1666666666667 1.0 131.0 1.0
Point 133 705.5 642.8333333333333 1.0 132.0 1.0
Point 134 707.5 645.5 1.0 133.0 1.0
Point 135 707.5 647.5 1.0 134.0 1.0
Point 136 706.8333333333333 650.1666666666667 1.0 135.0 1.0
Point 137 706.8333333333333 652.8333333333333 1.0 136.0 1.0
Point 138 708.1666666666667 652.1666666666667 1.0 137.0 1.0
Point 139 708.8333333333333 649.5 1.0 138.0 1.0
Point 140 708.1666666666667 647.5 1.0 139.0 1.0
Point 141 708.8333333333333 648.8333333333333 1.0 140.0 1.0
Point 142 708.1666666666667 649.5 1.0 141.0 1.0
Point 143 706.1666666666667 646.8333333333333 1.0 142.0 1.0
Point 144 701.5 656.8333333333333 1.0 143.0 1.0
Point 145 698.1666666666667 661.5 1.0 144.0 1.0
Point 146 696.8333333333333 678.1666666666667 1.0 145.0 1.0
Point 147 695.5 677.5 1.0 146.0 1.0
Point 148 696.1666666666667 676.8333333333333 1.0 147.0 1.0
Point 149 694.8333333333333 682.1666666666667 1.0 148.0 1.0
Point 150 696.1666666666667 678.8333333333333 1.0 149.0 1.0
Point 151 694.8333333333333 680.8333333333333 1.0 150.0 1.0
Point 152 692.8333333333333 682.1666666666667 1.0 151.0 1.0
Point 153 690.1666666666667 682.1666666666667 1.0 152.0 1.0
Point 154 689.5 682.8333333333333 1.0 153.0 1.0
Point 155 688.1666666666667 686.8333333333333 1.0 154.0 1.0
Point 156 689.5 686.1666666666667 1.0 155.0 1.0
Point 157 690.1666666666667 684.1666666666667 1.0 156.0 1.0
Point 158 686.8333333333333 685.5 1.0 157.0 1.0
Point 159 689.5 684.8333333333333 1.0 158.0 1.0
Point 160 692.8333333333333 682.8333333333333 1.0 159.0 1.0
Point 161 696.8333333333333 680.1666666666667 1.0 160.0 1.0
Point 162 696.8333333333333 681.5 1.0 161.0 1.0
Point 163 696.1666666666667 680.1666666666667 1.0 162.0 1.0
Point 164 694.1666666666667 683.5 1.0 163.0 1.0
Point 165 689.5 686.1666666666667 1.0 164.0 1.0
Point 166 690.8333333333333 688.1666666666667 1.0 165.0 1.0
Point 167 693.5 686.8333333333333 1.0 166.0 1.0
Point 168 693.5 685.5 1.0 167.0 1.0
Point 169 696.8333333333333 676.8333333333333 1.0 168.0 1.0
Point 170 696.8333333333333 676.8333333333333 1.0 169.0 1.0
Point 171 700.8333333333333 676.1666666666667 1.0 170.0 1.0
Point 172 696.8333333333333 672.8333333333333 1.0 171.0 1.0
Point 173 699.5 676.1666666666667 1.0 172.0 1.0
Point 174 697.5 678.1666666666667 1.0 173.0 1.0
Point 175 693.5 680.1666666666667 1.0 174.0 1.0
Point 176 693.5 680.1666666666667 1.0 175.0 1.0
Point 177 688.1666666666667 684.8333333333333 1.0 176.0 1.0
Point 178 686.8333333333333 687.5 1.0 177.0 1.0
Point 179 684.8333333333333 688.8333333333333 1.0 178.0 1.0
Point 180 682.8333333333333 689.5 1.0 179.0 1.0
Point 181 680.8333333333333 693.5 1.0 180.0 1.0
Point 182 682.8333333333333 693.5 1.0 181.0 1.0
Point 183 682.1666666666667 694.8333333333333 1.0 182.0 1.0
Point 184 683.5 694.8333333333333 1.0 183.0 1.0
Point 185 682.1666666666667 692.1666666666667 1.0 184.0 1.0
Point 186 685.5 691.5 1.0 185.0 1.0
Point 187 688.1666666666667 689.5 1.0 186.0 1.0
Point 188 688.8333333333333 688.8333333333333 1.0 187.0 1.0
Point 189 682.8333333333333 692.8333333333333 1.0 188.0 1.0
Point 190 682.1666666666667 695.5 1.0 189.0 1.0
Point 191 682.1666666666667 695.5 1.0 190.0 1.0
Point 192 680.1666666666667 696.8333333333333 1.0 191.0 1.0
Point 193 678.8333333333333 697.5 1.0 192.0 1.0
Point 194 676.1666666666667 699.5 1.0 193.0 1.0
Point 195 676.1666666666667 698.8333333333333 1.0 194.0 1.0
Point 196 678.8333333333333 699.5 1.0 195.0 1.0
Point 197 678.1666666666667 701.5 1.0 196.0 1.0
Point 198 672.1666666666667 705.5 1.0 197.0 1.0
Point 199 674.1666666666667 704.1666666666667 1.0 198.0 1.0
Point 200 671.5 705.5 1.0 199.0 1.0
Point 201 672.1666666666667 707.5 1.0 200.0 1.0
End of MTrackJ Data File
