MTrackJ 1.5.1 Data File
Displaying false true true 1 2 0 0 100 20 0 0 0 0 1 8 0 false false true false
Assembly 1 FF0000
Cluster 1 FF0000
Track 1 FF0000 true
Point 1 1581.1666666666667 380.8333333333333 1.0 1.0 1.0
Point 2 1578.5 378.8333333333333 1.0 2.0 1.0
Point 3 1575.1666666666667 375.5 1.0 3.0 1.0
Point 4 1573.8333333333333 371.5 1.0 4.0 1.0
Point 5 1573.1666666666667 369.5 1.0 5.0 1.0
Point 6 1569.8333333333333 366.1666666666667 1.0 6.0 1.0
Point 7 1565.8333333333333 362.1666666666667 1.0 7.0 1.0
Point 8 1566.5 364.8333333333333 1.0 8.0 1.0
Point 9 1566.5 364.1666666666667 1.0 9.0 1.0
Point 10 1566.5 365.5 1.0 10.0 1.0
Point 11 1565.1666666666667 363.5 1.0 11.0 1.0
Point 12 1565.1666666666667 361.5 1.0 12.0 1.0
Point 13 1563.8333333333333 358.1666666666667 1.0 13.0 1.0
Point 14 1563.8333333333333 360.8333333333333 1.0 14.0 1.0
Point 15 1563.8333333333333 362.8333333333333 1.0 15.0 1.0
Point 16 1563.8333333333333 363.5 1.0 16.0 1.0
Point 17 1563.8333333333333 362.1666666666667 1.0 17.0 1.0
Point 18 1563.8333333333333 361.5 1.0 18.0 1.0
Point 19 1563.8333333333333 358.1666666666667 1.0 19.0 1.0
Point 20 1563.8333333333333 356.1666666666667 1.0 20.0 1.0
Point 21 1561.8333333333333 353.5 1.0 21.0 1.0
Point 22 1563.1666666666667 352.8333333333333 1.0 22.0 1.0
Point 23 1560.5 351.5 1.0 23.0 1.0
Point 24 1559.8333333333333 350.8333333333333 1.0 24.0 1.0
Point 25 1559.1666666666667 348.8333333333333 1.0 25.0 1.0
Point 26 1559.8333333333333 347.5 1.0 26.0 1.0
Point 27 1557.8333333333333 344.8333333333333 1.0 27.0 1.0
Point 28 1557.8333333333333 343.5 1.0 28.0 1.0
Point 29 1557.1666666666667 342.8333333333333 1.0 29.0 1.0
Point 30 1556.5 341.5 1.0 30.0 1.0
Point 31 1556.5 341.5 1.0 31.0 1.0
Point 32 1556.5 341.5 1.0 32.0 1.0
Point 33 1556.5 340.1666666666667 1.0 33.0 1.0
Point 34 1555.1666666666667 340.8333333333333 1.0 34.0 1.0
Point 35 1553.8333333333333 341.5 1.0 35.0 1.0
Point 36 1553.1666666666667 342.8333333333333 1.0 36.0 1.0
Point 37 1553.1666666666667 342.8333333333333 1.0 37.0 1.0
Point 38 1553.1666666666667 342.8333333333333 1.0 38.0 1.0
Point 39 1555.1666666666667 344.8333333333333 1.0 39.0 1.0
Point 40 1556.5 344.8333333333333 1.0 40.0 1.0
Point 41 1558.5 344.8333333333333 1.0 41.0 1.0
Point 42 1558.5 343.5 1.0 42.0 1.0
Point 43 1557.1666666666667 345.5 1.0 43.0 1.0
Point 44 1557.1666666666667 345.5 1.0 44.0 1.0
Point 45 1557.8333333333333 344.8333333333333 1.0 45.0 1.0
Point 46 1556.5 344.1666666666667 1.0 46.0 1.0
Point 47 1555.8333333333333 342.8333333333333 1.0 47.0 1.0
Point 48 1554.5 342.8333333333333 1.0 48.0 1.0
Point 49 1553.1666666666667 340.8333333333333 1.0 49.0 1.0
Point 50 1553.1666666666667 340.8333333333333 1.0 50.0 1.0
Point 51 1553.8333333333333 340.1666666666667 1.0 51.0 1.0
Point 52 1551.8333333333333 341.5 1.0 52.0 1.0
Point 53 1552.5 339.5 1.0 53.0 1.0
Point 54 1551.8333333333333 338.1666666666667 1.0 54.0 1.0
Point 55 1551.8333333333333 337.5 1.0 55.0 1.0
Point 56 1550.5 336.1666666666667 1.0 56.0 1.0
Point 57 1551.1666666666667 336.8333333333333 1.0 57.0 1.0
Point 58 1551.1666666666667 338.8333333333333 1.0 58.0 1.0
Point 59 1553.8333333333333 344.1666666666667 1.0 59.0 1.0
Point 60 1555.8333333333333 350.1666666666667 1.0 60.0 1.0
Point 61 1557.8333333333333 356.1666666666667 1.0 61.0 1.0
Point 62 1560.5 360.8333333333333 1.0 62.0 1.0
Point 63 1562.5 366.8333333333333 1.0 63.0 1.0
Point 64 1566.5 375.5 1.0 64.0 1.0
Point 65 1565.8333333333333 378.1666666666667 1.0 65.0 1.0
Point 66 1563.1666666666667 371.5 1.0 66.0 1.0
Point 67 1561.1666666666667 368.1666666666667 1.0 67.0 1.0
Point 68 1561.1666666666667 370.1666666666667 1.0 68.0 1.0
Point 69 1560.5 365.5 1.0 69.0 1.0
Point 70 1557.8333333333333 358.8333333333333 1.0 70.0 1.0
Point 71 1556.5 354.1666666666667 1.0 71.0 1.0
Point 72 1556.5 353.5 1.0 72.0 1.0
Point 73 1555.8333333333333 354.1666666666667 1.0 73.0 1.0
Point 74 1555.8333333333333 352.8333333333333 1.0 74.0 1.0
Point 75 1554.5 350.1666666666667 1.0 75.0 1.0
Point 76 1554.5 348.8333333333333 1.0 76.0 1.0
Point 77 1554.5 349.5 1.0 77.0 1.0
Point 78 1554.5 347.5 1.0 78.0 1.0
Point 79 1555.8333333333333 349.5 1.0 79.0 1.0
Point 80 1556.5 351.5 1.0 80.0 1.0
Point 81 1557.8333333333333 353.5 1.0 81.0 1.0
Point 82 1557.8333333333333 354.1666666666667 1.0 82.0 1.0
Point 83 1558.5 358.8333333333333 1.0 83.0 1.0
Point 84 1561.1666666666667 363.5 1.0 84.0 1.0
Point 85 1559.8333333333333 367.5 1.0 85.0 1.0
Point 86 1557.8333333333333 364.1666666666667 1.0 86.0 1.0
Point 87 1557.1666666666667 359.5 1.0 87.0 1.0
Point 88 1555.8333333333333 358.1666666666667 1.0 88.0 1.0
Point 89 1555.8333333333333 355.5 1.0 89.0 1.0
Point 90 1555.1666666666667 353.5 1.0 90.0 1.0
Point 91 1554.5 351.5 1.0 91.0 1.0
Point 92 1555.1666666666667 349.5 1.0 92.0 1.0
Point 93 1555.1666666666667 347.5 1.0 93.0 1.0
Point 94 1555.1666666666667 346.8333333333333 1.0 94.0 1.0
Point 95 1555.8333333333333 346.8333333333333 1.0 95.0 1.0
Point 96 1554.5 344.1666666666667 1.0 96.0 1.0
Point 97 1553.1666666666667 343.5 1.0 97.0 1.0
Point 98 1553.8333333333333 342.8333333333333 1.0 98.0 1.0
Point 99 1553.8333333333333 344.1666666666667 1.0 99.0 1.0
Point 100 1555.1666666666667 345.5 1.0 100.0 1.0
Point 101 1556.5 344.1666666666667 1.0 101.0 1.0
Point 102 1555.8333333333333 342.8333333333333 1.0 102.0 1.0
Point 103 1555.1666666666667 342.1666666666667 1.0 103.0 1.0
Point 104 1555.8333333333333 342.1666666666667 1.0 104.0 1.0
Point 105 1555.8333333333333 340.8333333333333 1.0 105.0 1.0
Point 106 1553.1666666666667 339.5 1.0 106.0 1.0
Point 107 1552.5 337.5 1.0 107.0 1.0
Point 108 1552.5 338.8333333333333 1.0 108.0 1.0
Point 109 1553.1666666666667 339.5 1.0 109.0 1.0
Point 110 1553.1666666666667 338.1666666666667 1.0 110.0 1.0
Point 111 1553.1666666666667 338.1666666666667 1.0 111.0 1.0
Point 112 1550.5 337.5 1.0 112.0 1.0
Point 113 1549.8333333333333 338.1666666666667 1.0 113.0 1.0
Point 114 1548.5 336.8333333333333 1.0 114.0 1.0
Point 115 1548.5 336.1666666666667 1.0 115.0 1.0
Point 116 1547.8333333333333 336.8333333333333 1.0 116.0 1.0
Point 117 1549.1666666666667 336.8333333333333 1.0 117.0 1.0
Point 118 1548.5 336.8333333333333 1.0 118.0 1.0
Point 119 1548.5 336.8333333333333 1.0 119.0 1.0
Point 120 1549.8333333333333 338.8333333333333 1.0 120.0 1.0
Point 121 1549.1666666666667 337.5 1.0 121.0 1.0
Point 122 1546.5 336.1666666666667 1.0 122.0 1.0
Point 123 1546.5 335.5 1.0 123.0 1.0
Point 124 1547.1666666666667 335.5 1.0 124.0 1.0
Point 125 1547.1666666666667 337.5 1.0 125.0 1.0
Point 126 1547.1666666666667 337.5 1.0 126.0 1.0
Point 127 1547.1666666666667 336.1666666666667 1.0 127.0 1.0
Point 128 1549.1666666666667 332.8333333333333 1.0 128.0 1.0
Point 129 1546.5 327.5 1.0 129.0 1.0
Point 130 1545.8333333333333 325.5 1.0 130.0 1.0
Point 131 1546.5 323.5 1.0 131.0 1.0
Point 132 1545.1666666666667 321.5 1.0 132.0 1.0
Point 133 1545.8333333333333 324.16666666666663 1.0 133.0 1.0
Point 134 1545.8333333333333 326.16666666666663 1.0 134.0 1.0
Point 135 1545.8333333333333 325.5 1.0 135.0 1.0
Point 136 1544.5 328.16666666666663 1.0 136.0 1.0
Point 137 1544.5 326.16666666666663 1.0 137.0 1.0
Point 138 1543.8333333333333 325.5 1.0 138.0 1.0
Point 139 1543.8333333333333 327.5 1.0 139.0 1.0
Point 140 1544.5 325.5 1.0 140.0 1.0
Point 141 1544.5 325.5 1.0 141.0 1.0
Point 142 1544.5 324.83333333333337 1.0 142.0 1.0
Point 143 1543.8333333333333 324.16666666666663 1.0 143.0 1.0
Point 144 1543.1666666666667 324.16666666666663 1.0 144.0 1.0
Point 145 1543.8333333333333 324.83333333333337 1.0 145.0 1.0
Point 146 1543.8333333333333 324.16666666666663 1.0 146.0 1.0
Point 147 1543.8333333333333 324.83333333333337 1.0 147.0 1.0
Point 148 1543.8333333333333 325.5 1.0 148.0 1.0
Point 149 1543.1666666666667 326.16666666666663 1.0 149.0 1.0
Point 150 1543.1666666666667 328.16666666666663 1.0 150.0 1.0
Point 151 1541.8333333333333 327.5 1.0 151.0 1.0
Point 152 1541.1666666666667 326.16666666666663 1.0 152.0 1.0
Point 153 1541.8333333333333 326.83333333333337 1.0 153.0 1.0
Point 154 1541.1666666666667 324.83333333333337 1.0 154.0 1.0
Point 155 1543.1666666666667 325.5 1.0 155.0 1.0
Point 156 1543.1666666666667 324.83333333333337 1.0 156.0 1.0
Point 157 1544.5 323.5 1.0 157.0 1.0
Point 158 1545.1666666666667 324.16666666666663 1.0 158.0 1.0
Point 159 1545.1666666666667 324.83333333333337 1.0 159.0 1.0
Point 160 1545.8333333333333 326.83333333333337 1.0 160.0 1.0
Point 161 1546.5 326.83333333333337 1.0 161.0 1.0
Point 162 1547.1666666666667 326.16666666666663 1.0 162.0 1.0
Point 163 1547.1666666666667 325.5 1.0 163.0 1.0
Point 164 1545.8333333333333 323.5 1.0 164.0 1.0
Point 165 1545.1666666666667 324.83333333333337 1.0 165.0 1.0
Point 166 1545.1666666666667 322.83333333333337 1.0 166.0 1.0
Point 167 1544.5 322.16666666666663 1.0 167.0 1.0
Point 168 1543.8333333333333 320.83333333333337 1.0 168.0 1.0
Point 169 1541.8333333333333 320.16666666666663 1.0 169.0 1.0
Point 170 1541.8333333333333 320.83333333333337 1.0 170.0 1.0
Point 171 1541.8333333333333 319.5 1.0 171.0 1.0
Point 172 1542.5 320.16666666666663 1.0 172.0 1.0
Point 173 1542.5 318.16666666666663 1.0 173.0 1.0
Point 174 1541.8333333333333 315.5 1.0 174.0 1.0
Point 175 1541.8333333333333 316.16666666666663 1.0 175.0 1.0
Point 176 1541.8333333333333 317.5 1.0 176.0 1.0
Point 177 1540.5 313.5 1.0 177.0 1.0
Point 178 1541.1666666666667 315.5 1.0 178.0 1.0
Point 179 1541.1666666666667 314.16666666666663 1.0 179.0 1.0
Point 180 1539.1666666666667 312.83333333333337 1.0 180.0 1.0
Point 181 1539.1666666666667 314.83333333333337 1.0 181.0 1.0
Point 182 1539.1666666666667 313.5 1.0 182.0 1.0
Point 183 1539.1666666666667 315.5 1.0 183.0 1.0
Point 184 1539.1666666666667 314.16666666666663 1.0 184.0 1.0
Point 185 1537.1666666666667 313.5 1.0 185.0 1.0
Point 186 1537.1666666666667 314.83333333333337 1.0 186.0 1.0
Point 187 1535.8333333333333 316.16666666666663 1.0 187.0 1.0
Point 188 1537.1666666666667 315.5 1.0 188.0 1.0
Point 189 1538.5 315.5 1.0 189.0 1.0
Point 190 1537.8333333333333 312.16666666666663 1.0 190.0 1.0
Point 191 1537.8333333333333 316.16666666666663 1.0 191.0 1.0
Point 192 1536.5 318.16666666666663 1.0 192.0 1.0
Point 193 1536.5 323.5 1.0 193.0 1.0
Point 194 1539.1666666666667 328.16666666666663 1.0 194.0 1.0
Point 195 1542.5 333.5 1.0 195.0 1.0
Point 196 1544.5 338.1666666666667 1.0 196.0 1.0
Point 197 1542.5 337.5 1.0 197.0 1.0
Point 198 1542.5 337.5 1.0 198.0 1.0
Point 199 1539.1666666666667 336.1666666666667 1.0 199.0 1.0
Point 200 1539.1666666666667 331.5 1.0 200.0 1.0
End of MTrackJ Data File
