MTrackJ 1.5.1 Data File
Displaying false true true 1 2 0 0 100 20 0 0 0 0 1 8 0 false false true false
Assembly 1 FF0000
Cluster 1 FF0000
Track 1 FF0000 true
Point 1 1553.8333333333333 388.1666666666667 1.0 1.0 1.0
Point 2 1551.1666666666667 390.1666666666667 1.0 2.0 1.0
Point 3 1555.8333333333333 386.1666666666667 1.0 3.0 1.0
Point 4 1547.1666666666667 389.5 1.0 4.0 1.0
Point 5 1547.1666666666667 374.8333333333333 1.0 5.0 1.0
Point 6 1545.1666666666667 376.8333333333333 1.0 6.0 1.0
Point 7 1539.8333333333333 380.8333333333333 1.0 7.0 1.0
Point 8 1539.8333333333333 381.5 1.0 8.0 1.0
Point 9 1542.5 382.1666666666667 1.0 9.0 1.0
Point 10 1542.5 378.1666666666667 1.0 10.0 1.0
Point 11 1539.1666666666667 377.5 1.0 11.0 1.0
Point 12 1538.5 374.8333333333333 1.0 12.0 1.0
Point 13 1549.1666666666667 378.1666666666667 1.0 13.0 1.0
Point 14 1565.1666666666667 385.5 1.0 14.0 1.0
Point 15 1552.5 377.5 1.0 15.0 1.0
Point 16 1549.8333333333333 384.8333333333333 1.0 16.0 1.0
Point 17 1540.5 377.5 1.0 17.0 1.0
Point 18 1542.5 373.5 1.0 18.0 1.0
Point 19 1538.5 373.5 1.0 19.0 1.0
Point 20 1531.8333333333333 378.1666666666667 1.0 20.0 1.0
Point 21 1535.8333333333333 375.5 1.0 21.0 1.0
Point 22 1536.5 374.8333333333333 1.0 22.0 1.0
Point 23 1538.5 373.5 1.0 23.0 1.0
Point 24 1539.8333333333333 370.8333333333333 1.0 24.0 1.0
Point 25 1542.5 369.5 1.0 25.0 1.0
Point 26 1543.1666666666667 369.5 1.0 26.0 1.0
Point 27 1545.8333333333333 367.5 1.0 27.0 1.0
Point 28 1546.5 371.5 1.0 28.0 1.0
Point 29 1549.1666666666667 368.8333333333333 1.0 29.0 1.0
Point 30 1537.1666666666667 365.5 1.0 30.0 1.0
Point 31 1541.8333333333333 364.1666666666667 1.0 31.0 1.0
Point 32 1535.8333333333333 364.8333333333333 1.0 32.0 1.0
Point 33 1538.5 364.1666666666667 1.0 33.0 1.0
Point 34 1541.8333333333333 362.1666666666667 1.0 34.0 1.0
Point 35 1537.8333333333333 362.1666666666667 1.0 35.0 1.0
Point 36 1537.8333333333333 360.1666666666667 1.0 36.0 1.0
Point 37 1540.5 359.5 1.0 37.0 1.0
Point 38 1545.8333333333333 355.5 1.0 38.0 1.0
Point 39 1554.5 357.5 1.0 39.0 1.0
Point 40 1557.1666666666667 356.1666666666667 1.0 40.0 1.0
Point 41 1561.1666666666667 358.1666666666667 1.0 41.0 1.0
Point 42 1555.8333333333333 360.8333333333333 1.0 42.0 1.0
Point 43 1553.1666666666667 362.8333333333333 1.0 43.0 1.0
Point 44 1556.5 362.1666666666667 1.0 44.0 1.0
Point 45 1549.1666666666667 364.1666666666667 1.0 45.0 1.0
Point 46 1546.5 369.5 1.0 46.0 1.0
Point 47 1548.5 366.8333333333333 1.0 47.0 1.0
Point 48 1553.1666666666667 368.8333333333333 1.0 48.0 1.0
Point 49 1562.5 373.5 1.0 49.0 1.0
Point 50 1555.8333333333333 378.8333333333333 1.0 50.0 1.0
Point 51 1559.1666666666667 374.8333333333333 1.0 51.0 1.0
Point 52 1561.8333333333333 367.5 1.0 52.0 1.0
Point 53 1565.1666666666667 378.8333333333333 1.0 53.0 1.0
Point 54 1554.5 376.8333333333333 1.0 54.0 1.0
Point 55 1555.8333333333333 374.8333333333333 1.0 55.0 1.0
Point 56 1563.1666666666667 384.8333333333333 1.0 56.0 1.0
Point 57 1561.1666666666667 376.8333333333333 1.0 57.0 1.0
Point 58 1569.8333333333333 378.8333333333333 1.0 58.0 1.0
Point 59 1574.5 405.5 1.0 59.0 1.0
Point 60 1576.5 406.8333333333333 1.0 60.0 1.0
Point 61 1583.1666666666667 419.5 1.0 61.0 1.0
Point 62 1599.1666666666667 455.5 1.0 62.0 1.0
Point 63 1595.1666666666667 449.5 1.0 63.0 1.0
Point 64 1603.8333333333333 466.1666666666667 1.0 64.0 1.0
Point 65 1597.1666666666667 457.5 1.0 65.0 1.0
Point 66 1593.8333333333333 448.1666666666667 1.0 66.0 1.0
Point 67 1588.5 440.1666666666667 1.0 67.0 1.0
Point 68 1597.8333333333333 447.5 1.0 68.0 1.0
Point 69 1587.8333333333333 435.5 1.0 69.0 1.0
Point 70 1593.1666666666667 446.1666666666667 1.0 70.0 1.0
Point 71 1594.5 450.8333333333333 1.0 71.0 1.0
Point 72 1577.8333333333333 450.8333333333333 1.0 72.0 1.0
Point 73 1575.1666666666667 424.8333333333333 1.0 73.0 1.0
Point 74 1572.5 402.1666666666667 1.0 74.0 1.0
Point 75 1570.5 398.1666666666667 1.0 75.0 1.0
Point 76 1581.8333333333333 422.1666666666667 1.0 76.0 1.0
Point 77 1583.8333333333333 422.1666666666667 1.0 77.0 1.0
Point 78 1581.1666666666667 424.1666666666667 1.0 78.0 1.0
Point 79 1591.8333333333333 443.5 1.0 79.0 1.0
Point 80 1593.8333333333333 449.5 1.0 80.0 1.0
Point 81 1581.1666666666667 429.5 1.0 81.0 1.0
Point 82 1589.1666666666667 446.8333333333333 1.0 82.0 1.0
Point 83 1583.8333333333333 448.1666666666667 1.0 83.0 1.0
Point 84 1583.1666666666667 442.8333333333333 1.0 84.0 1.0
Point 85 1586.5 443.5 1.0 85.0 1.0
Point 86 1581.1666666666667 430.1666666666667 1.0 86.0 1.0
Point 87 1578.5 423.5 1.0 87.0 1.0
Point 88 1585.8333333333333 428.1666666666667 1.0 88.0 1.0
Point 89 1577.1666666666667 410.1666666666667 1.0 89.0 1.0
Point 90 1575.1666666666667 409.5 1.0 90.0 1.0
Point 91 1579.8333333333333 429.5 1.0 91.0 1.0
Point 92 1571.1666666666667 401.5 1.0 92.0 1.0
Point 93 1573.8333333333333 402.8333333333333 1.0 93.0 1.0
Point 94 1570.5 391.5 1.0 94.0 1.0
Point 95 1569.8333333333333 384.8333333333333 1.0 95.0 1.0
Point 96 1571.1666666666667 386.1666666666667 1.0 96.0 1.0
Point 97 1569.8333333333333 382.1666666666667 1.0 97.0 1.0
Point 98 1568.5 389.5 1.0 98.0 1.0
Point 99 1573.1666666666667 398.8333333333333 1.0 99.0 1.0
Point 100 1576.5 377.5 1.0 100.0 1.0
Point 101 1575.1666666666667 378.1666666666667 1.0 101.0 1.0
Point 102 1569.8333333333333 378.8333333333333 1.0 102.0 1.0
Point 103 1569.1666666666667 379.5 1.0 103.0 1.0
Point 104 1567.8333333333333 396.8333333333333 1.0 104.0 1.0
Point 105 1570.5 386.8333333333333 1.0 105.0 1.0
Point 106 1567.1666666666667 389.5 1.0 106.0 1.0
Point 107 1563.1666666666667 392.1666666666667 1.0 107.0 1.0
Point 108 1557.1666666666667 396.1666666666667 1.0 108.0 1.0
Point 109 1553.8333333333333 398.8333333333333 1.0 109.0 1.0
Point 110 1550.5 396.8333333333333 1.0 110.0 1.0
Point 111 1549.8333333333333 392.1666666666667 1.0 111.0 1.0
Point 112 1549.8333333333333 389.5 1.0 112.0 1.0
Point 113 1549.8333333333333 392.8333333333333 1.0 113.0 1.0
Point 114 1546.5 386.1666666666667 1.0 114.0 1.0
Point 115 1552.5 394.8333333333333 1.0 115.0 1.0
Point 116 1547.8333333333333 389.5 1.0 116.0 1.0
Point 117 1545.8333333333333 394.1666666666667 1.0 117.0 1.0
Point 118 1547.1666666666667 386.8333333333333 1.0 118.0 1.0
Point 119 1547.1666666666667 386.1666666666667 1.0 119.0 1.0
Point 120 1543.8333333333333 378.8333333333333 1.0 120.0 1.0
Point 121 1547.1666666666667 371.5 1.0 121.0 1.0
Point 122 1545.1666666666667 382.1666666666667 1.0 122.0 1.0
Point 123 1545.1666666666667 372.1666666666667 1.0 123.0 1.0
Point 124 1544.5 360.8333333333333 1.0 124.0 1.0
Point 125 1558.5 353.5 1.0 125.0 1.0
Point 126 1571.1666666666667 347.5 1.0 126.0 1.0
Point 127 1559.8333333333333 361.5 1.0 127.0 1.0
Point 128 1561.1666666666667 359.5 1.0 128.0 1.0
Point 129 1549.8333333333333 362.1666666666667 1.0 129.0 1.0
Point 130 1549.8333333333333 358.8333333333333 1.0 130.0 1.0
Point 131 1545.8333333333333 370.1666666666667 1.0 131.0 1.0
Point 132 1545.1666666666667 361.5 1.0 132.0 1.0
Point 133 1542.5 359.5 1.0 133.0 1.0
Point 134 1541.8333333333333 360.1666666666667 1.0 134.0 1.0
Point 135 1541.8333333333333 362.8333333333333 1.0 135.0 1.0
Point 136 1539.1666666666667 362.1666666666667 1.0 136.0 1.0
Point 137 1540.5 355.5 1.0 137.0 1.0
Point 138 1541.1666666666667 352.1666666666667 1.0 138.0 1.0
Point 139 1541.1666666666667 353.5 1.0 139.0 1.0
Point 140 1541.8333333333333 351.5 1.0 140.0 1.0
Point 141 1540.5 360.1666666666667 1.0 141.0 1.0
Point 142 1539.8333333333333 361.5 1.0 142.0 1.0
Point 143 1539.1666666666667 361.5 1.0 143.0 1.0
Point 144 1537.8333333333333 352.1666666666667 1.0 144.0 1.0
Point 145 1539.1666666666667 350.1666666666667 1.0 145.0 1.0
Point 146 1546.5 342.1666666666667 1.0 146.0 1.0
Point 147 1555.8333333333333 327.5 1.0 147.0 1.0
Point 148 1558.5 331.5 1.0 148.0 1.0
Point 149 1562.5 330.16666666666663 1.0 149.0 1.0
Point 150 1568.5 328.83333333333337 1.0 150.0 1.0
Point 151 1561.1666666666667 324.83333333333337 1.0 151.0 1.0
Point 152 1561.1666666666667 324.83333333333337 1.0 152.0 1.0
Point 153 1556.5 329.5 1.0 153.0 1.0
Point 154 1562.5 328.16666666666663 1.0 154.0 1.0
Point 155 1567.1666666666667 327.5 1.0 155.0 1.0
Point 156 1559.8333333333333 332.1666666666667 1.0 156.0 1.0
Point 157 1567.1666666666667 325.5 1.0 157.0 1.0
Point 158 1564.5 322.83333333333337 1.0 158.0 1.0
Point 159 1562.5 331.5 1.0 159.0 1.0
Point 160 1565.1666666666667 326.83333333333337 1.0 160.0 1.0
Point 161 1565.8333333333333 322.83333333333337 1.0 161.0 1.0
Point 162 1562.5 329.5 1.0 162.0 1.0
Point 163 1565.1666666666667 324.83333333333337 1.0 163.0 1.0
Point 164 1564.5 322.16666666666663 1.0 164.0 1.0
Point 165 1559.8333333333333 317.5 1.0 165.0 1.0
Point 166 1567.8333333333333 320.16666666666663 1.0 166.0 1.0
Point 167 1571.8333333333333 318.83333333333337 1.0 167.0 1.0
Point 168 1563.8333333333333 325.5 1.0 168.0 1.0
Point 169 1567.1666666666667 326.83333333333337 1.0 169.0 1.0
Point 170 1571.1666666666667 328.83333333333337 1.0 170.0 1.0
Point 171 1568.5 332.8333333333333 1.0 171.0 1.0
Point 172 1573.8333333333333 328.83333333333337 1.0 172.0 1.0
Point 173 1560.5 328.16666666666663 1.0 173.0 1.0
Point 174 1561.1666666666667 327.5 1.0 174.0 1.0
Point 175 1566.5 326.16666666666663 1.0 175.0 1.0
Point 176 1563.8333333333333 330.83333333333337 1.0 176.0 1.0
Point 177 1568.5 323.5 1.0 177.0 1.0
Point 178 1567.8333333333333 326.16666666666663 1.0 178.0 1.0
Point 179 1560.5 330.16666666666663 1.0 179.0 1.0
Point 180 1560.5 326.16666666666663 1.0 180.0 1.0
Point 181 1555.1666666666667 328.83333333333337 1.0 181.0 1.0
Point 182 1559.8333333333333 325.5 1.0 182.0 1.0
Point 183 1557.8333333333333 324.16666666666663 1.0 183.0 1.0
Point 184 1557.8333333333333 332.1666666666667 1.0 184.0 1.0
Point 185 1559.1666666666667 333.5 1.0 185.0 1.0
Point 186 1560.5 331.5 1.0 186.0 1.0
Point 187 1553.1666666666667 340.8333333333333 1.0 187.0 1.0
Point 188 1553.1666666666667 337.5 1.0 188.0 1.0
Point 189 1553.1666666666667 332.1666666666667 1.0 189.0 1.0
Point 190 1550.5 346.1666666666667 1.0 190.0 1.0
Point 191 1551.1666666666667 352.8333333333333 1.0 191.0 1.0
Point 192 1549.8333333333333 368.8333333333333 1.0 192.0 1.0
Point 193 1552.5 386.8333333333333 1.0 193.0 1.0
Point 194 1553.1666666666667 393.5 1.0 194.0 1.0
Point 195 1556.5 390.1666666666667 1.0 195.0 1.0
Point 196 1550.5 384.8333333333333 1.0 196.0 1.0
Point 197 1553.1666666666667 378.1666666666667 1.0 197.0 1.0
Point 198 1551.1666666666667 373.5 1.0 198.0 1.0
Point 199 1551.8333333333333 361.5 1.0 199.0 1.0
Point 200 1552.5 373.5 1.0 200.0 1.0
End of MTrackJ Data File
