MTrackJ 1.5.1 Data File
Displaying true true true 2 0 0 0 100 10 0 0 0 0 1 12 0 true true true false
Assembly 1 FF0000
Cluster 1 FF0000
Track 1 FF0000 true
Point 1 1063.1666666666665 168.16666666666666 1.0 1.0 3.0
Point 2 1070.5 164.83333333333334 1.0 2.0 3.0
Point 3 1073.1666666666665 157.5 1.0 3.0 3.0
Point 4 1080.5 152.83333333333334 1.0 4.0 3.0
Point 5 1088.5 150.83333333333334 1.0 5.0 3.0
Point 6 1085.1666666666665 144.83333333333334 1.0 6.0 3.0
Point 7 1087.8333333333335 140.83333333333334 1.0 7.0 3.0
Point 8 1095.1666666666665 140.83333333333334 1.0 8.0 3.0
Point 9 1092.5 140.16666666666666 1.0 9.0 3.0
Point 10 1094.5 136.16666666666666 1.0 10.0 3.0
Point 11 1099.8333333333335 140.83333333333334 1.0 11.0 3.0
Point 12 1098.5 136.83333333333334 1.0 12.0 3.0
Point 13 1100.5 137.5 1.0 13.0 3.0
Point 14 1097.1666666666665 132.83333333333334 1.0 14.0 3.0
Point 15 1098.5 131.5 1.0 15.0 3.0
Point 16 1094.5 128.16666666666666 1.0 16.0 3.0
Point 17 1089.8333333333335 124.16666666666667 1.0 17.0 3.0
Point 18 1089.8333333333335 122.83333333333333 1.0 18.0 3.0
Point 19 1093.1666666666665 116.83333333333333 1.0 19.0 3.0
Point 20 1091.8333333333335 115.5 1.0 20.0 3.0
Point 21 1093.1666666666665 113.5 1.0 21.0 3.0
Point 22 1089.8333333333335 106.83333333333333 1.0 22.0 3.0
Point 23 1088.5 104.16666666666667 1.0 23.0 3.0
Point 24 1091.1666666666665 102.16666666666667 1.0 24.0 3.0
Point 25 1088.5 102.16666666666667 1.0 25.0 3.0
Point 26 1094.5 103.5 1.0 26.0 3.0
Point 27 1087.1666666666665 102.16666666666667 1.0 27.0 3.0
Point 28 1084.5 102.83333333333333 1.0 28.0 3.0
Point 29 1085.1666666666665 102.83333333333333 1.0 29.0 3.0
Point 30 1085.1666666666665 100.16666666666667 1.0 30.0 3.0
Point 31 1081.8333333333335 100.16666666666667 1.0 31.0 3.0
Point 32 1086.5 98.16666666666667 1.0 32.0 3.0
Point 33 1087.1666666666665 96.83333333333333 1.0 33.0 3.0
Point 34 1083.8333333333335 98.16666666666667 1.0 34.0 3.0
Point 35 1094.5 105.5 1.0 35.0 3.0
Point 36 1101.1666666666665 108.83333333333333 1.0 36.0 3.0
Point 37 1109.1666666666665 118.16666666666667 1.0 37.0 3.0
Point 38 1109.1666666666665 116.83333333333333 1.0 38.0 3.0
Point 39 1107.1666666666665 111.5 1.0 39.0 3.0
Point 40 1101.8333333333335 106.16666666666667 1.0 40.0 3.0
Point 41 1110.5 110.16666666666667 1.0 41.0 3.0
Point 42 1110.5 106.83333333333333 1.0 42.0 3.0
Point 43 1093.1666666666665 98.16666666666667 1.0 43.0 3.0
Point 44 1090.5 94.16666666666667 1.0 44.0 3.0
Point 45 1085.1666666666665 92.16666666666667 1.0 45.0 3.0
Point 46 1083.8333333333335 86.83333333333333 1.0 46.0 3.0
Point 47 1079.8333333333335 90.83333333333333 1.0 47.0 3.0
Point 48 1079.8333333333335 90.83333333333333 1.0 48.0 3.0
Point 49 1080.5 94.16666666666667 1.0 49.0 3.0
Point 50 1081.8333333333335 99.5 1.0 50.0 3.0
Point 51 1084.5 98.16666666666667 1.0 51.0 3.0
Point 52 1073.8333333333335 88.16666666666667 1.0 52.0 3.0
Point 53 1075.8333333333335 84.16666666666667 1.0 53.0 3.0
Point 54 1073.1666666666665 82.83333333333333 1.0 54.0 3.0
Point 55 1073.1666666666665 82.83333333333333 1.0 55.0 3.0
Point 56 1068.5 85.5 1.0 56.0 3.0
Point 57 1070.5 82.83333333333333 1.0 57.0 3.0
Point 58 1071.8333333333335 81.5 1.0 58.0 3.0
Point 59 1069.1666666666665 79.5 1.0 59.0 3.0
Point 60 1069.1666666666665 79.5 1.0 60.0 3.0
Point 61 1070.5 76.83333333333333 1.0 61.0 3.0
Point 62 1067.8333333333335 76.16666666666667 1.0 62.0 3.0
Point 63 1072.5 72.83333333333333 1.0 63.0 3.0
Point 64 1069.8333333333335 72.83333333333333 1.0 64.0 3.0
Point 65 1067.8333333333335 75.5 1.0 65.0 3.0
Point 66 1070.5 73.5 1.0 66.0 3.0
Point 67 1065.8333333333335 74.83333333333333 1.0 67.0 3.0
Point 68 1074.5 68.83333333333333 1.0 68.0 3.0
Point 69 1065.8333333333335 70.83333333333333 1.0 69.0 3.0
Point 70 1062.5 70.83333333333333 1.0 70.0 3.0
Point 71 1067.8333333333335 67.5 1.0 71.0 3.0
Point 72 1065.8333333333335 68.16666666666667 1.0 72.0 3.0
Point 73 1067.8333333333335 65.5 1.0 73.0 3.0
Point 74 1069.1666666666665 64.16666666666667 1.0 74.0 3.0
Point 75 1074.5 62.833333333333336 1.0 75.0 3.0
Point 76 1069.1666666666665 62.833333333333336 1.0 76.0 3.0
Track 2 FFFF00 true
Point 1 1077.1666666666665 60.833333333333336 1.0 77.0 3.0
Point 2 1083.1666666666665 62.166666666666664 1.0 78.0 3.0
Point 3 1076.5 60.166666666666664 1.0 79.0 3.0
Point 4 1079.1666666666665 58.833333333333336 1.0 80.0 3.0
Point 5 1086.5 64.16666666666667 1.0 81.0 3.0
Point 6 1087.1666666666665 68.83333333333333 1.0 82.0 3.0
Point 7 1085.8333333333335 70.16666666666667 1.0 83.0 3.0
Point 8 1085.8333333333335 76.83333333333333 1.0 84.0 3.0
Point 9 1082.5 68.83333333333333 1.0 85.0 3.0
Point 10 1083.1666666666665 64.16666666666667 1.0 86.0 3.0
Point 11 1081.1666666666665 63.5 1.0 87.0 3.0
Point 12 1081.1666666666665 63.5 1.0 88.0 3.0
Point 13 1075.1666666666665 70.16666666666667 1.0 89.0 3.0
Point 14 1077.8333333333335 62.833333333333336 1.0 90.0 3.0
Point 15 1074.5 53.5 1.0 91.0 3.0
Point 16 1072.5 50.833333333333336 1.0 92.0 3.0
Point 17 1071.1666666666665 48.166666666666664 1.0 93.0 3.0
Point 18 1072.5 48.166666666666664 1.0 94.0 3.0
Point 19 1072.5 48.166666666666664 1.0 95.0 3.0
Point 20 1071.8333333333335 45.5 1.0 96.0 3.0
Point 21 1071.8333333333335 44.833333333333336 1.0 97.0 3.0
Point 22 1071.1666666666665 44.833333333333336 1.0 98.0 3.0
Point 23 1070.5 40.833333333333336 1.0 99.0 3.0
Point 24 1063.1666666666665 37.5 1.0 100.0 3.0
Point 25 1064.5 37.5 1.0 101.0 3.0
Point 26 1069.8333333333335 41.5 1.0 102.0 3.0
Point 27 1079.1666666666665 46.166666666666664 1.0 103.0 3.0
Point 28 1083.8333333333335 50.166666666666664 1.0 104.0 3.0
Point 29 1085.8333333333335 52.833333333333336 1.0 105.0 3.0
Point 30 1083.8333333333335 51.5 1.0 106.0 3.0
Point 31 1082.5 49.5 1.0 107.0 3.0
Point 32 1078.5 50.166666666666664 1.0 108.0 3.0
Point 33 1078.5 52.166666666666664 1.0 109.0 3.0
Point 34 1079.8333333333335 54.833333333333336 1.0 110.0 3.0
Point 35 1083.1666666666665 64.16666666666667 1.0 111.0 3.0
Point 36 1082.5 58.166666666666664 1.0 112.0 3.0
Point 37 1081.1666666666665 52.833333333333336 1.0 113.0 3.0
Point 38 1080.5 49.5 1.0 114.0 3.0
Point 39 1079.8333333333335 44.166666666666664 1.0 115.0 3.0
Point 40 1077.8333333333335 40.833333333333336 1.0 116.0 3.0
Point 41 1077.8333333333335 40.833333333333336 1.0 117.0 3.0
Point 42 1083.8333333333335 40.833333333333336 1.0 118.0 3.0
Point 43 1078.5 39.5 1.0 119.0 3.0
End of MTrackJ Data File
