MTrackJ 1.5.1 Data File
Displaying false true true 1 2 0 0 100 90 0 0 0 0 1 8 0 false false true false
Assembly 1 FF0000
Cluster 1 FF0000
Track 1 FF0000 true
Point 1 1048.0 179.0 1.0 1.0 2.0
Point 2 1050.0 174.0 1.0 2.0 2.0
Point 3 1052.5 168.0 1.0 3.0 2.0
Point 4 1057.5 161.5 1.0 4.0 2.0
Point 5 1059.5 159.0 1.0 5.0 2.0
Point 6 1059.5 156.0 1.0 6.0 2.0
Point 7 1061.0 153.0 1.0 7.0 2.0
Point 8 1061.0 151.5 1.0 8.0 2.0
Point 9 1061.5 148.5 1.0 9.0 2.0
Point 10 1063.0 147.0 1.0 10.0 2.0
Point 11 1066.0 142.5 1.0 11.0 2.0
Point 12 1067.0 141.0 1.0 12.0 2.0
Point 13 1068.5 139.5 1.0 13.0 2.0
Point 14 1068.5 138.5 1.0 14.0 2.0
Point 15 1068.5 137.0 1.0 15.0 2.0
Point 16 1068.5 136.0 1.0 16.0 2.0
Point 17 1068.5 131.5 1.0 17.0 2.0
Point 18 1068.5 129.0 1.0 18.0 2.0
Point 19 1071.5 124.5 1.0 19.0 2.0
Point 20 1069.5 121.5 1.0 20.0 2.0
Point 21 1069.5 120.0 1.0 21.0 2.0
Point 22 1068.5 117.0 1.0 22.0 2.0
Point 23 1068.5 115.0 1.0 23.0 2.0
Point 24 1068.0 114.0 1.0 24.0 2.0
Point 25 1067.5 112.0 1.0 25.0 2.0
Point 26 1067.5 111.5 1.0 26.0 2.0
Point 27 1066.5 110.5 1.0 27.0 2.0
Point 28 1064.5 108.0 1.0 28.0 2.0
Point 29 1064.5 108.0 1.0 29.0 2.0
Point 30 1064.0 106.0 1.0 30.0 2.0
Point 31 1062.5 105.5 1.0 31.0 2.0
Point 32 1061.5 104.0 1.0 32.0 2.0
Point 33 1061.0 103.5 1.0 33.0 2.0
Point 34 1060.0 102.0 1.0 34.0 2.0
Point 35 1061.0 101.5 1.0 35.0 2.0
Point 36 1064.5 101.5 1.0 36.0 2.0
Point 37 1065.0 99.5 1.0 37.0 2.0
Point 38 1064.5 97.0 1.0 38.0 2.0
Point 39 1064.5 95.0 1.0 39.0 2.0
Point 40 1064.5 94.5 1.0 40.0 2.0
Point 41 1063.5 93.0 1.0 41.0 2.0
Point 42 1064.5 93.0 1.0 42.0 2.0
Point 43 1062.0 91.0 1.0 43.0 2.0
Point 44 1059.5 89.0 1.0 44.0 2.0
Point 45 1058.5 86.0 1.0 45.0 2.0
Point 46 1058.5 86.0 1.0 46.0 2.0
Point 47 1060.0 86.5 1.0 47.0 2.0
Point 48 1060.0 86.5 1.0 48.0 2.0
Point 49 1059.0 85.0 1.0 49.0 2.0
Point 50 1059.0 85.0 1.0 50.0 2.0
Point 51 1059.0 85.5 1.0 51.0 2.0
Point 52 1058.5 85.0 1.0 52.0 2.0
Point 53 1058.5 84.5 1.0 53.0 2.0
Point 54 1056.0 82.0 1.0 54.0 2.0
Point 55 1054.5 80.5 1.0 55.0 2.0
Point 56 1054.5 80.5 1.0 56.0 2.0
Point 57 1056.5 80.5 1.0 57.0 2.0
Point 58 1056.0 80.5 1.0 58.0 2.0
Point 59 1054.0 79.5 1.0 59.0 2.0
Point 60 1054.5 77.5 1.0 60.0 2.0
Point 61 1053.5 75.5 1.0 61.0 2.0
Point 62 1053.0 74.5 1.0 62.0 2.0
Point 63 1051.5 72.5 1.0 63.0 2.0
Point 64 1051.0 70.0 1.0 64.0 2.0
Point 65 1052.5 70.5 1.0 65.0 2.0
Point 66 1054.0 69.5 1.0 66.0 2.0
Point 67 1055.5 69.5 1.0 67.0 2.0
Point 68 1055.0 69.5 1.0 68.0 2.0
Point 69 1054.0 68.0 1.0 69.0 2.0
Point 70 1052.5 66.5 1.0 70.0 2.0
Point 71 1050.0 67.5 1.0 71.0 2.0
Point 72 1049.5 65.5 1.0 72.0 2.0
Point 73 1050.0 65.0 1.0 73.0 2.0
Point 74 1050.0 64.5 1.0 74.0 2.0
Point 75 1048.5 64.0 1.0 75.0 2.0
Point 76 1051.0 64.0 1.0 76.0 2.0
Point 77 1050.5 64.0 1.0 77.0 2.0
Point 78 1050.0 62.5 1.0 78.0 2.0
Point 79 1050.0 62.5 1.0 79.0 2.0
Point 80 1050.0 62.5 1.0 80.0 2.0
Point 81 1049.5 62.0 1.0 81.0 2.0
Point 82 1049.0 61.5 1.0 82.0 2.0
Point 83 1048.5 60.5 1.0 83.0 2.0
Point 84 1047.5 59.0 1.0 84.0 2.0
Point 85 1046.5 57.0 1.0 85.0 2.0
Point 86 1046.0 55.5 1.0 86.0 2.0
Point 87 1045.0 54.5 1.0 87.0 2.0
Point 88 1045.0 54.5 1.0 88.0 2.0
Point 89 1044.0 54.5 1.0 89.0 2.0
Point 90 1044.0 54.0 1.0 90.0 2.0
Point 91 1043.0 52.0 1.0 91.0 2.0
Point 92 1042.5 50.0 1.0 92.0 2.0
Point 93 1043.5 50.0 1.0 93.0 2.0
Point 94 1044.0 51.0 1.0 94.0 2.0
Point 95 1043.5 49.5 1.0 95.0 2.0
Point 96 1044.0 49.5 1.0 96.0 2.0
Point 97 1044.0 49.0 1.0 97.0 2.0
Point 98 1044.0 47.5 1.0 98.0 2.0
Point 99 1043.5 46.5 1.0 99.0 2.0
Point 100 1042.5 45.0 1.0 100.0 2.0
Point 101 1043.5 44.5 1.0 101.0 2.0
Point 102 1043.5 43.5 1.0 102.0 2.0
Point 103 1043.0 42.5 1.0 103.0 2.0
Point 104 1043.0 41.5 1.0 104.0 2.0
Point 105 1042.0 39.5 1.0 105.0 2.0
Point 106 1041.5 39.5 1.0 106.0 2.0
Point 107 1041.0 40.5 1.0 107.0 2.0
Point 108 1042.5 41.0 1.0 108.0 2.0
Point 109 1043.0 43.5 1.0 109.0 2.0
Point 110 1043.5 43.5 1.0 110.0 2.0
Point 111 1042.5 43.5 1.0 111.0 2.0
Point 112 1042.0 42.0 1.0 112.0 2.0
Point 113 1042.0 40.0 1.0 113.0 2.0
Point 114 1042.0 38.5 1.0 114.0 2.0
Point 115 1043.5 37.0 1.0 115.0 2.0
Point 116 1044.5 36.5 1.0 116.0 2.0
Point 117 1044.0 35.0 1.0 117.0 2.0
Point 118 1045.0 35.5 1.0 118.0 2.0
Point 119 1043.0 37.0 1.0 119.0 2.0
Point 120 1044.0 36.0 1.0 120.0 2.0
Point 121 1045.5 36.5 1.0 121.0 2.0
Point 122 1045.5 35.5 1.0 122.0 2.0
Point 123 1045.5 35.5 1.0 123.0 2.0
Point 124 1043.5 34.5 1.0 124.0 2.0
Point 125 1042.5 33.5 1.0 125.0 2.0
Point 126 1042.5 34.0 1.0 126.0 2.0
Point 127 1043.0 33.5 1.0 127.0 2.0
Point 128 1042.0 32.5 1.0 128.0 2.0
Point 129 1041.0 31.5 1.0 129.0 2.0
Point 130 1041.5 31.0 1.0 130.0 2.0
Point 131 1040.5 30.0 1.0 131.0 2.0
Point 132 1039.0 28.5 1.0 132.0 2.0
Point 133 1039.5 28.5 1.0 133.0 2.0
Point 134 1040.5 27.5 1.0 134.0 2.0
Point 135 1044.0 30.5 1.0 135.0 2.0
Point 136 1043.5 29.0 1.0 136.0 2.0
Point 137 1044.0 29.0 1.0 137.0 2.0
Point 138 1044.0 27.5 1.0 138.0 2.0
Point 139 1044.0 27.5 1.0 139.0 2.0
Point 140 1044.5 25.0 1.0 140.0 2.0
Point 141 1044.0 26.5 1.0 141.0 2.0
Point 142 1044.0 24.5 1.0 142.0 2.0
Point 143 1043.5 25.0 1.0 143.0 2.0
Point 144 1042.5 24.5 1.0 144.0 2.0
Point 145 1043.0 24.0 1.0 145.0 2.0
Point 146 1043.0 25.5 1.0 146.0 2.0
Point 147 1044.5 27.0 1.0 147.0 2.0
Point 148 1045.0 26.5 1.0 148.0 2.0
Point 149 1046.5 26.0 1.0 149.0 2.0
Point 150 1046.5 24.0 1.0 150.0 2.0
Point 151 1046.0 25.0 1.0 151.0 2.0
Point 152 1047.0 23.0 1.0 152.0 2.0
Point 153 1046.5 23.0 1.0 153.0 2.0
Point 154 1047.0 23.0 1.0 154.0 2.0
Point 155 1048.0 22.5 1.0 155.0 2.0
Point 156 1048.5 22.0 1.0 156.0 2.0
Point 157 1049.0 21.0 1.0 157.0 2.0
Point 158 1050.5 22.5 1.0 158.0 2.0
Point 159 1050.5 22.0 1.0 159.0 2.0
Point 160 1049.5 22.5 1.0 160.0 2.0
Point 161 1048.0 22.0 1.0 161.0 2.0
Point 162 1050.5 21.5 1.0 162.0 2.0
Point 163 1050.5 23.0 1.0 163.0 2.0
Point 164 1049.0 21.5 1.0 164.0 2.0
Point 165 1048.5 20.5 1.0 165.0 2.0
Point 166 1048.5 21.5 1.0 166.0 2.0
Point 167 1046.5 22.0 1.0 167.0 2.0
Point 168 1045.5 21.5 1.0 168.0 2.0
Point 169 1045.5 21.5 1.0 169.0 2.0
Point 170 1045.5 23.0 1.0 170.0 2.0
Point 171 1047.0 24.5 1.0 171.0 2.0
Point 172 1047.0 23.5 1.0 172.0 2.0
Point 173 1046.5 23.0 1.0 173.0 2.0
Point 174 1045.5 22.5 1.0 174.0 2.0
Point 175 1045.5 22.5 1.0 175.0 2.0
Point 176 1046.5 22.5 1.0 176.0 2.0
Point 177 1046.5 20.0 1.0 177.0 2.0
Point 178 1046.5 20.0 1.0 178.0 2.0
Point 179 1047.0 20.5 1.0 179.0 2.0
Point 180 1044.0 18.5 1.0 180.0 2.0
Point 181 1045.5 19.0 1.0 181.0 2.0
Point 182 1046.0 19.5 1.0 182.0 2.0
Point 183 1044.5 18.0 1.0 183.0 2.0
Point 184 1043.0 19.0 1.0 184.0 2.0
Point 185 1045.5 20.0 1.0 185.0 2.0
Point 186 1045.5 20.0 1.0 186.0 2.0
Point 187 1044.0 18.0 1.0 187.0 2.0
Point 188 1043.0 18.0 1.0 188.0 2.0
Point 189 1043.0 17.5 1.0 189.0 2.0
Point 190 1042.5 15.5 1.0 190.0 2.0
Point 191 1042.5 15.5 1.0 191.0 2.0
Point 192 1043.5 16.5 1.0 192.0 2.0
Point 193 1043.0 16.5 1.0 193.0 2.0
Point 194 1040.0 16.5 1.0 194.0 2.0
Point 195 1039.5 16.5 1.0 195.0 2.0
Point 196 1039.0 16.5 1.0 196.0 2.0
Point 197 1037.5 15.0 1.0 197.0 2.0
Point 198 1038.0 16.0 1.0 198.0 2.0
Point 199 1035.0 16.0 1.0 199.0 2.0
Point 200 1035.5 15.5 1.0 200.0 2.0
Point 201 1034.5 16.5 1.0 201.0 2.0
Point 202 1036.0 14.5 1.0 202.0 2.0
Point 203 1037.0 16.0 1.0 203.0 2.0
Point 204 1034.5 17.0 1.0 204.0 2.0
Point 205 1033.5 15.5 1.0 205.0 2.0
Point 206 1032.5 13.5 1.0 206.0 2.0
Point 207 1034.0 14.0 1.0 207.0 2.0
Point 208 1033.5 16.0 1.0 208.0 2.0
Point 209 1034.0 15.5 1.0 209.0 2.0
Point 210 1035.0 16.5 1.0 210.0 2.0
Point 211 1033.5 15.0 1.0 211.0 2.0
Point 212 1032.5 15.5 1.0 212.0 2.0
Point 213 1032.0 14.5 1.0 213.0 2.0
Point 214 1034.0 15.5 1.0 214.0 2.0
Point 215 1034.0 16.0 1.0 215.0 2.0
Point 216 1034.0 15.5 1.0 216.0 2.0
Point 217 1034.0 15.0 1.0 217.0 2.0
Point 218 1037.0 16.0 1.0 218.0 2.0
Point 219 1033.5 13.5 1.0 219.0 2.0
Point 220 1035.5 15.0 1.0 220.0 2.0
Point 221 1036.5 14.0 1.0 221.0 2.0
Point 222 1037.5 14.0 1.0 222.0 2.0
Point 223 1038.5 15.0 1.0 223.0 2.0
Point 224 1039.0 15.0 1.0 224.0 2.0
End of MTrackJ Data File
