MTrackJ 1.5.1 Data File
Displaying true true true 1 2 0 0 100 10 0 0 0 0 1 12 0 false true true false
Assembly 1 FF0000
Cluster 1 FF0000
Track 1 FF0000 true
Point 1 1009.0 1079.0 1.0 1.0 2.0
Point 2 1012.0 1078.0 1.0 2.0 2.0
Point 3 1012.0 1075.0 1.0 3.0 2.0
Point 4 1012.0 1073.0 1.0 4.0 2.0
Point 5 1013.0 1072.0 1.0 5.0 2.0
Point 6 1014.0 1070.0 1.0 6.0 2.0
Point 7 1013.0 1069.0 1.0 7.0 2.0
Point 8 1012.0 1068.0 1.0 8.0 2.0
Point 9 1013.0 1066.0 1.0 9.0 2.0
Point 10 1013.0 1066.0 1.0 10.0 2.0
Point 11 1015.0 1064.0 1.0 11.0 2.0
Point 12 1016.0 1063.0 1.0 12.0 2.0
Point 13 1017.0 1062.0 1.0 13.0 2.0
Point 14 1019.0 1063.0 1.0 14.0 2.0
Point 15 1021.0 1061.0 1.0 15.0 2.0
Point 16 1025.0 1060.0 1.0 16.0 2.0
Point 17 1025.0 1060.0 1.0 17.0 2.0
Point 18 1025.0 1062.0 1.0 18.0 2.0
Point 19 1026.0 1061.0 1.0 19.0 2.0
Point 20 1026.0 1060.0 1.0 20.0 2.0
Point 21 1023.0 1058.0 1.0 21.0 2.0
Point 22 1025.0 1057.0 1.0 22.0 2.0
Point 23 1023.0 1056.0 1.0 23.0 2.0
Point 24 1020.0 1054.0 1.0 24.0 2.0
Point 25 1021.0 1054.0 1.0 25.0 2.0
Point 26 1023.0 1053.0 1.0 26.0 2.0
Point 27 1025.0 1051.0 1.0 27.0 2.0
Point 28 1024.0 1052.0 1.0 28.0 2.0
Point 29 1026.0 1051.0 1.0 29.0 2.0
Point 30 1025.0 1051.0 1.0 30.0 2.0
Point 31 1029.0 1049.0 1.0 31.0 2.0
Point 32 1028.0 1049.0 1.0 32.0 2.0
Point 33 1028.0 1049.0 1.0 33.0 2.0
Point 34 1031.0 1047.0 1.0 34.0 2.0
Point 35 1032.0 1047.0 1.0 35.0 2.0
Point 36 1032.0 1047.0 1.0 36.0 2.0
Point 37 1036.0 1047.0 1.0 37.0 2.0
Point 38 1035.0 1047.0 1.0 38.0 2.0
Point 39 1036.0 1045.0 1.0 39.0 2.0
Point 40 1035.0 1046.0 1.0 40.0 2.0
Point 41 1035.0 1045.0 1.0 41.0 2.0
Point 42 1035.0 1046.0 1.0 42.0 2.0
Point 43 1034.0 1046.0 1.0 43.0 2.0
Point 44 1035.0 1045.0 1.0 44.0 2.0
Point 45 1035.0 1045.0 1.0 45.0 2.0
Point 46 1035.0 1044.0 1.0 46.0 2.0
Point 47 1034.0 1044.0 1.0 47.0 2.0
Point 48 1031.0 1044.0 1.0 48.0 2.0
Point 49 1034.0 1042.0 1.0 49.0 2.0
Point 50 1034.0 1041.0 1.0 50.0 2.0
Point 51 1035.0 1041.0 1.0 51.0 2.0
Point 52 1040.0 1038.0 1.0 52.0 2.0
Point 53 1044.0 1037.0 1.0 53.0 2.0
Point 54 1046.0 1035.0 1.0 54.0 2.0
Point 55 1048.0 1034.0 1.0 55.0 2.0
Point 56 1044.0 1034.0 1.0 56.0 2.0
Point 57 1042.0 1035.0 1.0 57.0 2.0
Point 58 1041.0 1035.0 1.0 58.0 2.0
Point 59 1042.0 1035.0 1.0 59.0 2.0
Point 60 1042.0 1035.0 1.0 60.0 2.0
Point 61 1042.0 1035.0 1.0 61.0 2.0
Point 62 1042.0 1034.0 1.0 62.0 2.0
Point 63 1043.0 1032.0 1.0 63.0 2.0
Point 64 1041.0 1031.0 1.0 64.0 2.0
Point 65 1041.0 1031.0 1.0 65.0 2.0
Point 66 1041.0 1033.0 1.0 66.0 2.0
Point 67 1040.0 1033.0 1.0 67.0 2.0
Point 68 1040.0 1033.0 1.0 68.0 2.0
Point 69 1039.0 1033.0 1.0 69.0 2.0
Point 70 1040.0 1032.0 1.0 70.0 2.0
Point 71 1040.0 1032.0 1.0 71.0 2.0
Point 72 1041.0 1031.0 1.0 72.0 2.0
Point 73 1042.0 1030.0 1.0 73.0 2.0
Point 74 1042.0 1030.0 1.0 74.0 2.0
Point 75 1044.0 1030.0 1.0 75.0 2.0
Point 76 1044.0 1030.0 1.0 76.0 2.0
Point 77 1042.0 1029.0 1.0 77.0 2.0
Point 78 1042.0 1029.0 1.0 78.0 2.0
Point 79 1042.0 1030.0 1.0 79.0 2.0
Point 80 1042.0 1030.0 1.0 80.0 2.0
Point 81 1043.0 1029.0 1.0 81.0 2.0
Point 82 1043.0 1029.0 1.0 82.0 2.0
Point 83 1042.0 1029.0 1.0 83.0 2.0
Point 84 1042.0 1029.0 1.0 84.0 2.0
Point 85 1042.0 1029.0 1.0 85.0 2.0
Point 86 1042.0 1029.0 1.0 86.0 2.0
Point 87 1042.0 1029.0 1.0 87.0 2.0
Point 88 1042.0 1029.0 1.0 88.0 2.0
Point 89 1040.0 1030.0 1.0 89.0 2.0
Point 90 1038.0 1030.0 1.0 90.0 2.0
Point 91 1035.0 1030.0 1.0 91.0 2.0
Point 92 1036.0 1030.0 1.0 92.0 2.0
Point 93 1036.0 1030.0 1.0 93.0 2.0
Point 94 1035.0 1032.0 1.0 94.0 2.0
Point 95 1036.0 1032.0 1.0 95.0 2.0
Point 96 1035.0 1033.0 1.0 96.0 2.0
Point 97 1034.0 1036.0 1.0 97.0 2.0
Point 98 1034.0 1036.0 1.0 98.0 2.0
Point 99 1036.0 1036.0 1.0 99.0 2.0
Point 100 1034.0 1036.0 1.0 100.0 2.0
Point 101 1028.0 1036.0 1.0 101.0 2.0
Point 102 1027.0 1036.0 1.0 102.0 2.0
Point 103 1029.0 1036.0 1.0 103.0 2.0
Point 104 1031.0 1036.0 1.0 104.0 2.0
Point 105 1032.0 1035.0 1.0 105.0 2.0
Point 106 1030.0 1035.0 1.0 106.0 2.0
Point 107 1031.0 1033.0 1.0 107.0 2.0
Point 108 1032.0 1031.0 1.0 108.0 2.0
Point 109 1031.0 1031.0 1.0 109.0 2.0
Point 110 1033.0 1030.0 1.0 110.0 2.0
Point 111 1033.0 1029.0 1.0 111.0 2.0
Point 112 1033.0 1029.0 1.0 112.0 2.0
Point 113 1033.0 1028.0 1.0 113.0 2.0
Point 114 1031.0 1029.0 1.0 114.0 2.0
Point 115 1031.0 1029.0 1.0 115.0 2.0
Point 116 1026.0 1028.0 1.0 116.0 2.0
Point 117 1027.0 1028.0 1.0 117.0 2.0
Point 118 1024.0 1028.0 1.0 118.0 2.0
Point 119 1024.0 1026.0 1.0 119.0 2.0
Point 120 1025.0 1027.0 1.0 120.0 2.0
Point 121 1027.0 1027.0 1.0 121.0 2.0
Point 122 1024.0 1026.0 1.0 122.0 2.0
Point 123 1025.0 1024.0 1.0 123.0 2.0
Point 124 1025.0 1024.0 1.0 124.0 2.0
Point 125 1025.0 1024.0 1.0 125.0 2.0
Point 126 1023.0 1024.0 1.0 126.0 2.0
Point 127 1022.0 1023.0 1.0 127.0 2.0
Point 128 1023.0 1023.0 1.0 128.0 2.0
Point 129 1024.0 1022.0 1.0 129.0 2.0
Point 130 1022.0 1021.0 1.0 130.0 2.0
Point 131 1022.0 1021.0 1.0 131.0 2.0
Point 132 1022.0 1020.0 1.0 132.0 2.0
Point 133 1022.0 1020.0 1.0 133.0 2.0
Point 134 1019.0 1019.0 1.0 134.0 2.0
Point 135 1017.0 1017.0 1.0 135.0 2.0
Point 136 1017.0 1018.0 1.0 136.0 2.0
Point 137 1018.0 1018.0 1.0 137.0 2.0
Point 138 1019.0 1018.0 1.0 138.0 2.0
Point 139 1020.0 1018.0 1.0 139.0 2.0
Point 140 1021.0 1019.0 1.0 140.0 2.0
Point 141 1018.0 1019.0 1.0 141.0 2.0
Point 142 1019.0 1019.0 1.0 142.0 2.0
Point 143 1020.0 1019.0 1.0 143.0 2.0
Point 144 1020.0 1019.0 1.0 144.0 2.0
Point 145 1020.0 1019.0 1.0 145.0 2.0
Point 146 1020.0 1018.0 1.0 146.0 2.0
Point 147 1019.0 1018.0 1.0 147.0 2.0
Point 148 1019.0 1017.0 1.0 148.0 2.0
Point 149 1015.0 1017.0 1.0 149.0 2.0
Point 150 1018.0 1018.0 1.0 150.0 2.0
Point 151 1014.0 1018.0 1.0 151.0 2.0
Point 152 1013.0 1019.0 1.0 152.0 2.0
Point 153 1012.0 1017.0 1.0 153.0 2.0
Point 154 1014.0 1018.0 1.0 154.0 2.0
Point 155 1011.0 1017.0 1.0 155.0 2.0
Point 156 1011.0 1017.0 1.0 156.0 2.0
Point 157 1013.0 1016.0 1.0 157.0 2.0
Point 158 1013.0 1016.0 1.0 158.0 2.0
Point 159 1014.0 1016.0 1.0 159.0 2.0
Point 160 1014.0 1016.0 1.0 160.0 2.0
Point 161 1011.0 1015.0 1.0 161.0 2.0
Point 162 1013.0 1015.0 1.0 162.0 2.0
Point 163 1013.0 1014.0 1.0 163.0 2.0
Point 164 1013.0 1015.0 1.0 164.0 2.0
Point 165 1013.0 1014.0 1.0 165.0 2.0
Point 166 1013.0 1014.0 1.0 166.0 2.0
Point 167 1013.0 1014.0 1.0 167.0 2.0
Point 168 1014.0 1014.0 1.0 168.0 2.0
Point 169 1014.0 1013.0 1.0 169.0 2.0
Point 170 1013.0 1013.0 1.0 170.0 2.0
Point 171 1010.0 1012.0 1.0 171.0 2.0
Point 172 1010.0 1013.0 1.0 172.0 2.0
Point 173 1012.0 1013.0 1.0 173.0 2.0
Point 174 1011.0 1014.0 1.0 174.0 2.0
Point 175 1011.0 1014.0 1.0 175.0 2.0
Point 176 1011.0 1013.0 1.0 176.0 2.0
Point 177 1009.0 1014.0 1.0 177.0 2.0
Point 178 1010.0 1013.0 1.0 178.0 2.0
Point 179 1010.0 1014.0 1.0 179.0 2.0
Point 180 1010.0 1014.0 1.0 180.0 2.0
Point 181 1011.0 1014.0 1.0 181.0 2.0
Point 182 1011.0 1014.0 1.0 182.0 2.0
Point 183 1011.0 1014.0 1.0 183.0 2.0
Point 184 1013.0 1014.0 1.0 184.0 2.0
Point 185 1012.0 1014.0 1.0 185.0 2.0
Point 186 1012.0 1014.0 1.0 186.0 2.0
Point 187 1011.0 1013.0 1.0 187.0 2.0
Point 188 1011.0 1013.0 1.0 188.0 2.0
Point 189 1011.0 1013.0 1.0 189.0 2.0
Point 190 1011.0 1013.0 1.0 190.0 2.0
Point 191 1009.0 1013.0 1.0 191.0 2.0
Point 192 1007.0 1013.0 1.0 192.0 2.0
Point 193 1006.0 1014.0 1.0 193.0 2.0
Point 194 1006.0 1014.0 1.0 194.0 2.0
Point 195 1005.0 1014.0 1.0 195.0 2.0
Point 196 1001.0 1014.0 1.0 196.0 2.0
Point 197 1000.0 1013.0 1.0 197.0 2.0
Point 198 999.0 1013.0 1.0 198.0 2.0
Point 199 998.0 1013.0 1.0 199.0 2.0
Point 200 998.0 1013.0 1.0 200.0 2.0
Point 201 999.0 1012.0 1.0 201.0 2.0
Point 202 1002.0 1012.0 1.0 202.0 2.0
Point 203 1002.0 1012.0 1.0 203.0 2.0
Point 204 1005.0 1012.0 1.0 204.0 2.0
Point 205 1007.0 1011.0 1.0 205.0 2.0
Point 206 1002.0 1012.0 1.0 206.0 2.0
Point 207 1003.0 1011.0 1.0 207.0 2.0
Point 208 1004.0 1012.0 1.0 208.0 2.0
Point 209 1004.0 1012.0 1.0 209.0 2.0
Point 210 1006.0 1011.0 1.0 210.0 2.0
Point 211 1006.0 1011.0 1.0 211.0 2.0
Point 212 1004.0 1011.0 1.0 212.0 2.0
Point 213 1005.0 1011.0 1.0 213.0 2.0
Point 214 1005.0 1011.0 1.0 214.0 2.0
Point 215 1006.0 1010.0 1.0 215.0 2.0
Point 216 1006.0 1011.0 1.0 216.0 2.0
Point 217 1007.0 1010.0 1.0 217.0 2.0
Point 218 1008.0 1010.0 1.0 218.0 2.0
Point 219 1008.0 1009.0 1.0 219.0 2.0
Point 220 1006.0 1009.0 1.0 220.0 2.0
Point 221 1006.0 1009.0 1.0 221.0 2.0
Point 222 1004.0 1009.0 1.0 222.0 2.0
Point 223 1006.0 1010.0 1.0 223.0 2.0
Point 224 1006.0 1010.0 1.0 224.0 2.0
Point 225 1005.0 1009.0 1.0 225.0 2.0
Point 226 1004.0 1010.0 1.0 226.0 2.0
Point 227 1003.0 1011.0 1.0 227.0 2.0
Point 228 1003.0 1011.0 1.0 228.0 2.0
Point 229 1001.0 1011.0 1.0 229.0 2.0
Point 230 1001.0 1011.0 1.0 230.0 2.0
Point 231 1002.0 1012.0 1.0 231.0 2.0
Point 232 1003.0 1012.0 1.0 232.0 2.0
Point 233 1000.0 1011.0 1.0 233.0 2.0
Point 234 1002.0 1011.0 1.0 234.0 2.0
Point 235 1004.0 1011.0 1.0 235.0 2.0
Point 236 1005.0 1011.0 1.0 236.0 2.0
Point 237 1005.0 1012.0 1.0 237.0 2.0
Point 238 1007.0 1012.0 1.0 238.0 2.0
Point 239 1009.0 1011.0 1.0 239.0 2.0
Point 240 1009.0 1011.0 1.0 240.0 2.0
End of MTrackJ Data File
