MTrackJ 1.5.1 Data File
Displaying false true true 1 0 0 0 100 16 0 0 0 0 1 0 1 false false true false
Assembly 1 FF0000
Cluster 1 FF0000
Track 1 FF0000 true
Point 1 826.8333333333333 679.1666666666666 1.0 1.0 1.0
Point 2 816.1666666666667 671.8333333333334 1.0 2.0 1.0
Point 3 808.8333333333333 671.8333333333334 1.0 3.0 1.0
Point 4 791.5 673.8333333333334 1.0 4.0 1.0
Point 5 777.5 667.1666666666666 1.0 5.0 1.0
Point 6 764.8333333333334 665.1666666666666 1.0 6.0 1.0
Point 7 759.5 657.8333333333334 1.0 7.0 1.0
Point 8 750.8333333333334 655.1666666666666 1.0 8.0 1.0
Point 9 746.1666666666666 658.5 1.0 9.0 1.0
Point 10 748.8333333333334 656.5 1.0 10.0 1.0
Point 11 756.8333333333334 651.1666666666666 1.0 11.0 1.0
Point 12 752.1666666666666 658.5 1.0 12.0 1.0
Point 13 750.8333333333334 661.1666666666666 1.0 13.0 1.0
Point 14 762.1666666666666 667.1666666666666 1.0 14.0 1.0
Point 15 774.1666666666666 647.1666666666666 1.0 15.0 1.0
Point 16 779.5 645.1666666666666 1.0 16.0 1.0
Point 17 787.5 641.1666666666666 1.0 17.0 1.0
Point 18 791.5 634.5 1.0 18.0 1.0
Point 19 797.5 631.1666666666666 1.0 19.0 1.0
Point 20 794.1666666666667 629.8333333333334 1.0 20.0 1.0
Point 21 790.1666666666667 627.8333333333334 1.0 21.0 1.0
Point 22 800.1666666666667 622.5 1.0 22.0 1.0
Point 23 801.5 617.8333333333334 1.0 23.0 1.0
Point 24 810.8333333333333 615.8333333333334 1.0 24.0 1.0
Point 25 814.8333333333333 611.1666666666666 1.0 25.0 1.0
Point 26 810.8333333333333 612.5 1.0 26.0 1.0
Point 27 806.8333333333333 614.5 1.0 27.0 1.0
Point 28 816.8333333333333 616.5 1.0 28.0 1.0
Point 29 820.1666666666667 622.5 1.0 29.0 1.0
Point 30 830.8333333333333 627.8333333333334 1.0 30.0 1.0
Point 31 833.5 642.5 1.0 31.0 1.0
Point 32 826.8333333333333 673.8333333333334 1.0 32.0 1.0
Point 33 804.1666666666667 689.8333333333334 1.0 33.0 1.0
Point 34 786.1666666666666 689.1666666666666 1.0 34.0 1.0
Point 35 781.5 685.8333333333334 1.0 35.0 1.0
Point 36 781.5 681.1666666666666 1.0 36.0 1.0
Point 37 788.8333333333334 679.8333333333334 1.0 37.0 1.0
Point 38 803.5 680.5 1.0 38.0 1.0
Point 39 814.1666666666667 673.8333333333334 1.0 39.0 1.0
Point 40 821.5 669.8333333333334 1.0 40.0 1.0
Point 41 824.1666666666667 665.1666666666666 1.0 41.0 1.0
Point 42 825.5 661.1666666666666 1.0 42.0 1.0
Point 43 825.5 661.8333333333334 1.0 43.0 1.0
Point 44 831.5 641.1666666666666 1.0 44.0 1.0
Point 45 834.8333333333333 625.8333333333334 1.0 45.0 1.0
Point 46 836.1666666666667 619.8333333333334 1.0 46.0 1.0
Point 47 837.5 639.1666666666666 1.0 47.0 1.0
Point 48 838.8333333333333 634.5 1.0 48.0 1.0
Point 49 839.5 623.8333333333334 1.0 49.0 1.0
Point 50 840.8333333333333 619.8333333333334 1.0 50.0 1.0
Point 51 844.8333333333333 613.1666666666666 1.0 51.0 1.0
Point 52 841.5 613.1666666666666 1.0 52.0 1.0
Point 53 840.1666666666667 609.8333333333334 1.0 53.0 1.0
Point 54 840.8333333333333 603.8333333333334 1.0 54.0 1.0
Point 55 846.1666666666667 594.5 1.0 55.0 1.0
Point 56 840.8333333333333 592.5 1.0 56.0 1.0
Point 57 837.5 589.1666666666666 1.0 57.0 1.0
Point 58 836.8333333333333 591.1666666666666 1.0 58.0 1.0
Point 59 842.1666666666667 588.5 1.0 59.0 1.0
Point 60 842.1666666666667 589.8333333333334 1.0 60.0 1.0
Point 61 837.5 591.1666666666666 1.0 61.0 1.0
Point 62 825.5 592.5 1.0 62.0 1.0
Point 63 808.8333333333333 598.5 1.0 63.0 1.0
Point 64 793.5 603.8333333333334 1.0 64.0 1.0
Point 65 788.1666666666666 605.1666666666666 1.0 65.0 1.0
Point 66 777.5 605.8333333333334 1.0 66.0 1.0
Point 67 766.8333333333334 603.8333333333334 1.0 67.0 1.0
Point 68 768.1666666666666 605.1666666666666 1.0 68.0 1.0
Point 69 770.1666666666666 597.8333333333334 1.0 69.0 1.0
Point 70 768.1666666666666 581.8333333333334 1.0 70.0 1.0
Point 71 764.1666666666666 571.1666666666666 1.0 71.0 1.0
Point 72 760.1666666666666 565.1666666666666 1.0 72.0 1.0
Point 73 748.1666666666666 553.1666666666666 1.0 73.0 1.0
Point 74 723.5 544.5 1.0 74.0 1.0
Point 75 710.1666666666666 539.8333333333334 1.0 75.0 1.0
Point 76 708.8333333333334 538.5 1.0 76.0 1.0
Point 77 718.8333333333334 539.1666666666666 1.0 77.0 1.0
Point 78 729.5 544.5 1.0 78.0 1.0
Point 79 738.1666666666666 547.8333333333334 1.0 79.0 1.0
Point 80 745.5 550.5 1.0 80.0 1.0
Point 81 749.5 552.5 1.0 81.0 1.0
Point 82 759.5 555.8333333333334 1.0 82.0 1.0
Point 83 769.5 559.1666666666666 1.0 83.0 1.0
Point 84 771.5 561.1666666666666 1.0 84.0 1.0
Point 85 784.1666666666666 563.8333333333334 1.0 85.0 1.0
Point 86 791.5 565.1666666666666 1.0 86.0 1.0
Point 87 800.8333333333333 570.5 1.0 87.0 1.0
Point 88 813.5 573.8333333333334 1.0 88.0 1.0
Point 89 812.1666666666667 571.1666666666666 1.0 89.0 1.0
Point 90 808.8333333333333 571.8333333333334 1.0 90.0 1.0
Point 91 811.5 573.1666666666666 1.0 91.0 1.0
Point 92 814.8333333333333 571.1666666666666 1.0 92.0 1.0
Point 93 822.1666666666667 567.1666666666666 1.0 93.0 1.0
Point 94 823.5 567.1666666666666 1.0 94.0 1.0
Point 95 822.8333333333333 563.8333333333334 1.0 95.0 1.0
Point 96 827.5 559.8333333333334 1.0 96.0 1.0
Point 97 832.8333333333333 547.8333333333334 1.0 97.0 1.0
Point 98 838.1666666666667 532.5 1.0 98.0 1.0
Point 99 839.5 518.5 1.0 99.0 1.0
Point 100 842.1666666666667 509.1666666666667 1.0 100.0 1.0
Point 101 846.1666666666667 520.5 1.0 101.0 1.0
Point 102 843.5 529.1666666666666 1.0 102.0 1.0
Point 103 845.5 533.1666666666666 1.0 103.0 1.0
Point 104 844.8333333333333 532.5 1.0 104.0 1.0
Point 105 844.1666666666667 524.5 1.0 105.0 1.0
Point 106 845.5 525.8333333333334 1.0 106.0 1.0
Point 107 846.1666666666667 525.1666666666666 1.0 107.0 1.0
Point 108 843.5 523.8333333333334 1.0 108.0 1.0
Point 109 845.5 517.1666666666666 1.0 109.0 1.0
Point 110 844.8333333333333 503.1666666666667 1.0 110.0 1.0
Point 111 842.1666666666667 499.1666666666667 1.0 111.0 1.0
Point 112 828.8333333333333 494.5 1.0 112.0 1.0
Point 113 825.5 501.8333333333333 1.0 113.0 1.0
Point 114 823.5 501.8333333333333 1.0 114.0 1.0
Point 115 818.1666666666667 496.5 1.0 115.0 1.0
Point 116 819.8333333333333 492.5 1.0 116.0 1.0
Point 117 810.5 489.1666666666667 1.0 117.0 1.0
Point 118 808.5 479.1666666666667 1.0 118.0 1.0
Point 119 809.8333333333333 477.8333333333333 1.0 119.0 1.0
Point 120 816.5 483.1666666666667 1.0 120.0 1.0
Point 121 819.1666666666667 481.8333333333333 1.0 121.0 1.0
Point 122 818.5 486.5 1.0 122.0 1.0
Point 123 820.5 485.1666666666667 1.0 123.0 1.0
Point 124 823.8333333333333 480.5 1.0 124.0 1.0
Point 125 824.5 477.8333333333333 1.0 125.0 1.0
Point 126 826.5 478.5 1.0 126.0 1.0
Point 127 826.5 479.8333333333333 1.0 127.0 1.0
Point 128 833.8333333333333 481.8333333333333 1.0 128.0 1.0
Point 129 833.8333333333333 482.5 1.0 129.0 1.0
Point 130 833.1666666666667 486.5 1.0 130.0 1.0
Point 131 829.1666666666667 485.8333333333333 1.0 131.0 1.0
Point 132 825.1666666666667 485.1666666666667 1.0 132.0 1.0
Point 133 821.1666666666667 483.1666666666667 1.0 133.0 1.0
Point 134 824.5 481.8333333333333 1.0 134.0 1.0
Point 135 831.1666666666667 487.1666666666667 1.0 135.0 1.0
Point 136 827.8333333333333 481.1666666666667 1.0 136.0 1.0
Point 137 834.5 485.8333333333333 1.0 137.0 1.0
Point 138 837.8333333333333 486.5 1.0 138.0 1.0
Point 139 829.1666666666667 482.5 1.0 139.0 1.0
Point 140 824.5 477.8333333333333 1.0 140.0 1.0
Point 141 823.1666666666667 475.1666666666667 1.0 141.0 1.0
Point 142 820.5 476.5 1.0 142.0 1.0
Point 143 826.5 477.8333333333333 1.0 143.0 1.0
Point 144 834.5 481.1666666666667 1.0 144.0 1.0
Point 146 838.5 481.1666666666667 1.0 145.0 1.0
Point 147 836.5 478.5 1.0 146.0 1.0
Point 148 831.8333333333333 475.8333333333333 1.0 147.0 1.0
Point 149 833.8333333333333 475.1666666666667 1.0 148.0 1.0
Point 150 832.5 474.5 1.0 149.0 1.0
Point 151 836.5 472.5 1.0 150.0 1.0
Point 152 839.1666666666667 473.8333333333333 1.0 151.0 1.0
Point 153 850.5 476.5 1.0 152.0 1.0
Point 154 846.5 465.8333333333333 1.0 153.0 1.0
Point 155 847.8333333333333 470.5 1.0 154.0 1.0
Point 156 853.8333333333333 468.5 1.0 155.0 1.0
Point 157 853.1666666666667 474.5 1.0 156.0 1.0
Point 158 851.8333333333333 473.8333333333333 1.0 157.0 1.0
Point 159 849.1666666666667 478.5 1.0 158.0 1.0
Point 160 854.5 474.5 1.0 159.0 1.0
Point 161 858.5 476.5 1.0 160.0 1.0
Point 162 855.8333333333333 479.8333333333333 1.0 161.0 1.0
Point 163 865.8333333333333 493.8333333333333 1.0 162.0 1.0
Point 164 880.5 504.5 1.0 163.0 1.0
Point 165 887.8333333333333 509.83333333333337 1.0 164.0 1.0
Point 166 885.1666666666667 505.16666666666663 1.0 165.0 1.0
Point 167 879.1666666666667 500.5 1.0 166.0 1.0
Point 168 879.8333333333333 505.83333333333337 1.0 167.0 1.0
Point 169 878.5 500.5 1.0 168.0 1.0
Point 170 865.1666666666667 500.5 1.0 169.0 1.0
Point 171 861.8333333333333 507.83333333333337 1.0 170.0 1.0
Point 172 850.5 518.5 1.0 171.0 1.0
Point 173 860.5 511.16666666666663 1.0 172.0 1.0
Point 174 861.8333333333333 505.83333333333337 1.0 173.0 1.0
Point 175 854.5 514.5 1.0 174.0 1.0
Point 176 855.1666666666667 518.5 1.0 175.0 1.0
Point 177 862.5 515.8333333333334 1.0 176.0 1.0
Point 178 863.8333333333333 521.1666666666666 1.0 177.0 1.0
Point 179 847.1666666666667 525.8333333333334 1.0 178.0 1.0
Point 180 840.5 527.8333333333334 1.0 179.0 1.0
Point 181 840.5 524.5 1.0 180.0 1.0
Point 182 829.1666666666667 533.1666666666666 1.0 181.0 1.0
Point 183 803.8333333333333 552.5 1.0 182.0 1.0
Point 184 795.1666666666666 561.1666666666666 1.0 183.0 1.0
Point 185 770.5 580.5 1.0 184.0 1.0
Point 186 765.1666666666666 586.5 1.0 185.0 1.0
Point 187 769.1666666666666 581.8333333333334 1.0 186.0 1.0
Point 188 766.5 585.1666666666666 1.0 187.0 1.0
Point 189 769.1666666666666 581.8333333333334 1.0 188.0 1.0
Point 190 773.1666666666666 577.1666666666666 1.0 189.0 1.0
Point 191 771.1666666666666 580.5 1.0 190.0 1.0
Point 192 767.1666666666666 582.5 1.0 191.0 1.0
Point 193 768.5 585.8333333333334 1.0 192.0 1.0
Point 194 766.5 587.8333333333334 1.0 193.0 1.0
Point 195 767.8333333333334 584.5 1.0 194.0 1.0
Point 196 770.5 580.5 1.0 195.0 1.0
Point 197 775.1666666666666 577.8333333333334 1.0 196.0 1.0
Point 198 778.5 575.8333333333334 1.0 197.0 1.0
Point 199 781.8333333333334 571.8333333333334 1.0 198.0 1.0
Point 200 785.8333333333334 564.5 1.0 199.0 1.0
Point 201 785.8333333333334 561.8333333333334 1.0 200.0 1.0
Point 202 793.1666666666666 555.8333333333334 1.0 201.0 1.0
Point 203 796.5 549.8333333333334 1.0 202.0 1.0
Point 204 793.1666666666666 550.5 1.0 203.0 1.0
Point 205 795.1666666666666 548.5 1.0 204.0 1.0
Point 206 800.5 544.5 1.0 205.0 1.0
Point 207 813.8333333333333 537.8333333333334 1.0 206.0 1.0
Point 208 817.1666666666667 536.5 1.0 207.0 1.0
Point 209 823.8333333333333 535.1666666666666 1.0 208.0 1.0
Point 210 825.1666666666667 532.5 1.0 209.0 1.0
Point 211 824.5 533.1666666666666 1.0 210.0 1.0
Point 212 827.1666666666667 529.1666666666666 1.0 211.0 1.0
Point 213 830.5 528.5 1.0 212.0 1.0
Point 214 828.5 527.1666666666666 1.0 213.0 1.0
Point 215 829.1666666666667 529.1666666666666 1.0 214.0 1.0
Point 216 825.8333333333333 529.8333333333334 1.0 215.0 1.0
Point 217 824.5 529.8333333333334 1.0 216.0 1.0
Point 218 824.5 528.5 1.0 217.0 1.0
Point 219 833.8333333333333 525.8333333333334 1.0 218.0 1.0
Point 220 825.8333333333333 530.5 1.0 219.0 1.0
Point 221 823.8333333333333 531.8333333333334 1.0 220.0 1.0
Point 222 832.5 523.8333333333334 1.0 221.0 1.0
Point 223 823.8333333333333 517.8333333333334 1.0 222.0 1.0
Point 224 826.5 513.1666666666666 1.0 223.0 1.0
Point 225 829.1666666666667 512.5 1.0 224.0 1.0
Point 226 828.5 499.1666666666667 1.0 225.0 1.0
Point 227 830.5 495.8333333333333 1.0 226.0 1.0
Point 228 829.8333333333333 497.8333333333333 1.0 227.0 1.0
Point 229 837.8333333333333 488.5 1.0 228.0 1.0
Point 230 846.5 479.8333333333333 1.0 229.0 1.0
Point 231 854.5 473.8333333333333 1.0 230.0 1.0
Point 232 853.1666666666667 470.5 1.0 231.0 1.0
Point 233 864.5 468.5 1.0 232.0 1.0
Point 234 893.8333333333333 466.5 1.0 233.0 1.0
Point 235 899.1666666666667 464.5 1.0 234.0 1.0
Point 236 909.1666666666667 460.5 1.0 235.0 1.0
Point 237 918.5 458.5 1.0 236.0 1.0
Point 238 925.8333333333333 457.1666666666667 1.0 237.0 1.0
Point 239 922.5 465.8333333333333 1.0 238.0 1.0
Point 240 927.1666666666667 461.8333333333333 1.0 239.0 1.0
Point 241 925.8333333333333 464.5 1.0 240.0 1.0
End of MTrackJ Data File
