MTrackJ 1.5.1 Data File
Displaying false true true 1 0 0 0 100 16 0 0 0 0 1 0 1 false false true false
Assembly 1 FF0000
Cluster 1 FF0000
Track 1 FF0000 true
Point 1 704.5 663.8333333333333 1.0 6.0 1.0
Point 2 769.1666666666666 687.1666666666667 1.0 34.0 1.0
Point 3 735.1666666666666 616.5 1.0 63.0 1.0
Point 4 677.1666666666666 521.8333333333334 1.0 72.0 1.0
Point 6 777.8333333333334 527.8333333333334 1.0 94.0 1.0
Point 5 836.5 456.5 1.0 96.0 1.0
Point 7 876.5 428.5 1.0 108.0 1.0
Point 8 771.1666666666666 527.1666666666666 1.0 111.0 1.0
Point 9 777.1666666666666 463.8333333333333 1.0 116.0 1.0
Point 10 805.8333333333333 440.5 1.0 147.0 1.0
Point 11 943.8333333333333 527.8333333333334 1.0 163.0 1.0
Point 12 727.1666666666666 622.5 1.0 181.0 1.0
Point 13 755.1666666666666 657.8333333333333 1.0 187.0 1.0
Point 14 786.5 589.8333333333334 1.0 197.0 1.0
Point 15 777.8333333333334 461.8333333333333 1.0 224.0 1.0
End of MTrackJ Data File
