MTrackJ 1.5.1 Data File
Displaying false true true 1 0 0 0 100 16 0 0 0 0 1 0 1 false false true false
Assembly 1 FF0000
Cluster 1 FF0000
Track 1 FF0000 true
Point 1 869.1666666666667 645.8333333333333 1.0 21.0 1.0
Point 2 799.1666666666667 582.5 1.0 28.0 1.0
Point 3 891.1666666666667 593.1666666666666 1.0 48.0 1.0
Point 4 784.5 594.5 1.0 59.0 1.0
Point 19 833.8333333333333 507.16666666666663 1.0 62.0 1.0
Point 5 689.8333333333334 497.1666666666667 1.0 74.0 1.0
Point 6 811.8333333333333 551.1666666666666 1.0 85.0 1.0
Point 7 799.1666666666667 448.5 1.0 138.0 1.0
Point 8 898.5 529.1666666666666 1.0 145.0 1.0
Point 9 905.8333333333333 445.8333333333333 1.0 154.0 1.0
Point 10 864.5 553.8333333333334 1.0 163.0 1.0
Point 18 845.1666666666667 490.5 1.0 166.0 1.0
Point 11 792.5 593.8333333333334 1.0 170.0 1.0
Point 12 819.8333333333333 581.1666666666666 1.0 176.0 1.0
Point 13 904.5 487.8333333333333 1.0 177.0 1.0
Point 17 832.5 446.5 1.0 215.0 1.0
Point 16 897.8333333333333 445.8333333333333 1.0 221.0 1.0
Point 14 765.8333333333334 485.8333333333333 1.0 222.0 1.0
Point 15 776.5 434.5 1.0 230.0 1.0
End of MTrackJ Data File
