MTrackJ 1.5.1 Data File
Displaying false true true 1 0 0 0 100 16 0 0 0 0 1 0 1 false false true false
Assembly 1 FF0000
Cluster 1 FF0000
Track 1 FF0000 true
Point 1 832.5 655.8333333333333 1.0 1.0 1.0
Point 2 831.1666666666667 652.5 1.0 2.0 1.0
Point 3 829.1666666666667 648.5 1.0 3.0 1.0
Point 4 824.5 646.5 1.0 4.0 1.0
Point 5 825.1666666666667 646.5 1.0 5.0 1.0
Point 6 825.8333333333333 645.8333333333333 1.0 6.0 1.0
Point 7 825.1666666666667 643.8333333333333 1.0 7.0 1.0
Point 8 825.8333333333333 639.8333333333333 1.0 8.0 1.0
Point 9 829.1666666666667 633.1666666666667 1.0 9.0 1.0
Point 10 829.8333333333333 631.1666666666667 1.0 10.0 1.0
Point 11 833.1666666666667 628.5 1.0 11.0 1.0
Point 12 833.1666666666667 628.5 1.0 12.0 1.0
Point 13 833.1666666666667 631.1666666666667 1.0 13.0 1.0
Point 14 833.1666666666667 635.1666666666667 1.0 14.0 1.0
Point 15 833.1666666666667 640.5 1.0 15.0 1.0
Point 16 835.8333333333333 628.5 1.0 16.0 1.0
Point 17 835.8333333333333 623.8333333333334 1.0 17.0 1.0
Point 18 835.8333333333333 622.5 1.0 18.0 1.0
Point 19 835.8333333333333 619.1666666666666 1.0 19.0 1.0
Point 20 838.5 617.1666666666666 1.0 20.0 1.0
Point 21 837.1666666666667 613.1666666666666 1.0 21.0 1.0
Point 22 838.5 611.1666666666666 1.0 22.0 1.0
Point 23 839.1666666666667 607.1666666666666 1.0 23.0 1.0
Point 24 839.8333333333333 605.8333333333334 1.0 24.0 1.0
Point 25 839.1666666666667 603.1666666666666 1.0 25.0 1.0
Point 26 840.5 601.8333333333334 1.0 26.0 1.0
Point 27 840.5 600.5 1.0 27.0 1.0
Point 28 841.8333333333333 599.1666666666666 1.0 28.0 1.0
Point 29 839.1666666666667 599.8333333333334 1.0 29.0 1.0
Point 30 836.5 601.1666666666666 1.0 30.0 1.0
Point 31 836.5 605.1666666666666 1.0 31.0 1.0
Point 32 836.5 614.5 1.0 32.0 1.0
Point 33 835.8333333333333 629.8333333333334 1.0 33.0 1.0
Point 34 833.1666666666667 638.5 1.0 34.0 1.0
Point 35 829.8333333333333 654.5 1.0 35.0 1.0
Point 36 834.5 663.8333333333333 1.0 36.0 1.0
Point 37 839.1666666666667 658.5 1.0 37.0 1.0
Point 38 839.1666666666667 652.5 1.0 38.0 1.0
Point 39 839.1666666666667 647.1666666666667 1.0 39.0 1.0
Point 40 845.8333333333333 654.5 1.0 40.0 1.0
Point 41 846.5 650.5 1.0 41.0 1.0
Point 42 845.1666666666667 647.8333333333333 1.0 42.0 1.0
Point 43 845.8333333333333 647.1666666666667 1.0 43.0 1.0
Point 44 847.1666666666667 647.8333333333333 1.0 44.0 1.0
Point 45 848.5 645.8333333333333 1.0 45.0 1.0
Point 46 848.5 643.1666666666667 1.0 46.0 1.0
Point 47 848.5 643.1666666666667 1.0 47.0 1.0
Point 48 853.1666666666667 651.1666666666667 1.0 48.0 1.0
Point 49 850.5 647.8333333333333 1.0 49.0 1.0
Point 50 851.8333333333333 645.1666666666667 1.0 50.0 1.0
Point 51 853.8333333333333 643.1666666666667 1.0 51.0 1.0
Point 52 854.5 639.1666666666667 1.0 52.0 1.0
Point 53 853.1666666666667 637.1666666666667 1.0 53.0 1.0
Point 54 853.1666666666667 634.5 1.0 54.0 1.0
Point 55 852.5 635.1666666666667 1.0 55.0 1.0
Point 56 852.5 631.1666666666667 1.0 56.0 1.0
Point 57 853.1666666666667 633.8333333333333 1.0 57.0 1.0
Point 58 855.1666666666667 636.5 1.0 58.0 1.0
Point 59 855.8333333333333 635.1666666666667 1.0 59.0 1.0
Point 60 856.5 631.8333333333333 1.0 60.0 1.0
Point 61 856.5 629.8333333333334 1.0 61.0 1.0
Point 62 857.8333333333333 627.8333333333334 1.0 62.0 1.0
Point 63 857.8333333333333 625.8333333333334 1.0 63.0 1.0
Point 64 857.1666666666667 621.8333333333334 1.0 64.0 1.0
Point 65 855.1666666666667 601.1666666666666 1.0 65.0 1.0
Point 66 849.8333333333333 585.1666666666666 1.0 66.0 1.0
Point 67 845.1666666666667 587.1666666666666 1.0 67.0 1.0
Point 68 844.5 585.1666666666666 1.0 68.0 1.0
Point 69 844.5 583.1666666666666 1.0 69.0 1.0
Point 70 844.5 580.5 1.0 70.0 1.0
Point 71 845.8333333333333 577.8333333333334 1.0 71.0 1.0
Point 72 847.1666666666667 577.8333333333334 1.0 72.0 1.0
Point 73 843.8333333333333 577.8333333333334 1.0 73.0 1.0
Point 74 843.8333333333333 577.8333333333334 1.0 74.0 1.0
Point 75 840.5 578.5 1.0 75.0 1.0
Point 76 831.8333333333333 581.1666666666666 1.0 76.0 1.0
Point 77 843.1666666666667 580.5 1.0 77.0 1.0
Point 78 840.5 578.5 1.0 78.0 1.0
Point 79 842.5 576.5 1.0 79.0 1.0
Point 80 844.5 575.1666666666666 1.0 80.0 1.0
Point 81 843.8333333333333 573.1666666666666 1.0 81.0 1.0
Point 82 845.8333333333333 571.1666666666666 1.0 82.0 1.0
Point 83 846.5 568.5 1.0 83.0 1.0
Point 84 849.8333333333333 566.5 1.0 84.0 1.0
Point 85 851.8333333333333 565.1666666666666 1.0 85.0 1.0
Point 86 851.8333333333333 560.5 1.0 86.0 1.0
Point 87 850.5 559.8333333333334 1.0 87.0 1.0
Point 88 850.5 560.5 1.0 88.0 1.0
Point 89 850.5 560.5 1.0 89.0 1.0
Point 90 849.8333333333333 560.5 1.0 90.0 1.0
Point 91 853.1666666666667 559.8333333333334 1.0 91.0 1.0
Point 92 853.1666666666667 561.1666666666666 1.0 92.0 1.0
Point 93 853.1666666666667 561.1666666666666 1.0 93.0 1.0
Point 94 853.1666666666667 560.5 1.0 94.0 1.0
Point 95 854.5 558.5 1.0 95.0 1.0
Point 96 854.5 557.8333333333334 1.0 96.0 1.0
Point 97 855.1666666666667 557.1666666666666 1.0 97.0 1.0
Point 98 850.5 552.5 1.0 98.0 1.0
Point 99 850.5 549.8333333333334 1.0 99.0 1.0
Point 100 853.8333333333333 546.5 1.0 100.0 1.0
Point 101 855.1666666666667 541.8333333333334 1.0 101.0 1.0
Point 102 857.8333333333333 541.8333333333334 1.0 102.0 1.0
Point 103 857.8333333333333 541.8333333333334 1.0 103.0 1.0
Point 104 857.8333333333333 539.8333333333334 1.0 104.0 1.0
Point 105 857.8333333333333 539.1666666666666 1.0 105.0 1.0
Point 106 857.1666666666667 539.8333333333334 1.0 106.0 1.0
Point 107 859.1666666666667 541.8333333333334 1.0 107.0 1.0
Point 108 859.8333333333333 541.8333333333334 1.0 108.0 1.0
Point 109 860.5 541.8333333333334 1.0 109.0 1.0
Point 110 861.8333333333333 538.5 1.0 110.0 1.0
Point 111 861.8333333333333 538.5 1.0 111.0 1.0
Point 112 861.8333333333333 538.5 1.0 112.0 1.0
Point 113 861.1666666666667 537.8333333333334 1.0 113.0 1.0
Point 114 859.8333333333333 533.1666666666666 1.0 114.0 1.0
Point 115 858.5 531.1666666666666 1.0 115.0 1.0
Point 116 859.8333333333333 530.5 1.0 116.0 1.0
Point 117 859.1666666666667 529.8333333333334 1.0 117.0 1.0
Point 118 858.5 526.5 1.0 118.0 1.0
Point 119 855.8333333333333 523.1666666666666 1.0 119.0 1.0
Point 120 855.8333333333333 522.5 1.0 120.0 1.0
Point 121 856.5 520.5 1.0 121.0 1.0
Point 122 856.5 519.8333333333334 1.0 122.0 1.0
Point 123 858.5 520.5 1.0 123.0 1.0
Point 124 859.8333333333333 518.5 1.0 124.0 1.0
Point 125 859.1666666666667 519.1666666666666 1.0 125.0 1.0
Point 126 858.5 517.1666666666666 1.0 126.0 1.0
Point 127 856.5 507.16666666666663 1.0 127.0 1.0
Point 128 857.1666666666667 509.16666666666663 1.0 128.0 1.0
Point 129 858.5 511.16666666666663 1.0 129.0 1.0
Point 130 858.5 509.83333333333337 1.0 130.0 1.0
Point 131 855.8333333333333 509.16666666666663 1.0 131.0 1.0
Point 132 855.8333333333333 506.5 1.0 132.0 1.0
Point 133 857.1666666666667 505.16666666666663 1.0 133.0 1.0
Point 134 856.5 502.5 1.0 134.0 1.0
Point 135 855.8333333333333 501.1666666666667 1.0 135.0 1.0
Point 136 855.1666666666667 501.1666666666667 1.0 136.0 1.0
Point 137 853.8333333333333 500.5 1.0 137.0 1.0
Point 138 853.8333333333333 495.8333333333333 1.0 138.0 1.0
Point 139 854.5 493.1666666666667 1.0 139.0 1.0
Point 140 853.1666666666667 492.5 1.0 140.0 1.0
Point 141 853.1666666666667 489.1666666666667 1.0 141.0 1.0
Point 142 853.1666666666667 491.8333333333333 1.0 142.0 1.0
Point 143 853.1666666666667 494.5 1.0 143.0 1.0
Point 144 853.8333333333333 495.1666666666667 1.0 144.0 1.0
Point 145 853.1666666666667 492.5 1.0 145.0 1.0
Point 146 853.8333333333333 493.1666666666667 1.0 146.0 1.0
Point 147 855.1666666666667 493.8333333333333 1.0 147.0 1.0
Point 148 857.1666666666667 494.5 1.0 148.0 1.0
Point 149 855.8333333333333 491.1666666666667 1.0 149.0 1.0
Point 150 857.8333333333333 492.5 1.0 150.0 1.0
Point 151 857.1666666666667 493.1666666666667 1.0 151.0 1.0
Point 152 857.1666666666667 493.1666666666667 1.0 152.0 1.0
Point 153 856.5 493.8333333333333 1.0 153.0 1.0
Point 154 856.5 493.1666666666667 1.0 154.0 1.0
Point 155 856.5 491.8333333333333 1.0 155.0 1.0
Point 156 856.5 489.8333333333333 1.0 156.0 1.0
Point 157 856.5 489.1666666666667 1.0 157.0 1.0
Point 158 856.5 487.8333333333333 1.0 158.0 1.0
Point 159 855.8333333333333 487.1666666666667 1.0 159.0 1.0
Point 160 856.5 486.5 1.0 160.0 1.0
Point 161 856.5 485.1666666666667 1.0 161.0 1.0
Point 162 857.1666666666667 483.8333333333333 1.0 162.0 1.0
Point 163 856.5 482.5 1.0 163.0 1.0
Point 164 858.5 479.8333333333333 1.0 164.0 1.0
Point 165 856.5 476.5 1.0 165.0 1.0
Point 166 857.8333333333333 476.5 1.0 166.0 1.0
Point 167 858.5 477.1666666666667 1.0 167.0 1.0
Point 168 858.5 476.5 1.0 168.0 1.0
Point 169 852.5 474.5 1.0 169.0 1.0
Point 170 851.1666666666667 473.8333333333333 1.0 170.0 1.0
Point 171 851.8333333333333 473.8333333333333 1.0 171.0 1.0
Point 172 850.5 474.5 1.0 172.0 1.0
Point 173 850.5 473.8333333333333 1.0 173.0 1.0
Point 174 851.1666666666667 472.5 1.0 174.0 1.0
Point 175 851.1666666666667 471.1666666666667 1.0 175.0 1.0
Point 176 850.5 472.5 1.0 176.0 1.0
Point 177 850.5 476.5 1.0 177.0 1.0
Point 178 850.5 485.8333333333333 1.0 178.0 1.0
Point 179 852.5 490.5 1.0 179.0 1.0
Point 180 853.1666666666667 493.8333333333333 1.0 180.0 1.0
Point 181 853.1666666666667 494.5 1.0 181.0 1.0
Point 182 853.1666666666667 497.1666666666667 1.0 182.0 1.0
Point 184 852.5 506.5 1.0 183.0 1.0
Point 185 845.8333333333333 518.5 1.0 184.0 1.0
Point 186 835.8333333333333 523.1666666666666 1.0 185.0 1.0
Point 187 830.5 525.8333333333334 1.0 186.0 1.0
Point 188 833.1666666666667 523.8333333333334 1.0 187.0 1.0
Point 189 836.5 521.8333333333334 1.0 188.0 1.0
Point 190 843.1666666666667 518.5 1.0 189.0 1.0
Point 191 843.1666666666667 515.8333333333334 1.0 190.0 1.0
Point 192 843.8333333333333 515.1666666666666 1.0 191.0 1.0
Point 193 848.5 513.8333333333334 1.0 192.0 1.0
Point 194 851.8333333333333 512.5 1.0 193.0 1.0
Point 195 850.5 512.5 1.0 194.0 1.0
Point 196 851.8333333333333 512.5 1.0 195.0 1.0
Point 197 851.8333333333333 512.5 1.0 196.0 1.0
Point 198 851.1666666666667 511.83333333333337 1.0 197.0 1.0
Point 199 850.5 511.83333333333337 1.0 198.0 1.0
Point 200 851.1666666666667 509.83333333333337 1.0 199.0 1.0
Point 201 850.5 510.5 1.0 200.0 1.0
Point 202 850.5 509.83333333333337 1.0 201.0 1.0
Point 203 849.8333333333333 509.83333333333337 1.0 202.0 1.0
Point 204 849.1666666666667 509.16666666666663 1.0 203.0 1.0
Point 205 849.1666666666667 508.5 1.0 204.0 1.0
Point 206 849.8333333333333 508.5 1.0 205.0 1.0
Point 207 850.5 509.83333333333337 1.0 206.0 1.0
Point 208 852.5 510.5 1.0 207.0 1.0
Point 209 853.8333333333333 511.16666666666663 1.0 208.0 1.0
Point 210 853.1666666666667 509.16666666666663 1.0 209.0 1.0
Point 211 854.5 509.83333333333337 1.0 210.0 1.0
Point 212 854.5 509.16666666666663 1.0 211.0 1.0
Point 213 854.5 507.83333333333337 1.0 212.0 1.0
Point 214 855.1666666666667 507.16666666666663 1.0 213.0 1.0
Point 215 855.8333333333333 506.5 1.0 214.0 1.0
Point 216 856.5 505.16666666666663 1.0 215.0 1.0
Point 217 857.1666666666667 503.83333333333337 1.0 216.0 1.0
Point 218 856.5 504.5 1.0 217.0 1.0
Point 219 857.1666666666667 503.83333333333337 1.0 218.0 1.0
Point 220 856.5 504.5 1.0 219.0 1.0
Point 221 855.8333333333333 504.5 1.0 220.0 1.0
Point 222 855.8333333333333 505.16666666666663 1.0 221.0 1.0
Point 223 856.5 504.5 1.0 222.0 1.0
Point 224 854.5 503.83333333333337 1.0 223.0 1.0
Point 225 853.8333333333333 503.16666666666663 1.0 224.0 1.0
Point 226 854.5 503.16666666666663 1.0 225.0 1.0
Point 227 851.1666666666667 502.5 1.0 226.0 1.0
Point 228 851.1666666666667 501.8333333333333 1.0 227.0 1.0
Point 229 851.1666666666667 500.5 1.0 228.0 1.0
Point 230 859.8333333333333 499.1666666666667 1.0 229.0 1.0
Point 231 867.1666666666667 487.8333333333333 1.0 230.0 1.0
Point 232 869.8333333333333 483.1666666666667 1.0 231.0 1.0
Point 233 876.5 478.5 1.0 232.0 1.0
Point 234 890.5 473.8333333333333 1.0 233.0 1.0
Point 235 919.1666666666667 475.1666666666667 1.0 234.0 1.0
Point 236 926.5 471.8333333333333 1.0 235.0 1.0
Point 237 929.8333333333333 469.1666666666667 1.0 236.0 1.0
Point 238 936.5 468.5 1.0 237.0 1.0
Point 239 937.8333333333333 465.8333333333333 1.0 238.0 1.0
Point 240 943.8333333333333 463.8333333333333 1.0 239.0 1.0
Point 241 944.5 463.1666666666667 1.0 240.0 1.0
End of MTrackJ Data File
