MTrackJ 1.5.1 Data File
Displaying true true true 2 0 0 0 100 10 0 0 0 0 1 12 0 true true true false
Assembly 1 FF0000
Cluster 1 FF0000
Track 1 FF0000 true
Point 1 538.1666666666666 213.5 1.0 1.0 1.0
Point 2 537.5 212.16666666666666 1.0 2.0 1.0
Point 3 537.5 212.16666666666666 1.0 3.0 1.0
Point 4 536.8333333333334 212.16666666666666 1.0 4.0 1.0
Point 5 537.5 208.83333333333334 1.0 5.0 1.0
Point 6 537.5 204.16666666666666 1.0 6.0 1.0
Point 7 537.5 204.16666666666666 1.0 7.0 1.0
Point 8 538.1666666666666 200.83333333333334 1.0 8.0 1.0
Point 9 538.8333333333334 197.5 1.0 9.0 1.0
Point 10 534.8333333333334 196.16666666666666 1.0 10.0 1.0
Point 11 531.5 196.16666666666666 1.0 11.0 1.0
Point 12 530.8333333333334 196.83333333333334 1.0 12.0 1.0
Point 13 528.1666666666666 194.83333333333334 1.0 13.0 1.0
Point 14 529.5 193.5 1.0 14.0 1.0
Point 15 530.8333333333334 192.16666666666666 1.0 15.0 1.0
Point 16 533.5 190.83333333333334 1.0 16.0 1.0
Point 17 534.1666666666666 186.83333333333334 1.0 17.0 1.0
Point 18 532.1666666666666 187.5 1.0 18.0 1.0
Point 19 532.1666666666666 188.16666666666666 1.0 19.0 1.0
Point 20 532.8333333333334 185.5 1.0 20.0 1.0
Point 21 532.8333333333334 184.83333333333334 1.0 21.0 1.0
Point 22 530.8333333333334 182.83333333333334 1.0 22.0 1.0
Point 23 530.8333333333334 182.83333333333334 1.0 23.0 1.0
Point 24 531.5 181.5 1.0 24.0 1.0
Point 25 534.1666666666666 179.5 1.0 25.0 1.0
Point 26 532.8333333333334 180.16666666666666 1.0 26.0 1.0
Point 27 530.8333333333334 180.83333333333334 1.0 27.0 1.0
Point 28 531.5 179.5 1.0 28.0 1.0
Point 29 532.1666666666666 178.16666666666666 1.0 29.0 1.0
Point 30 529.5 180.16666666666666 1.0 30.0 1.0
Point 31 528.8333333333334 178.83333333333334 1.0 31.0 1.0
Point 32 527.5 178.16666666666666 1.0 32.0 1.0
Point 33 527.5 178.16666666666666 1.0 33.0 1.0
Point 34 527.5 178.16666666666666 1.0 34.0 1.0
Point 35 527.5 178.16666666666666 1.0 35.0 1.0
Point 36 519.5 180.16666666666666 1.0 36.0 1.0
Point 37 519.5 180.16666666666666 1.0 37.0 1.0
Point 38 520.8333333333334 179.5 1.0 38.0 1.0
Point 39 518.8333333333334 179.5 1.0 39.0 1.0
Point 40 516.8333333333334 181.5 1.0 40.0 1.0
Point 41 520.1666666666666 179.5 1.0 41.0 1.0
Point 42 520.1666666666666 179.5 1.0 42.0 1.0
Point 43 521.5 177.5 1.0 43.0 1.0
Point 44 521.5 176.16666666666666 1.0 44.0 1.0
Point 45 523.5 173.5 1.0 45.0 1.0
Point 46 522.1666666666666 173.5 1.0 46.0 1.0
Point 47 520.8333333333334 172.83333333333334 1.0 47.0 1.0
Point 48 517.5 172.16666666666666 1.0 48.0 1.0
Point 49 512.1666666666666 172.16666666666666 1.0 49.0 1.0
Point 50 512.1666666666666 172.16666666666666 1.0 50.0 1.0
Point 51 510.1666666666667 174.16666666666666 1.0 51.0 1.0
Point 52 507.5 176.16666666666666 1.0 52.0 1.0
Point 53 510.8333333333333 175.5 1.0 53.0 1.0
Point 54 512.1666666666666 173.5 1.0 54.0 1.0
Point 55 512.1666666666666 173.5 1.0 55.0 1.0
Point 56 508.1666666666667 174.16666666666666 1.0 56.0 1.0
Point 57 508.1666666666667 174.16666666666666 1.0 57.0 1.0
Point 58 491.5 178.16666666666666 1.0 58.0 1.0
Point 59 485.5 180.16666666666666 1.0 59.0 1.0
Point 60 484.8333333333333 180.16666666666666 1.0 60.0 1.0
Point 61 487.5 176.83333333333334 1.0 61.0 1.0
Point 62 487.5 175.5 1.0 62.0 1.0
Point 63 487.5 175.5 1.0 63.0 1.0
Point 64 487.5 175.5 1.0 64.0 1.0
Point 65 486.8333333333333 172.83333333333334 1.0 65.0 1.0
Point 66 486.8333333333333 172.83333333333334 1.0 66.0 1.0
Point 67 486.1666666666667 175.5 1.0 67.0 1.0
Point 68 486.1666666666667 174.83333333333334 1.0 68.0 1.0
Point 69 476.8333333333333 174.83333333333334 1.0 69.0 1.0
Point 70 473.5 178.16666666666666 1.0 70.0 1.0
Point 71 472.8333333333333 178.83333333333334 1.0 71.0 1.0
Point 72 474.1666666666667 178.16666666666666 1.0 72.0 1.0
Point 73 480.1666666666667 174.83333333333334 1.0 73.0 1.0
Point 74 480.8333333333333 172.83333333333334 1.0 74.0 1.0
Point 75 481.5 172.16666666666666 1.0 75.0 1.0
Point 76 477.5 174.16666666666666 1.0 76.0 1.0
Point 77 479.5 172.83333333333334 1.0 77.0 1.0
Point 78 477.5 173.5 1.0 78.0 1.0
Point 79 475.5 172.83333333333334 1.0 79.0 1.0
Point 80 477.5 171.5 1.0 80.0 1.0
Point 81 477.5 171.5 1.0 81.0 1.0
Point 82 476.8333333333333 172.16666666666666 1.0 82.0 1.0
Point 83 476.8333333333333 172.16666666666666 1.0 83.0 1.0
Point 84 478.1666666666667 172.16666666666666 1.0 84.0 1.0
Point 85 478.1666666666667 172.83333333333334 1.0 85.0 1.0
Point 86 478.1666666666667 172.16666666666666 1.0 86.0 1.0
Point 87 481.5 170.16666666666666 1.0 87.0 1.0
Point 88 481.5 170.16666666666666 1.0 88.0 1.0
Point 89 483.5 169.5 1.0 89.0 1.0
Point 90 484.8333333333333 168.83333333333334 1.0 90.0 1.0
Point 91 485.5 169.5 1.0 91.0 1.0
Point 92 487.5 169.5 1.0 92.0 1.0
Point 93 488.8333333333333 170.16666666666666 1.0 93.0 1.0
Point 94 490.1666666666667 170.16666666666666 1.0 94.0 1.0
Point 95 490.1666666666667 174.83333333333334 1.0 95.0 1.0
Point 96 490.8333333333333 176.16666666666666 1.0 96.0 1.0
Point 97 490.8333333333333 178.16666666666666 1.0 97.0 1.0
Point 98 490.8333333333333 178.16666666666666 1.0 98.0 1.0
Point 99 490.1666666666667 174.16666666666666 1.0 99.0 1.0
Point 100 490.8333333333333 176.16666666666666 1.0 100.0 1.0
Point 101 490.1666666666667 174.16666666666666 1.0 101.0 1.0
Point 102 488.1666666666667 172.83333333333334 1.0 102.0 1.0
Point 103 488.1666666666667 172.83333333333334 1.0 103.0 1.0
Point 104 486.8333333333333 170.83333333333334 1.0 104.0 1.0
Point 105 488.1666666666667 168.83333333333334 1.0 105.0 1.0
Point 106 488.1666666666667 168.83333333333334 1.0 106.0 1.0
Point 107 490.1666666666667 168.83333333333334 1.0 107.0 1.0
Point 108 492.8333333333333 167.5 1.0 108.0 1.0
Point 109 497.5 162.83333333333334 1.0 109.0 1.0
Point 110 496.8333333333333 164.16666666666666 1.0 110.0 1.0
Point 111 496.8333333333333 163.5 1.0 111.0 1.0
Point 112 496.1666666666667 164.83333333333334 1.0 112.0 1.0
Point 113 494.8333333333333 167.5 1.0 113.0 1.0
Point 114 492.1666666666667 168.83333333333334 1.0 114.0 1.0
Point 115 492.1666666666667 168.83333333333334 1.0 115.0 1.0
Point 116 492.8333333333333 170.83333333333334 1.0 116.0 1.0
Point 117 492.1666666666667 170.83333333333334 1.0 117.0 1.0
Point 118 490.8333333333333 172.16666666666666 1.0 118.0 1.0
Point 119 490.8333333333333 172.16666666666666 1.0 119.0 1.0
Point 120 490.8333333333333 168.16666666666666 1.0 120.0 1.0
Point 121 489.5 167.5 1.0 121.0 1.0
Point 122 489.5 168.16666666666666 1.0 122.0 1.0
Point 123 489.5 168.16666666666666 1.0 123.0 1.0
Point 124 489.5 168.16666666666666 1.0 124.0 1.0
Point 125 489.5 165.5 1.0 125.0 1.0
Point 126 489.5 165.5 1.0 126.0 1.0
Point 127 489.5 165.5 1.0 127.0 1.0
Point 128 490.8333333333333 163.5 1.0 128.0 1.0
Point 129 490.1666666666667 162.83333333333334 1.0 129.0 1.0
Point 130 490.1666666666667 161.5 1.0 130.0 1.0
Point 131 491.5 158.83333333333334 1.0 131.0 1.0
Point 132 491.5 158.16666666666666 1.0 132.0 1.0
Point 133 491.5 157.5 1.0 133.0 1.0
Point 134 490.1666666666667 156.16666666666666 1.0 134.0 1.0
Point 135 484.8333333333333 159.5 1.0 135.0 1.0
Point 136 480.8333333333333 160.16666666666666 1.0 136.0 1.0
Point 137 476.8333333333333 159.5 1.0 137.0 1.0
Point 138 480.8333333333333 158.16666666666666 1.0 138.0 1.0
Point 139 478.1666666666667 159.5 1.0 139.0 1.0
Point 141 472.1666666666667 158.83333333333334 1.0 140.0 1.0
End of MTrackJ Data File
