MTrackJ 1.5.1 Data File
Displaying true true true 2 0 0 0 100 10 0 0 0 0 1 12 0 true true true false
Assembly 1 FF0000
Cluster 1 FF0000
Track 1 FF0000 true
Point 1 540.8333333333334 224.16666666666666 1.0 1.0 2.0
Point 2 535.5 224.16666666666666 1.0 2.0 2.0
Point 3 538.8333333333334 222.16666666666666 1.0 3.0 2.0
Point 4 537.5 222.16666666666666 1.0 4.0 2.0
Point 5 536.8333333333334 218.83333333333334 1.0 5.0 2.0
Point 6 536.1666666666666 220.83333333333334 1.0 6.0 2.0
Point 7 541.5 215.5 1.0 7.0 2.0
Point 8 510.8333333333333 215.5 1.0 8.0 2.0
Point 9 490.8333333333333 215.5 1.0 9.0 2.0
Point 10 498.1666666666667 210.83333333333334 1.0 10.0 2.0
Point 11 467.5 216.16666666666666 1.0 11.0 2.0
Point 12 467.5 214.16666666666666 1.0 12.0 2.0
Point 13 495.5 205.5 1.0 13.0 2.0
Point 14 502.1666666666667 203.5 1.0 14.0 2.0
Point 15 511.5 200.83333333333334 1.0 15.0 2.0
Point 16 500.1666666666667 201.5 1.0 16.0 2.0
Point 17 495.5 200.16666666666666 1.0 17.0 2.0
Point 18 499.5 196.83333333333334 1.0 18.0 2.0
Point 19 498.1666666666667 198.16666666666666 1.0 19.0 2.0
Point 20 492.8333333333333 200.83333333333334 1.0 20.0 2.0
Point 21 489.5 199.5 1.0 21.0 2.0
Point 22 500.1666666666667 194.83333333333334 1.0 22.0 2.0
Point 23 498.8333333333333 196.83333333333334 1.0 23.0 2.0
Point 24 496.8333333333333 195.5 1.0 24.0 2.0
Point 25 503.5 190.83333333333334 1.0 25.0 2.0
Point 26 505.5 186.83333333333334 1.0 26.0 2.0
Point 27 495.5 191.5 1.0 27.0 2.0
Point 28 498.8333333333333 192.83333333333334 1.0 28.0 2.0
Point 29 494.8333333333333 194.16666666666666 1.0 29.0 2.0
Point 30 498.8333333333333 192.16666666666666 1.0 30.0 2.0
Point 31 506.1666666666667 186.16666666666666 1.0 31.0 2.0
Point 32 490.8333333333333 186.83333333333334 1.0 32.0 2.0
Point 33 494.1666666666667 191.5 1.0 33.0 2.0
Point 34 469.5 199.5 1.0 34.0 2.0
Point 35 482.1666666666667 194.16666666666666 1.0 35.0 2.0
Point 36 488.8333333333333 190.16666666666666 1.0 36.0 2.0
Point 37 486.1666666666667 190.83333333333334 1.0 37.0 2.0
Point 38 461.5 201.5 1.0 38.0 2.0
Point 39 476.1666666666667 194.83333333333334 1.0 39.0 2.0
Point 40 486.1666666666667 188.83333333333334 1.0 40.0 2.0
Point 41 490.1666666666667 188.16666666666666 1.0 41.0 2.0
Point 42 489.5 188.83333333333334 1.0 42.0 2.0
Point 43 487.5 187.5 1.0 43.0 2.0
Point 44 496.8333333333333 184.16666666666666 1.0 44.0 2.0
Point 45 482.8333333333333 189.5 1.0 45.0 2.0
Point 46 476.8333333333333 189.5 1.0 46.0 2.0
Point 47 482.1666666666667 188.16666666666666 1.0 47.0 2.0
Point 48 474.1666666666667 186.83333333333334 1.0 48.0 2.0
Point 49 468.1666666666667 189.5 1.0 49.0 2.0
Point 50 467.5 189.5 1.0 50.0 2.0
Point 51 469.5 182.83333333333334 1.0 51.0 2.0
Point 52 476.8333333333333 187.5 1.0 52.0 2.0
Point 53 482.8333333333333 182.16666666666666 1.0 53.0 2.0
Point 54 478.8333333333333 185.5 1.0 54.0 2.0
Point 55 474.8333333333333 188.16666666666666 1.0 55.0 2.0
Point 56 466.1666666666667 189.5 1.0 56.0 2.0
Point 57 435.5 200.16666666666666 1.0 57.0 2.0
Point 58 435.5 195.5 1.0 58.0 2.0
Point 59 450.8333333333333 195.5 1.0 59.0 2.0
Point 60 446.1666666666667 194.16666666666666 1.0 60.0 2.0
Point 61 457.5 194.16666666666666 1.0 61.0 2.0
Point 62 460.8333333333333 196.83333333333334 1.0 62.0 2.0
Point 63 459.5 191.5 1.0 63.0 2.0
Point 64 465.5 192.83333333333334 1.0 64.0 2.0
Point 65 468.1666666666667 192.83333333333334 1.0 65.0 2.0
Point 66 458.1666666666667 194.83333333333334 1.0 66.0 2.0
Point 67 450.8333333333333 192.83333333333334 1.0 67.0 2.0
Point 68 433.5 195.5 1.0 68.0 2.0
Point 69 414.8333333333333 198.83333333333334 1.0 69.0 2.0
Point 70 400.1666666666667 203.5 1.0 70.0 2.0
Point 71 433.5 196.16666666666666 1.0 71.0 2.0
Point 72 454.8333333333333 190.16666666666666 1.0 72.0 2.0
Point 73 460.1666666666667 190.16666666666666 1.0 73.0 2.0
Point 74 434.1666666666667 192.83333333333334 1.0 74.0 2.0
Point 75 392.1666666666667 206.83333333333334 1.0 75.0 2.0
Point 76 396.1666666666667 205.5 1.0 76.0 2.0
Point 77 431.5 189.5 1.0 77.0 2.0
Point 78 440.1666666666667 189.5 1.0 78.0 2.0
Point 79 445.5 188.83333333333334 1.0 79.0 2.0
Point 80 440.1666666666667 186.83333333333334 1.0 80.0 2.0
Point 81 422.1666666666667 190.16666666666666 1.0 81.0 2.0
Point 82 436.8333333333333 190.16666666666666 1.0 82.0 2.0
Point 83 434.1666666666667 189.5 1.0 83.0 2.0
Point 84 432.8333333333333 188.83333333333334 1.0 84.0 2.0
Point 85 438.1666666666667 186.16666666666666 1.0 85.0 2.0
Point 86 456.8333333333333 186.83333333333334 1.0 86.0 2.0
Point 87 459.5 186.83333333333334 1.0 87.0 2.0
Point 88 468.1666666666667 188.16666666666666 1.0 88.0 2.0
Point 89 468.1666666666667 186.16666666666666 1.0 89.0 2.0
Point 90 467.5 184.16666666666666 1.0 90.0 2.0
Point 91 473.5 182.83333333333334 1.0 91.0 2.0
Point 92 477.5 196.16666666666666 1.0 92.0 2.0
Point 93 480.1666666666667 198.83333333333334 1.0 93.0 2.0
Point 94 478.8333333333333 192.83333333333334 1.0 94.0 2.0
Point 95 484.1666666666667 188.83333333333334 1.0 95.0 2.0
Point 96 477.5 193.5 1.0 96.0 2.0
Point 97 479.5 192.83333333333334 1.0 97.0 2.0
Point 98 477.5 186.83333333333334 1.0 98.0 2.0
Point 99 480.1666666666667 182.16666666666666 1.0 99.0 2.0
Point 100 473.5 179.5 1.0 100.0 2.0
Point 101 475.5 180.83333333333334 1.0 101.0 2.0
Point 102 482.1666666666667 180.83333333333334 1.0 102.0 2.0
Point 103 476.1666666666667 182.16666666666666 1.0 103.0 2.0
Point 104 474.1666666666667 189.5 1.0 104.0 2.0
Point 105 478.8333333333333 190.16666666666666 1.0 105.0 2.0
Point 106 479.5 192.16666666666666 1.0 106.0 2.0
Point 107 476.1666666666667 182.16666666666666 1.0 107.0 2.0
Point 108 479.5 178.83333333333334 1.0 108.0 2.0
Point 109 484.1666666666667 185.5 1.0 109.0 2.0
Point 110 486.1666666666667 181.5 1.0 110.0 2.0
Point 111 490.1666666666667 180.83333333333334 1.0 111.0 2.0
Point 112 488.8333333333333 188.16666666666666 1.0 112.0 2.0
Point 113 484.8333333333333 192.16666666666666 1.0 113.0 2.0
Point 114 485.5 196.83333333333334 1.0 114.0 2.0
Point 115 479.5 218.83333333333334 1.0 115.0 2.0
Point 116 473.5 238.16666666666666 1.0 116.0 2.0
Point 117 478.1666666666667 226.83333333333334 1.0 117.0 2.0
Point 118 488.8333333333333 200.16666666666666 1.0 118.0 2.0
Point 119 487.5 190.16666666666666 1.0 119.0 2.0
Point 120 486.8333333333333 192.83333333333334 1.0 120.0 2.0
Point 121 479.5 207.5 1.0 121.0 2.0
Point 122 476.8333333333333 218.16666666666666 1.0 122.0 2.0
Point 123 477.5 202.16666666666666 1.0 123.0 2.0
Point 124 484.1666666666667 198.83333333333334 1.0 124.0 2.0
Point 125 485.5 191.5 1.0 125.0 2.0
Point 126 480.1666666666667 186.83333333333334 1.0 126.0 2.0
Point 127 481.5 190.83333333333334 1.0 127.0 2.0
Point 128 480.8333333333333 186.83333333333334 1.0 128.0 2.0
Point 129 482.1666666666667 185.5 1.0 129.0 2.0
Point 130 482.1666666666667 186.16666666666666 1.0 130.0 2.0
Point 131 484.8333333333333 185.5 1.0 131.0 2.0
Point 132 477.5 179.5 1.0 132.0 2.0
Point 133 482.1666666666667 186.83333333333334 1.0 133.0 2.0
Point 134 468.8333333333333 174.16666666666666 1.0 134.0 2.0
Point 135 448.8333333333333 168.16666666666666 1.0 135.0 2.0
Point 136 458.8333333333333 168.83333333333334 1.0 136.0 2.0
Point 137 450.8333333333333 168.16666666666666 1.0 137.0 2.0
Point 138 454.1666666666667 177.5 1.0 138.0 2.0
Point 139 444.8333333333333 167.5 1.0 139.0 2.0
Point 140 414.8333333333333 170.83333333333334 1.0 140.0 2.0
End of MTrackJ Data File
