MTrackJ 1.5.1 Data File
Displaying false true true 1 2 0 0 100 20 0 0 0 0 1 8 0 false false true false
Assembly 1 FF0000
Cluster 1 FF0000
Track 1 FF0000 true
Point 96 340.0 224.0 1.0 1.0 1.0
Point 97 342.0 236.0 1.0 2.0 1.0
Point 98 331.0 239.0 1.0 3.0 1.0
Point 99 320.0 237.0 1.0 4.0 1.0
Point 100 307.0 238.0 1.0 5.0 1.0
Point 101 315.0 244.0 1.0 6.0 1.0
Point 102 296.0 259.0 1.0 7.0 1.0
Point 103 300.0 263.0 1.0 8.0 1.0
Point 104 310.0 229.0 1.0 9.0 1.0
Point 105 308.0 234.0 1.0 10.0 1.0
Point 106 293.0 292.0 1.0 11.0 1.0
Point 107 286.0 300.0 1.0 12.0 1.0
Point 108 297.0 263.0 1.0 13.0 1.0
Point 109 303.0 216.0 1.0 14.0 1.0
Point 110 302.0 233.0 1.0 15.0 1.0
Point 111 297.0 263.0 1.0 16.0 1.0
Point 112 304.0 222.0 1.0 17.0 1.0
Point 113 317.0 185.0 1.0 18.0 1.0
Point 114 323.0 181.0 1.0 19.0 1.0
Point 115 317.0 188.0 1.0 20.0 1.0
Point 116 319.0 170.0 1.0 21.0 1.0
Point 117 320.0 180.0 1.0 22.0 1.0
Point 118 309.0 207.0 1.0 23.0 1.0
Point 119 308.0 213.0 1.0 24.0 1.0
Point 120 296.0 243.0 1.0 25.0 1.0
Point 1 292.0 273.0 1.0 26.0 1.0
Point 2 275.0 277.0 1.0 27.0 1.0
Point 3 263.0 291.0 1.0 28.0 1.0
Point 4 285.0 329.0 1.0 29.0 1.0
Point 5 276.0 330.0 1.0 30.0 1.0
Point 6 282.0 339.0 1.0 31.0 1.0
Point 7 280.0 330.0 1.0 32.0 1.0
Point 8 282.0 338.0 1.0 33.0 1.0
Point 9 283.0 335.0 1.0 34.0 1.0
Point 10 287.0 327.0 1.0 35.0 1.0
Point 11 287.0 327.0 1.0 36.0 1.0
Point 12 281.0 331.0 1.0 37.0 1.0
Point 13 291.0 308.0 1.0 38.0 1.0
Point 14 293.0 296.0 1.0 39.0 1.0
Point 15 299.0 270.0 1.0 40.0 1.0
Point 16 316.0 249.0 1.0 41.0 1.0
Point 17 330.0 250.0 1.0 42.0 1.0
Point 18 333.0 243.0 1.0 43.0 1.0
Point 19 379.0 235.0 1.0 44.0 1.0
Point 20 399.0 231.0 1.0 45.0 1.0
Point 21 376.0 225.0 1.0 46.0 1.0
Point 22 422.0 231.0 1.0 47.0 1.0
Point 23 426.0 226.0 1.0 48.0 1.0
Point 24 429.0 228.0 1.0 49.0 1.0
Point 25 432.0 239.0 1.0 50.0 1.0
Point 26 431.0 242.0 1.0 51.0 1.0
Point 27 430.0 244.0 1.0 52.0 1.0
Point 28 416.0 267.0 1.0 53.0 1.0
Point 29 421.0 253.0 1.0 54.0 1.0
Point 30 414.0 263.0 1.0 55.0 1.0
Point 31 398.0 277.0 1.0 56.0 1.0
Point 32 388.0 290.0 1.0 57.0 1.0
Point 33 386.0 306.0 1.0 58.0 1.0
Point 34 386.0 283.0 1.0 59.0 1.0
Point 35 379.0 293.0 1.0 60.0 1.0
Point 36 364.0 313.0 1.0 61.0 1.0
Point 37 352.0 316.0 1.0 62.0 1.0
Point 38 350.0 312.0 1.0 63.0 1.0
Point 39 352.0 323.0 1.0 64.0 1.0
Point 40 341.0 320.0 1.0 65.0 1.0
Point 41 339.0 324.0 1.0 66.0 1.0
Point 42 317.0 310.0 1.0 67.0 1.0
Point 43 332.0 326.0 1.0 68.0 1.0
Point 44 325.0 319.0 1.0 69.0 1.0
Point 45 326.0 321.0 1.0 70.0 1.0
Point 46 327.0 312.0 1.0 71.0 1.0
Point 47 312.0 310.0 1.0 72.0 1.0
Point 48 322.0 310.0 1.0 73.0 1.0
Point 49 317.0 319.0 1.0 74.0 1.0
Point 50 320.0 307.0 1.0 75.0 1.0
Point 51 319.0 325.0 1.0 76.0 1.0
Point 52 313.0 316.0 1.0 77.0 1.0
Point 53 318.0 313.0 1.0 78.0 1.0
Point 54 326.0 301.0 1.0 79.0 1.0
Point 55 327.0 308.0 1.0 80.0 1.0
Point 56 326.0 310.0 1.0 81.0 1.0
Point 57 314.0 309.0 1.0 82.0 1.0
Point 58 317.0 315.0 1.0 83.0 1.0
Point 59 316.0 310.0 1.0 84.0 1.0
Point 60 317.0 301.0 1.0 85.0 1.0
Point 61 316.0 299.0 1.0 86.0 1.0
Point 62 321.0 307.0 1.0 87.0 1.0
Point 63 320.0 307.0 1.0 88.0 1.0
Point 64 313.0 300.0 1.0 89.0 1.0
Point 65 316.0 307.0 1.0 90.0 1.0
Point 66 317.0 309.0 1.0 91.0 1.0
Point 67 321.0 300.0 1.0 92.0 1.0
Point 68 320.0 308.0 1.0 93.0 1.0
Point 69 311.0 311.0 1.0 94.0 1.0
Point 70 311.0 301.0 1.0 95.0 1.0
Point 71 311.0 303.0 1.0 96.0 1.0
Point 72 304.0 305.0 1.0 97.0 1.0
Point 73 307.0 303.0 1.0 98.0 1.0
Point 74 311.0 305.0 1.0 99.0 1.0
Point 75 305.0 299.0 1.0 100.0 1.0
Point 76 310.0 288.0 1.0 101.0 1.0
Point 77 306.0 282.0 1.0 102.0 1.0
Point 78 309.0 294.0 1.0 103.0 1.0
Point 79 315.0 288.0 1.0 104.0 1.0
Point 80 310.0 291.0 1.0 105.0 1.0
Point 81 307.0 293.0 1.0 106.0 1.0
Point 82 302.0 297.0 1.0 107.0 1.0
Point 83 301.0 293.0 1.0 108.0 1.0
Point 84 304.0 295.0 1.0 109.0 1.0
Point 85 309.0 300.0 1.0 110.0 1.0
Point 86 302.0 290.0 1.0 111.0 1.0
Point 87 297.0 285.0 1.0 112.0 1.0
Point 88 295.0 292.0 1.0 113.0 1.0
Point 89 298.0 296.0 1.0 114.0 1.0
Point 90 295.0 298.0 1.0 115.0 1.0
Point 91 298.0 296.0 1.0 116.0 1.0
Point 92 301.0 283.0 1.0 117.0 1.0
Point 93 306.0 289.0 1.0 118.0 1.0
Point 94 300.0 291.0 1.0 119.0 1.0
Point 95 297.0 285.0 1.0 120.0 1.0
End of MTrackJ Data File
