MTrackJ 1.5.1 Data File
Displaying false true true 1 2 0 0 100 90 0 0 0 0 1 8 0 false false true false
Assembly 1 FF0000
Cluster 1 FF0000
Track 1 FF0000 true
Point 1 310.0 298.0 1.0 1.0 1.0
Point 2 314.0 291.0 1.0 2.0 1.0
Point 3 318.0 284.0 1.0 3.0 1.0
Point 4 321.0 284.0 1.0 4.0 1.0
Point 5 323.0 278.0 1.0 5.0 1.0
Point 6 325.0 263.0 1.0 6.0 1.0
Point 7 324.0 249.0 1.0 7.0 1.0
Point 8 316.0 252.0 1.0 8.0 1.0
Point 9 315.0 254.0 1.0 9.0 1.0
Point 10 313.0 250.0 1.0 10.0 1.0
Point 11 311.0 253.0 1.0 11.0 1.0
Point 12 315.0 255.0 1.0 12.0 1.0
Point 13 314.0 258.0 1.0 13.0 1.0
Point 14 310.0 259.0 1.0 14.0 1.0
Point 15 304.0 267.0 1.0 15.0 1.0
Point 16 304.0 270.0 1.0 16.0 1.0
Point 17 304.0 264.0 1.0 17.0 1.0
Point 18 306.0 264.0 1.0 18.0 1.0
Point 19 306.0 262.0 1.0 19.0 1.0
Point 20 306.0 261.0 1.0 20.0 1.0
Point 21 303.0 263.0 1.0 21.0 1.0
Point 22 303.0 274.0 1.0 22.0 1.0
Point 23 305.0 270.0 1.0 23.0 1.0
Point 24 304.0 264.0 1.0 24.0 1.0
Point 25 306.0 258.0 1.0 25.0 1.0
Point 26 305.0 257.0 1.0 26.0 1.0
Point 27 302.0 272.0 1.0 27.0 1.0
Point 28 300.0 288.0 1.0 28.0 1.0
Point 29 301.0 304.0 1.0 29.0 1.0
Point 30 299.0 309.0 1.0 30.0 1.0
Point 31 291.0 311.0 1.0 31.0 1.0
Point 32 290.0 309.0 1.0 32.0 1.0
Point 33 290.0 311.0 1.0 33.0 1.0
Point 34 288.0 314.0 1.0 34.0 1.0
Point 35 290.0 315.0 1.0 35.0 1.0
Point 36 293.0 316.0 1.0 36.0 1.0
Point 37 296.0 311.0 1.0 37.0 1.0
Point 38 298.0 309.0 1.0 38.0 1.0
Point 39 297.0 313.0 1.0 39.0 1.0
Point 40 294.0 313.0 1.0 40.0 1.0
Point 41 292.0 305.0 1.0 41.0 1.0
Point 42 293.0 299.0 1.0 42.0 1.0
Point 43 293.0 296.0 1.0 43.0 1.0
Point 44 314.0 266.0 1.0 44.0 1.0
Point 45 312.0 266.0 1.0 45.0 1.0
Point 46 314.0 262.0 1.0 46.0 1.0
Point 47 342.0 252.0 1.0 47.0 1.0
Point 48 376.0 237.0 1.0 48.0 1.0
Point 49 377.0 234.0 1.0 49.0 1.0
Point 50 384.0 235.0 1.0 50.0 1.0
Point 51 389.0 239.0 1.0 51.0 1.0
Point 52 384.0 242.0 1.0 52.0 1.0
Point 53 378.0 246.0 1.0 53.0 1.0
Point 54 375.0 249.0 1.0 54.0 1.0
Point 55 375.0 256.0 1.0 55.0 1.0
Point 56 364.0 273.0 1.0 56.0 1.0
Point 57 359.0 273.0 1.0 57.0 1.0
Point 58 347.0 284.0 1.0 58.0 1.0
Point 59 344.0 288.0 1.0 59.0 1.0
Point 60 339.0 292.0 1.0 60.0 1.0
Point 61 322.0 302.0 1.0 61.0 1.0
Point 62 318.0 308.0 1.0 62.0 1.0
Point 63 315.0 308.0 1.0 63.0 1.0
Point 64 315.0 308.0 1.0 64.0 1.0
Point 65 317.0 301.0 1.0 65.0 1.0
Point 66 314.0 301.0 1.0 66.0 1.0
Point 67 312.0 301.0 1.0 67.0 1.0
Point 68 313.0 301.0 1.0 68.0 1.0
Point 69 310.0 302.0 1.0 69.0 1.0
Point 70 310.0 302.0 1.0 70.0 1.0
Point 71 305.0 301.0 1.0 71.0 1.0
Point 72 303.0 302.0 1.0 72.0 1.0
Point 73 300.0 303.0 1.0 73.0 1.0
Point 74 305.0 300.0 1.0 74.0 1.0
Point 75 303.0 300.0 1.0 75.0 1.0
Point 76 301.0 300.0 1.0 76.0 1.0
Point 77 301.0 304.0 1.0 77.0 1.0
Point 78 302.0 304.0 1.0 78.0 1.0
Point 79 302.0 304.0 1.0 79.0 1.0
Point 80 303.0 302.0 1.0 80.0 1.0
Point 81 303.0 302.0 1.0 81.0 1.0
Point 82 299.0 303.0 1.0 82.0 1.0
Point 83 301.0 301.0 1.0 83.0 1.0
Point 84 299.0 301.0 1.0 84.0 1.0
Point 85 305.0 300.0 1.0 85.0 1.0
Point 86 310.0 300.0 1.0 86.0 1.0
Point 87 309.0 300.0 1.0 87.0 1.0
Point 88 313.0 301.0 1.0 88.0 1.0
Point 89 310.0 300.0 1.0 89.0 1.0
Point 90 305.0 298.0 1.0 90.0 1.0
Point 91 311.0 296.0 1.0 91.0 1.0
Point 92 310.0 297.0 1.0 92.0 1.0
Point 93 310.0 295.0 1.0 93.0 1.0
Point 94 310.0 291.0 1.0 94.0 1.0
Point 95 313.0 293.0 1.0 95.0 1.0
Point 96 312.0 294.0 1.0 96.0 1.0
Point 97 309.0 294.0 1.0 97.0 1.0
Point 98 307.0 296.0 1.0 98.0 1.0
Point 99 306.0 297.0 1.0 99.0 1.0
Point 100 303.0 295.0 1.0 100.0 1.0
Point 101 304.0 294.0 1.0 101.0 1.0
Point 102 305.0 293.0 1.0 102.0 1.0
Point 103 305.0 294.0 1.0 103.0 1.0
Point 104 304.0 295.0 1.0 104.0 1.0
Point 105 305.0 295.0 1.0 105.0 1.0
Point 106 303.0 296.0 1.0 106.0 1.0
Point 107 303.0 295.0 1.0 107.0 1.0
Point 108 303.0 295.0 1.0 108.0 1.0
Point 109 302.0 296.0 1.0 109.0 1.0
Point 110 302.0 297.0 1.0 110.0 1.0
Point 111 300.0 298.0 1.0 111.0 1.0
Point 112 298.0 297.0 1.0 112.0 1.0
Point 113 298.0 297.0 1.0 113.0 1.0
Point 114 298.0 297.0 1.0 114.0 1.0
Point 115 303.0 295.0 1.0 115.0 1.0
Point 116 300.0 296.0 1.0 116.0 1.0
Point 117 303.0 296.0 1.0 117.0 1.0
Point 118 303.0 293.0 1.0 118.0 1.0
Point 119 301.0 293.0 1.0 119.0 1.0
Point 120 299.0 293.0 1.0 120.0 1.0
End of MTrackJ Data File
