MTrackJ 1.5.1 Data File
Displaying true true true 1 2 0 0 100 10 0 0 0 0 1 12 0 false true true false
Assembly 1 FF0000
Cluster 1 FF0000
Track 1 FF0000 true
Point 1 566.0 568.0 1.0 1.0 1.0
Point 2 569.0 562.0 1.0 2.0 1.0
Point 3 573.0 559.0 1.0 3.0 1.0
Point 4 574.0 560.0 1.0 4.0 1.0
Point 5 570.0 561.0 1.0 5.0 1.0
Point 6 560.0 561.0 1.0 6.0 1.0
Point 7 568.0 554.0 1.0 7.0 1.0
Point 8 568.0 553.0 1.0 8.0 1.0
Point 9 572.0 549.0 1.0 9.0 1.0
Point 10 566.0 556.0 1.0 10.0 1.0
Point 11 577.0 551.0 1.0 11.0 1.0
Point 12 582.0 547.0 1.0 12.0 1.0
Point 13 589.0 544.0 1.0 13.0 1.0
Point 14 587.0 543.0 1.0 14.0 1.0
Point 15 591.0 541.0 1.0 15.0 1.0
Point 16 586.0 542.0 1.0 16.0 1.0
Point 17 588.0 540.0 1.0 17.0 1.0
Point 18 592.0 539.0 1.0 18.0 1.0
Point 19 589.0 534.0 1.0 19.0 1.0
Point 20 592.0 534.0 1.0 20.0 1.0
Point 21 595.0 530.0 1.0 21.0 1.0
Point 22 597.0 528.0 1.0 22.0 1.0
Point 23 603.0 528.0 1.0 23.0 1.0
Point 24 605.0 526.0 1.0 24.0 1.0
Point 25 602.0 524.0 1.0 25.0 1.0
Point 26 594.0 530.0 1.0 26.0 1.0
Point 27 598.0 528.0 1.0 27.0 1.0
Point 28 598.0 523.0 1.0 28.0 1.0
Point 29 590.0 527.0 1.0 29.0 1.0
Point 30 589.0 526.0 1.0 30.0 1.0
Point 31 591.0 534.0 1.0 31.0 1.0
Point 32 590.0 533.0 1.0 32.0 1.0
Point 33 589.0 538.0 1.0 33.0 1.0
Point 34 598.0 525.0 1.0 34.0 1.0
Point 35 601.0 521.0 1.0 35.0 1.0
Point 36 602.0 512.0 1.0 36.0 1.0
Point 37 600.0 514.0 1.0 37.0 1.0
Point 38 599.0 519.0 1.0 38.0 1.0
Point 39 605.0 515.0 1.0 39.0 1.0
Point 40 603.0 514.0 1.0 40.0 1.0
Point 41 601.0 513.0 1.0 41.0 1.0
Point 42 610.0 513.0 1.0 42.0 1.0
Point 43 611.0 516.0 1.0 43.0 1.0
Point 44 613.0 513.0 1.0 44.0 1.0
Point 45 614.0 520.0 1.0 45.0 1.0
Point 46 615.0 512.0 1.0 46.0 1.0
Point 47 623.0 514.0 1.0 47.0 1.0
Point 48 616.0 518.0 1.0 48.0 1.0
Point 49 615.0 527.0 1.0 49.0 1.0
Point 50 619.0 519.0 1.0 50.0 1.0
Point 51 613.0 556.0 1.0 51.0 1.0
Point 52 603.0 603.0 1.0 52.0 1.0
Point 53 601.0 611.0 1.0 53.0 1.0
Point 54 596.0 605.0 1.0 54.0 1.0
Point 55 598.0 597.0 1.0 55.0 1.0
Point 56 606.0 584.0 1.0 56.0 1.0
Point 57 610.0 567.0 1.0 57.0 1.0
Point 58 609.0 554.0 1.0 58.0 1.0
Point 59 605.0 558.0 1.0 59.0 1.0
Point 60 614.0 552.0 1.0 60.0 1.0
Point 61 613.0 549.0 1.0 61.0 1.0
Point 62 612.0 546.0 1.0 62.0 1.0
Point 63 616.0 548.0 1.0 63.0 1.0
Point 64 611.0 551.0 1.0 64.0 1.0
Point 65 609.0 561.0 1.0 65.0 1.0
Point 66 609.0 554.0 1.0 66.0 1.0
Point 67 611.0 549.0 1.0 67.0 1.0
Point 68 609.0 558.0 1.0 68.0 1.0
Point 69 612.0 550.0 1.0 69.0 1.0
Point 70 612.0 551.0 1.0 70.0 1.0
Point 71 613.0 551.0 1.0 71.0 1.0
Point 72 612.0 548.0 1.0 72.0 1.0
Point 73 612.0 546.0 1.0 73.0 1.0
Point 74 617.0 553.0 1.0 74.0 1.0
Point 75 615.0 551.0 1.0 75.0 1.0
Point 76 616.0 538.0 1.0 76.0 1.0
Point 77 614.0 541.0 1.0 77.0 1.0
Point 78 615.0 545.0 1.0 78.0 1.0
Point 79 616.0 549.0 1.0 79.0 1.0
Point 80 614.0 549.0 1.0 80.0 1.0
Point 81 617.0 548.0 1.0 81.0 1.0
Point 82 616.0 539.0 1.0 82.0 1.0
Point 83 617.0 544.0 1.0 83.0 1.0
Point 84 616.0 526.0 1.0 84.0 1.0
Point 85 620.0 507.0 1.0 85.0 1.0
Point 86 626.0 482.0 1.0 86.0 1.0
Point 87 619.0 491.0 1.0 87.0 1.0
Point 88 619.0 489.0 1.0 88.0 1.0
Point 89 619.0 502.0 1.0 89.0 1.0
Point 90 621.0 496.0 1.0 90.0 1.0
Point 91 621.0 508.0 1.0 91.0 1.0
Point 92 618.0 522.0 1.0 92.0 1.0
Point 93 618.0 518.0 1.0 93.0 1.0
Point 94 618.0 510.0 1.0 94.0 1.0
Point 95 614.0 517.0 1.0 95.0 1.0
Point 96 616.0 510.0 1.0 96.0 1.0
Point 97 612.0 508.0 1.0 97.0 1.0
Point 98 614.0 510.0 1.0 98.0 1.0
Point 99 613.0 509.0 1.0 99.0 1.0
Point 100 614.0 510.0 1.0 100.0 1.0
Point 101 615.0 504.0 1.0 101.0 1.0
Point 102 617.0 509.0 1.0 102.0 1.0
Point 103 618.0 508.0 1.0 103.0 1.0
Point 104 620.0 505.0 1.0 104.0 1.0
Point 105 618.0 503.0 1.0 105.0 1.0
Point 106 617.0 500.0 1.0 106.0 1.0
Point 107 619.0 500.0 1.0 107.0 1.0
Point 108 619.0 502.0 1.0 108.0 1.0
Point 109 619.0 499.0 1.0 109.0 1.0
Point 110 618.0 497.0 1.0 110.0 1.0
Point 111 621.0 506.0 1.0 111.0 1.0
Point 112 619.0 511.0 1.0 112.0 1.0
Point 113 619.0 500.0 1.0 113.0 1.0
Point 114 618.0 501.0 1.0 114.0 1.0
Point 115 621.0 488.0 1.0 115.0 1.0
Point 116 624.0 497.0 1.0 116.0 1.0
Point 117 627.0 493.0 1.0 117.0 1.0
Point 118 622.0 491.0 1.0 118.0 1.0
Point 119 624.0 475.0 1.0 119.0 1.0
Point 120 625.0 467.0 1.0 120.0 1.0
Point 121 628.0 470.0 1.0 121.0 1.0
Point 122 627.0 469.0 1.0 122.0 1.0
Point 123 627.0 463.0 1.0 123.0 1.0
Point 124 625.0 459.0 1.0 124.0 1.0
Point 125 625.0 460.0 1.0 125.0 1.0
Point 126 626.0 449.0 1.0 126.0 1.0
Point 127 623.0 461.0 1.0 127.0 1.0
Point 128 621.0 474.0 1.0 128.0 1.0
Point 129 625.0 474.0 1.0 129.0 1.0
Point 130 625.0 469.0 1.0 130.0 1.0
Point 131 625.0 448.0 1.0 131.0 1.0
Point 132 628.0 438.0 1.0 132.0 1.0
Point 133 630.0 437.0 1.0 133.0 1.0
Point 134 630.0 440.0 1.0 134.0 1.0
Point 135 637.0 433.0 1.0 135.0 1.0
Point 136 638.0 432.0 1.0 136.0 1.0
Point 137 639.0 431.0 1.0 137.0 1.0
Point 138 641.0 425.0 1.0 138.0 1.0
Point 139 641.0 422.0 1.0 139.0 1.0
Point 140 637.0 422.0 1.0 140.0 1.0
Point 141 632.0 427.0 1.0 141.0 1.0
Point 142 631.0 433.0 1.0 142.0 1.0
Point 143 631.0 441.0 1.0 143.0 1.0
Point 144 635.0 437.0 1.0 144.0 1.0
Point 145 630.0 438.0 1.0 145.0 1.0
Point 146 634.0 435.0 1.0 146.0 1.0
Point 147 632.0 433.0 1.0 147.0 1.0
Point 148 633.0 434.0 1.0 148.0 1.0
Point 149 629.0 438.0 1.0 149.0 1.0
Point 150 628.0 439.0 1.0 150.0 1.0
Point 151 635.0 437.0 1.0 151.0 1.0
Point 152 637.0 435.0 1.0 152.0 1.0
Point 153 635.0 433.0 1.0 153.0 1.0
Point 154 633.0 434.0 1.0 154.0 1.0
Point 155 631.0 442.0 1.0 155.0 1.0
Point 156 622.0 453.0 1.0 156.0 1.0
Point 157 626.0 447.0 1.0 157.0 1.0
Point 158 627.0 448.0 1.0 158.0 1.0
Point 159 626.0 448.0 1.0 159.0 1.0
Point 160 627.0 451.0 1.0 160.0 1.0
Point 161 625.0 477.0 1.0 161.0 1.0
Point 162 627.0 472.0 1.0 162.0 1.0
Point 163 625.0 484.0 1.0 163.0 1.0
Point 164 633.0 491.0 1.0 164.0 1.0
Point 165 632.0 494.0 1.0 165.0 1.0
Point 166 635.0 505.0 1.0 166.0 1.0
Point 167 636.0 507.0 1.0 167.0 1.0
Point 168 638.0 516.0 1.0 168.0 1.0
Point 169 639.0 511.0 1.0 169.0 1.0
Point 170 638.0 512.0 1.0 170.0 1.0
Point 171 638.0 513.0 1.0 171.0 1.0
Point 172 637.0 514.0 1.0 172.0 1.0
Point 173 636.0 513.0 1.0 173.0 1.0
Point 174 638.0 513.0 1.0 174.0 1.0
Point 175 638.0 512.0 1.0 175.0 1.0
Point 176 639.0 510.0 1.0 176.0 1.0
Point 177 639.0 505.0 1.0 177.0 1.0
Point 178 636.0 498.0 1.0 178.0 1.0
Point 179 635.0 488.0 1.0 179.0 1.0
Point 180 635.0 485.0 1.0 180.0 1.0
Point 181 633.0 487.0 1.0 181.0 1.0
Point 182 634.0 489.0 1.0 182.0 1.0
Point 183 636.0 491.0 1.0 183.0 1.0
Point 184 633.0 492.0 1.0 184.0 1.0
Point 185 631.0 482.0 1.0 185.0 1.0
Point 186 630.0 470.0 1.0 186.0 1.0
Point 187 631.0 475.0 1.0 187.0 1.0
Point 188 635.0 483.0 1.0 188.0 1.0
Point 189 631.0 481.0 1.0 189.0 1.0
Point 190 635.0 483.0 1.0 190.0 1.0
Point 191 634.0 482.0 1.0 191.0 1.0
Point 192 636.0 482.0 1.0 192.0 1.0
Point 193 638.0 500.0 1.0 193.0 1.0
Point 194 633.0 533.0 1.0 194.0 1.0
Point 195 633.0 539.0 1.0 195.0 1.0
Point 196 634.0 536.0 1.0 196.0 1.0
Point 197 639.0 516.0 1.0 197.0 1.0
Point 198 639.0 507.0 1.0 198.0 1.0
Point 199 636.0 504.0 1.0 199.0 1.0
Point 200 642.0 504.0 1.0 200.0 1.0
Point 201 643.0 498.0 1.0 201.0 1.0
Point 202 646.0 491.0 1.0 202.0 1.0
Point 203 643.0 493.0 1.0 203.0 1.0
Point 204 642.0 480.0 1.0 204.0 1.0
Point 205 642.0 476.0 1.0 205.0 1.0
Point 206 641.0 490.0 1.0 206.0 1.0
Point 207 639.0 495.0 1.0 207.0 1.0
Point 208 640.0 483.0 1.0 208.0 1.0
Point 209 636.0 486.0 1.0 209.0 1.0
Point 210 638.0 490.0 1.0 210.0 1.0
Point 211 631.0 505.0 1.0 211.0 1.0
Point 212 631.0 498.0 1.0 212.0 1.0
Point 213 623.0 522.0 1.0 213.0 1.0
Point 214 619.0 531.0 1.0 214.0 1.0
Point 215 622.0 527.0 1.0 215.0 1.0
Point 216 613.0 531.0 1.0 216.0 1.0
Point 217 583.0 554.0 1.0 217.0 1.0
Point 218 558.0 554.0 1.0 218.0 1.0
Point 219 555.0 556.0 1.0 219.0 1.0
Point 220 555.0 556.0 1.0 220.0 1.0
Point 221 566.0 553.0 1.0 221.0 1.0
Point 222 578.0 548.0 1.0 222.0 1.0
Point 223 567.0 555.0 1.0 223.0 1.0
Point 224 574.0 552.0 1.0 224.0 1.0
Point 225 568.0 556.0 1.0 225.0 1.0
Point 226 564.0 558.0 1.0 226.0 1.0
Point 227 559.0 555.0 1.0 227.0 1.0
Point 228 559.0 562.0 1.0 228.0 1.0
Point 229 567.0 556.0 1.0 229.0 1.0
Point 230 559.0 558.0 1.0 230.0 1.0
Point 231 571.0 551.0 1.0 231.0 1.0
Point 232 583.0 551.0 1.0 232.0 1.0
Point 233 582.0 547.0 1.0 233.0 1.0
Point 234 583.0 550.0 1.0 234.0 1.0
Point 235 556.0 563.0 1.0 235.0 1.0
Point 236 557.0 564.0 1.0 236.0 1.0
Point 237 563.0 560.0 1.0 237.0 1.0
Point 238 569.0 553.0 1.0 238.0 1.0
Point 239 563.0 553.0 1.0 239.0 1.0
Point 240 561.0 555.0 1.0 240.0 1.0
End of MTrackJ Data File
