MTrackJ 1.5.1 Data File
Displaying true true true 1 2 0 0 100 10 0 0 0 0 1 12 0 false true true false
Assembly 1 FF0000
Cluster 1 FF0000
Track 1 FF0000 true
Point 1 586.0 535.0 1.0 1.0 1.0
Point 2 589.0 533.0 1.0 2.0 1.0
Point 3 587.0 532.0 1.0 3.0 1.0
Point 4 587.0 532.0 1.0 4.0 1.0
Point 5 590.0 529.0 1.0 5.0 1.0
Point 6 593.0 525.0 1.0 6.0 1.0
Point 7 594.0 523.0 1.0 7.0 1.0
Point 8 593.0 522.0 1.0 8.0 1.0
Point 9 593.0 522.0 1.0 9.0 1.0
Point 10 596.0 521.0 1.0 10.0 1.0
Point 11 596.0 519.0 1.0 11.0 1.0
Point 12 599.0 516.0 1.0 12.0 1.0
Point 13 602.0 514.0 1.0 13.0 1.0
Point 14 609.0 512.0 1.0 14.0 1.0
Point 15 610.0 511.0 1.0 15.0 1.0
Point 16 608.0 510.0 1.0 16.0 1.0
Point 17 605.0 509.0 1.0 17.0 1.0
Point 18 606.0 511.0 1.0 18.0 1.0
Point 19 607.0 509.0 1.0 19.0 1.0
Point 20 608.0 508.0 1.0 20.0 1.0
Point 21 611.0 505.0 1.0 21.0 1.0
Point 22 612.0 503.0 1.0 22.0 1.0
Point 23 612.0 502.0 1.0 23.0 1.0
Point 24 612.0 500.0 1.0 24.0 1.0
Point 25 613.0 500.0 1.0 25.0 1.0
Point 26 613.0 500.0 1.0 26.0 1.0
Point 27 615.0 498.0 1.0 27.0 1.0
Point 28 615.0 497.0 1.0 28.0 1.0
Point 29 615.0 497.0 1.0 29.0 1.0
Point 30 615.0 498.0 1.0 30.0 1.0
Point 31 616.0 498.0 1.0 31.0 1.0
Point 32 614.0 499.0 1.0 32.0 1.0
Point 33 615.0 499.0 1.0 33.0 1.0
Point 34 618.0 499.0 1.0 34.0 1.0
Point 35 618.0 500.0 1.0 35.0 1.0
Point 36 620.0 499.0 1.0 36.0 1.0
Point 37 620.0 497.0 1.0 37.0 1.0
Point 38 621.0 495.0 1.0 38.0 1.0
Point 39 619.0 495.0 1.0 39.0 1.0
Point 40 621.0 495.0 1.0 40.0 1.0
Point 41 622.0 494.0 1.0 41.0 1.0
Point 42 620.0 494.0 1.0 42.0 1.0
Point 43 622.0 492.0 1.0 43.0 1.0
Point 44 621.0 493.0 1.0 44.0 1.0
Point 45 621.0 493.0 1.0 45.0 1.0
Point 46 623.0 493.0 1.0 46.0 1.0
Point 47 624.0 492.0 1.0 47.0 1.0
Point 48 624.0 492.0 1.0 48.0 1.0
Point 49 623.0 492.0 1.0 49.0 1.0
Point 50 623.0 491.0 1.0 50.0 1.0
Point 51 624.0 492.0 1.0 51.0 1.0
Point 52 620.0 494.0 1.0 52.0 1.0
Point 53 618.0 497.0 1.0 53.0 1.0
Point 54 619.0 495.0 1.0 54.0 1.0
Point 55 617.0 496.0 1.0 55.0 1.0
Point 56 617.0 495.0 1.0 56.0 1.0
Point 57 616.0 495.0 1.0 57.0 1.0
Point 58 618.0 493.0 1.0 58.0 1.0
Point 59 619.0 492.0 1.0 59.0 1.0
Point 60 620.0 490.0 1.0 60.0 1.0
Point 61 620.0 490.0 1.0 61.0 1.0
Point 62 620.0 490.0 1.0 62.0 1.0
Point 63 619.0 490.0 1.0 63.0 1.0
Point 64 619.0 490.0 1.0 64.0 1.0
Point 65 619.0 490.0 1.0 65.0 1.0
Point 66 621.0 489.0 1.0 66.0 1.0
Point 67 621.0 489.0 1.0 67.0 1.0
Point 68 621.0 489.0 1.0 68.0 1.0
Point 69 620.0 490.0 1.0 69.0 1.0
Point 70 620.0 490.0 1.0 70.0 1.0
Point 71 620.0 490.0 1.0 71.0 1.0
Point 72 620.0 490.0 1.0 72.0 1.0
Point 73 620.0 490.0 1.0 73.0 1.0
Point 74 620.0 490.0 1.0 74.0 1.0
Point 75 620.0 489.0 1.0 75.0 1.0
Point 76 621.0 488.0 1.0 76.0 1.0
Point 77 622.0 487.0 1.0 77.0 1.0
Point 78 624.0 485.0 1.0 78.0 1.0
Point 79 622.0 486.0 1.0 79.0 1.0
Point 80 622.0 486.0 1.0 80.0 1.0
Point 81 621.0 486.0 1.0 81.0 1.0
Point 82 621.0 485.0 1.0 82.0 1.0
Point 83 621.0 485.0 1.0 83.0 1.0
Point 84 621.0 485.0 1.0 84.0 1.0
Point 85 621.0 484.0 1.0 85.0 1.0
Point 86 621.0 484.0 1.0 86.0 1.0
Point 87 622.0 481.0 1.0 87.0 1.0
Point 88 623.0 480.0 1.0 88.0 1.0
Point 89 624.0 481.0 1.0 89.0 1.0
Point 90 624.0 481.0 1.0 90.0 1.0
Point 91 623.0 481.0 1.0 91.0 1.0
Point 92 623.0 481.0 1.0 92.0 1.0
Point 93 623.0 481.0 1.0 93.0 1.0
Point 94 623.0 481.0 1.0 94.0 1.0
Point 95 623.0 482.0 1.0 95.0 1.0
Point 96 625.0 482.0 1.0 96.0 1.0
Point 97 625.0 482.0 1.0 97.0 1.0
Point 98 626.0 480.0 1.0 98.0 1.0
Point 99 628.0 478.0 1.0 99.0 1.0
Point 100 627.0 479.0 1.0 100.0 1.0
Point 101 627.0 479.0 1.0 101.0 1.0
Point 102 627.0 479.0 1.0 102.0 1.0
Point 103 627.0 478.0 1.0 103.0 1.0
Point 104 626.0 477.0 1.0 104.0 1.0
Point 105 627.0 475.0 1.0 105.0 1.0
Point 106 626.0 475.0 1.0 106.0 1.0
Point 107 627.0 474.0 1.0 107.0 1.0
Point 108 628.0 473.0 1.0 108.0 1.0
Point 109 628.0 473.0 1.0 109.0 1.0
Point 110 629.0 473.0 1.0 110.0 1.0
Point 111 627.0 473.0 1.0 111.0 1.0
Point 112 627.0 474.0 1.0 112.0 1.0
Point 113 627.0 474.0 1.0 113.0 1.0
Point 114 628.0 472.0 1.0 114.0 1.0
Point 115 628.0 472.0 1.0 115.0 1.0
Point 116 628.0 471.0 1.0 116.0 1.0
Point 117 629.0 469.0 1.0 117.0 1.0
Point 118 629.0 470.0 1.0 118.0 1.0
Point 119 631.0 469.0 1.0 119.0 1.0
Point 120 630.0 469.0 1.0 120.0 1.0
Point 121 632.0 467.0 1.0 121.0 1.0
Point 122 630.0 467.0 1.0 122.0 1.0
Point 123 630.0 467.0 1.0 123.0 1.0
Point 124 631.0 467.0 1.0 124.0 1.0
Point 125 631.0 466.0 1.0 125.0 1.0
Point 126 632.0 465.0 1.0 126.0 1.0
Point 127 630.0 464.0 1.0 127.0 1.0
Point 128 629.0 468.0 1.0 128.0 1.0
Point 129 629.0 470.0 1.0 129.0 1.0
Point 130 629.0 467.0 1.0 130.0 1.0
Point 131 630.0 466.0 1.0 131.0 1.0
Point 132 630.0 465.0 1.0 132.0 1.0
Point 133 630.0 463.0 1.0 133.0 1.0
Point 134 631.0 462.0 1.0 134.0 1.0
Point 135 629.0 463.0 1.0 135.0 1.0
Point 136 629.0 462.0 1.0 136.0 1.0
Point 137 629.0 462.0 1.0 137.0 1.0
Point 138 628.0 461.0 1.0 138.0 1.0
Point 139 629.0 460.0 1.0 139.0 1.0
Point 140 631.0 460.0 1.0 140.0 1.0
Point 141 631.0 459.0 1.0 141.0 1.0
Point 142 632.0 458.0 1.0 142.0 1.0
Point 143 632.0 458.0 1.0 143.0 1.0
Point 144 631.0 458.0 1.0 144.0 1.0
Point 145 631.0 457.0 1.0 145.0 1.0
Point 146 631.0 457.0 1.0 146.0 1.0
Point 147 631.0 456.0 1.0 147.0 1.0
Point 148 630.0 457.0 1.0 148.0 1.0
Point 149 632.0 456.0 1.0 149.0 1.0
Point 150 632.0 456.0 1.0 150.0 1.0
Point 151 633.0 456.0 1.0 151.0 1.0
Point 152 633.0 455.0 1.0 152.0 1.0
Point 153 632.0 455.0 1.0 153.0 1.0
Point 154 633.0 454.0 1.0 154.0 1.0
Point 155 633.0 454.0 1.0 155.0 1.0
Point 156 632.0 455.0 1.0 156.0 1.0
Point 157 633.0 455.0 1.0 157.0 1.0
Point 158 634.0 454.0 1.0 158.0 1.0
Point 159 633.0 456.0 1.0 159.0 1.0
Point 160 633.0 457.0 1.0 160.0 1.0
Point 161 632.0 457.0 1.0 161.0 1.0
Point 162 632.0 458.0 1.0 162.0 1.0
Point 163 632.0 458.0 1.0 163.0 1.0
Point 164 630.0 461.0 1.0 164.0 1.0
Point 165 631.0 464.0 1.0 165.0 1.0
Point 167 629.0 469.0 1.0 166.0 1.0
Point 168 629.0 471.0 1.0 167.0 1.0
Point 169 628.0 472.0 1.0 168.0 1.0
Point 170 628.0 473.0 1.0 169.0 1.0
Point 171 627.0 473.0 1.0 170.0 1.0
Point 172 628.0 472.0 1.0 171.0 1.0
Point 173 628.0 470.0 1.0 172.0 1.0
Point 174 627.0 466.0 1.0 173.0 1.0
Point 175 627.0 466.0 1.0 174.0 1.0
Point 176 625.0 467.0 1.0 175.0 1.0
Point 177 625.0 467.0 1.0 176.0 1.0
Point 178 626.0 467.0 1.0 177.0 1.0
Point 179 625.0 468.0 1.0 178.0 1.0
Point 180 624.0 469.0 1.0 179.0 1.0
Point 181 624.0 468.0 1.0 180.0 1.0
Point 182 625.0 468.0 1.0 181.0 1.0
Point 183 624.0 469.0 1.0 182.0 1.0
Point 184 624.0 470.0 1.0 183.0 1.0
Point 185 624.0 469.0 1.0 184.0 1.0
Point 186 623.0 470.0 1.0 185.0 1.0
Point 187 623.0 470.0 1.0 186.0 1.0
Point 188 623.0 470.0 1.0 187.0 1.0
Point 189 624.0 468.0 1.0 188.0 1.0
Point 190 625.0 466.0 1.0 189.0 1.0
Point 191 625.0 465.0 1.0 190.0 1.0
Point 192 626.0 464.0 1.0 191.0 1.0
Point 193 627.0 464.0 1.0 192.0 1.0
Point 194 624.0 465.0 1.0 193.0 1.0
Point 197 625.0 479.0 1.0 194.0 1.0
Point 198 625.0 483.0 1.0 195.0 1.0
Point 199 627.0 482.0 1.0 196.0 1.0
Point 200 628.0 481.0 1.0 197.0 1.0
Point 201 628.0 481.0 1.0 198.0 1.0
Point 202 629.0 480.0 1.0 199.0 1.0
Point 203 629.0 478.0 1.0 200.0 1.0
Point 204 628.0 476.0 1.0 201.0 1.0
Point 205 625.0 476.0 1.0 202.0 1.0
Point 206 626.0 476.0 1.0 203.0 1.0
Point 207 627.0 475.0 1.0 204.0 1.0
Point 208 626.0 475.0 1.0 205.0 1.0
Point 209 626.0 475.0 1.0 206.0 1.0
Point 210 627.0 476.0 1.0 207.0 1.0
Point 211 627.0 474.0 1.0 208.0 1.0
Point 212 628.0 473.0 1.0 209.0 1.0
Point 213 628.0 472.0 1.0 210.0 1.0
Point 214 628.0 472.0 1.0 211.0 1.0
Point 215 628.0 473.0 1.0 212.0 1.0
Point 216 627.0 474.0 1.0 213.0 1.0
Point 217 628.0 473.0 1.0 214.0 1.0
Point 218 628.0 472.0 1.0 215.0 1.0
Point 219 628.0 473.0 1.0 216.0 1.0
Point 220 626.0 479.0 1.0 217.0 1.0
Point 221 625.0 488.0 1.0 218.0 1.0
Point 222 622.0 509.0 1.0 219.0 1.0
Point 223 619.0 522.0 1.0 220.0 1.0
Point 224 619.0 526.0 1.0 221.0 1.0
Point 225 620.0 523.0 1.0 222.0 1.0
Point 226 619.0 523.0 1.0 223.0 1.0
Point 227 619.0 524.0 1.0 224.0 1.0
Point 228 619.0 525.0 1.0 225.0 1.0
Point 229 616.0 529.0 1.0 226.0 1.0
Point 230 616.0 529.0 1.0 227.0 1.0
Point 231 616.0 528.0 1.0 228.0 1.0
Point 232 615.0 529.0 1.0 229.0 1.0
Point 233 615.0 528.0 1.0 230.0 1.0
Point 234 615.0 527.0 1.0 231.0 1.0
Point 235 615.0 527.0 1.0 232.0 1.0
Point 236 616.0 527.0 1.0 233.0 1.0
Point 237 618.0 527.0 1.0 234.0 1.0
Point 238 615.0 531.0 1.0 235.0 1.0
Point 239 614.0 531.0 1.0 236.0 1.0
Point 240 616.0 531.0 1.0 237.0 1.0
Point 241 618.0 530.0 1.0 238.0 1.0
Point 242 618.0 530.0 1.0 239.0 1.0
Point 243 616.0 531.0 1.0 240.0 1.0
End of MTrackJ Data File
