MTrackJ 1.5.1 Data File
Displaying true true true 1 2 0 0 100 10 0 0 0 0 1 12 0 false true true false
Assembly 1 FF0000
Cluster 1 FF0000
Track 1 FF0000 true
Point 1 189.5 430.5 1.0 1.0 2.0
Point 2 184.16666666666666 435.16666666666663 1.0 2.0 2.0
Point 3 179.5 451.8333333333333 1.0 3.0 2.0
Point 4 172.16666666666666 465.1666666666667 1.0 4.0 2.0
Point 5 176.83333333333334 443.83333333333337 1.0 5.0 2.0
Point 6 180.83333333333334 415.16666666666663 1.0 6.0 2.0
Point 7 179.5 411.83333333333337 1.0 7.0 2.0
Point 8 178.83333333333334 411.16666666666663 1.0 8.0 2.0
Point 9 175.5 403.16666666666663 1.0 9.0 2.0
Point 10 177.5 405.83333333333337 1.0 10.0 2.0
Point 11 177.5 405.83333333333337 1.0 11.0 2.0
Point 12 181.5 402.5 1.0 12.0 2.0
Point 13 177.5 402.5 1.0 13.0 2.0
Point 14 180.16666666666666 402.5 1.0 14.0 2.0
Point 15 175.5 398.5 1.0 15.0 2.0
Point 16 180.83333333333334 406.5 1.0 16.0 2.0
Point 17 183.5 407.83333333333337 1.0 17.0 2.0
Point 18 182.83333333333334 403.83333333333337 1.0 18.0 2.0
Point 19 183.5 400.5 1.0 19.0 2.0
Point 20 179.5 401.83333333333337 1.0 20.0 2.0
Point 21 177.5 403.16666666666663 1.0 21.0 2.0
Point 22 179.5 401.83333333333337 1.0 22.0 2.0
Point 23 177.5 399.83333333333337 1.0 23.0 2.0
Point 24 176.83333333333334 393.16666666666663 1.0 24.0 2.0
Point 25 176.83333333333334 393.83333333333337 1.0 25.0 2.0
Point 26 179.5 389.16666666666663 1.0 26.0 2.0
Point 27 174.83333333333334 396.5 1.0 27.0 2.0
Point 28 178.83333333333334 395.83333333333337 1.0 28.0 2.0
Point 29 177.5 388.5 1.0 29.0 2.0
Point 30 179.5 391.83333333333337 1.0 30.0 2.0
Point 31 181.5 392.5 1.0 31.0 2.0
Point 32 178.16666666666666 396.5 1.0 32.0 2.0
Point 33 175.5 393.16666666666663 1.0 33.0 2.0
Point 34 178.83333333333334 390.5 1.0 34.0 2.0
Point 35 180.83333333333334 387.16666666666663 1.0 35.0 2.0
Point 36 178.83333333333334 383.83333333333337 1.0 36.0 2.0
Point 37 177.5 392.5 1.0 37.0 2.0
Point 38 183.5 387.16666666666663 1.0 38.0 2.0
Point 39 186.83333333333334 385.16666666666663 1.0 39.0 2.0
Point 40 186.83333333333334 384.5 1.0 40.0 2.0
Point 41 186.83333333333334 383.83333333333337 1.0 41.0 2.0
Point 42 186.83333333333334 384.5 1.0 42.0 2.0
Point 43 187.5 384.5 1.0 43.0 2.0
Point 44 182.83333333333334 385.83333333333337 1.0 44.0 2.0
Point 45 188.16666666666666 386.5 1.0 45.0 2.0
Point 46 187.5 385.83333333333337 1.0 46.0 2.0
Point 47 187.5 384.5 1.0 47.0 2.0
Point 48 204.16666666666666 385.16666666666663 1.0 48.0 2.0
Point 49 210.16666666666666 388.5 1.0 49.0 2.0
Point 50 209.5 388.5 1.0 50.0 2.0
Point 51 208.16666666666666 385.83333333333337 1.0 51.0 2.0
Point 52 206.16666666666666 381.16666666666663 1.0 52.0 2.0
Point 53 207.5 384.5 1.0 53.0 2.0
Point 54 191.5 385.16666666666663 1.0 54.0 2.0
Point 55 188.83333333333334 387.16666666666663 1.0 55.0 2.0
Point 56 184.83333333333334 385.83333333333337 1.0 56.0 2.0
Point 57 186.16666666666666 383.16666666666663 1.0 57.0 2.0
Point 58 178.83333333333334 379.16666666666663 1.0 58.0 2.0
Point 59 186.83333333333334 377.83333333333337 1.0 59.0 2.0
Point 60 188.16666666666666 377.16666666666663 1.0 60.0 2.0
Point 61 186.16666666666666 387.16666666666663 1.0 61.0 2.0
Point 62 192.16666666666666 384.5 1.0 62.0 2.0
Point 63 212.16666666666666 389.16666666666663 1.0 63.0 2.0
Point 64 220.16666666666666 387.16666666666663 1.0 64.0 2.0
Point 65 219.5 386.5 1.0 65.0 2.0
Point 66 224.83333333333334 387.16666666666663 1.0 66.0 2.0
Point 67 224.16666666666666 389.16666666666663 1.0 67.0 2.0
Point 68 222.83333333333334 387.16666666666663 1.0 68.0 2.0
Point 69 220.16666666666666 387.16666666666663 1.0 69.0 2.0
Point 70 224.16666666666666 389.16666666666663 1.0 70.0 2.0
Point 71 224.16666666666666 389.16666666666663 1.0 71.0 2.0
Point 72 218.16666666666666 385.83333333333337 1.0 72.0 2.0
Point 73 208.83333333333334 384.5 1.0 73.0 2.0
Point 74 202.16666666666666 381.83333333333337 1.0 74.0 2.0
Point 75 196.16666666666666 383.16666666666663 1.0 75.0 2.0
Point 76 199.5 377.16666666666663 1.0 76.0 2.0
Point 77 198.16666666666666 377.16666666666663 1.0 77.0 2.0
Point 78 195.5 369.16666666666663 1.0 78.0 2.0
Point 79 204.83333333333334 369.16666666666663 1.0 79.0 2.0
Point 80 203.5 365.83333333333337 1.0 80.0 2.0
Point 81 197.5 369.16666666666663 1.0 81.0 2.0
Point 82 194.83333333333334 367.16666666666663 1.0 82.0 2.0
Point 83 188.16666666666666 367.16666666666663 1.0 83.0 2.0
Point 84 181.5 364.5 1.0 84.0 2.0
Point 85 180.83333333333334 361.83333333333337 1.0 85.0 2.0
Point 86 186.83333333333334 365.16666666666663 1.0 86.0 2.0
Point 87 174.16666666666666 362.5 1.0 87.0 2.0
Point 88 173.5 360.5 1.0 88.0 2.0
Point 89 171.5 362.5 1.0 89.0 2.0
Point 90 175.5 361.83333333333337 1.0 90.0 2.0
Point 91 174.16666666666666 362.5 1.0 91.0 2.0
Point 92 174.83333333333334 353.83333333333337 1.0 92.0 2.0
Point 93 172.83333333333334 351.83333333333337 1.0 93.0 2.0
Point 94 177.5 349.83333333333337 1.0 94.0 2.0
Point 95 179.5 348.5 1.0 95.0 2.0
Point 96 186.83333333333334 351.16666666666663 1.0 96.0 2.0
Point 97 194.83333333333334 356.5 1.0 97.0 2.0
Point 98 187.5 351.83333333333337 1.0 98.0 2.0
Point 99 177.5 349.83333333333337 1.0 99.0 2.0
Point 100 168.83333333333334 351.83333333333337 1.0 100.0 2.0
Point 101 166.16666666666666 355.16666666666663 1.0 101.0 2.0
Point 102 171.5 348.5 1.0 102.0 2.0
Point 103 176.83333333333334 349.16666666666663 1.0 103.0 2.0
Point 104 179.5 348.5 1.0 104.0 2.0
Point 105 176.83333333333334 345.83333333333337 1.0 105.0 2.0
Point 106 174.83333333333334 346.5 1.0 106.0 2.0
Point 107 172.83333333333334 345.83333333333337 1.0 107.0 2.0
Point 108 175.5 341.83333333333337 1.0 108.0 2.0
Point 109 178.83333333333334 347.83333333333337 1.0 109.0 2.0
Point 110 178.16666666666666 351.16666666666663 1.0 110.0 2.0
Point 111 179.5 350.5 1.0 111.0 2.0
Point 112 184.83333333333334 347.83333333333337 1.0 112.0 2.0
Point 113 180.83333333333334 348.5 1.0 113.0 2.0
Point 114 184.16666666666666 347.16666666666663 1.0 114.0 2.0
Point 115 188.16666666666666 344.5 1.0 115.0 2.0
Point 116 184.83333333333334 347.16666666666663 1.0 116.0 2.0
Point 117 186.83333333333334 342.5 1.0 117.0 2.0
Point 118 192.83333333333334 337.16666666666663 1.0 118.0 2.0
Point 119 188.83333333333334 338.5 1.0 119.0 2.0
Point 120 183.5 343.83333333333337 1.0 120.0 2.0
Point 121 180.83333333333334 341.16666666666663 1.0 121.0 2.0
Point 122 178.83333333333334 341.16666666666663 1.0 122.0 2.0
Point 123 183.5 345.16666666666663 1.0 123.0 2.0
Point 124 178.16666666666666 344.5 1.0 124.0 2.0
Point 125 182.83333333333334 341.16666666666663 1.0 125.0 2.0
Point 126 180.16666666666666 339.16666666666663 1.0 126.0 2.0
Point 127 184.83333333333334 336.5 1.0 127.0 2.0
Point 128 180.83333333333334 339.16666666666663 1.0 128.0 2.0
Point 129 187.5 337.83333333333337 1.0 129.0 2.0
Point 130 184.83333333333334 335.83333333333337 1.0 130.0 2.0
Point 131 180.83333333333334 334.5 1.0 131.0 2.0
Point 132 175.5 331.16666666666663 1.0 132.0 2.0
Point 133 177.5 327.16666666666663 1.0 133.0 2.0
Point 134 175.5 326.5 1.0 134.0 2.0
Point 135 179.5 327.83333333333337 1.0 135.0 2.0
Point 136 182.16666666666666 331.16666666666663 1.0 136.0 2.0
Point 137 178.16666666666666 324.5 1.0 137.0 2.0
Point 138 178.83333333333334 314.5 1.0 138.0 2.0
Point 139 174.83333333333334 317.1666666666667 1.0 139.0 2.0
Point 140 178.83333333333334 319.8333333333333 1.0 140.0 2.0
Point 141 178.16666666666666 323.16666666666663 1.0 141.0 2.0
Point 142 176.83333333333334 315.1666666666667 1.0 142.0 2.0
Point 143 176.83333333333334 311.1666666666667 1.0 143.0 2.0
Point 144 174.16666666666666 323.16666666666663 1.0 144.0 2.0
Point 145 178.16666666666666 318.5 1.0 145.0 2.0
Point 146 179.5 319.1666666666667 1.0 146.0 2.0
Point 147 168.16666666666666 317.8333333333333 1.0 147.0 2.0
Point 148 168.83333333333334 318.5 1.0 148.0 2.0
Point 149 152.16666666666666 315.8333333333333 1.0 149.0 2.0
Point 150 163.5 310.5 1.0 150.0 2.0
Point 151 159.5 305.8333333333333 1.0 151.0 2.0
Point 152 142.16666666666666 306.5 1.0 152.0 2.0
Point 153 138.16666666666666 305.1666666666667 1.0 153.0 2.0
Point 154 140.83333333333334 306.5 1.0 154.0 2.0
Point 155 133.5 305.8333333333333 1.0 155.0 2.0
Point 156 145.5 303.1666666666667 1.0 156.0 2.0
Point 157 144.83333333333334 301.8333333333333 1.0 157.0 2.0
Point 158 146.16666666666666 300.5 1.0 158.0 2.0
Point 159 148.83333333333334 297.1666666666667 1.0 159.0 2.0
Point 160 149.5 295.1666666666667 1.0 160.0 2.0
Point 161 146.83333333333334 296.5 1.0 161.0 2.0
Point 162 139.5 303.8333333333333 1.0 162.0 2.0
Point 163 148.16666666666666 299.8333333333333 1.0 163.0 2.0
Point 164 144.83333333333334 297.8333333333333 1.0 164.0 2.0
Point 165 138.83333333333334 301.8333333333333 1.0 165.0 2.0
Point 166 145.5 296.5 1.0 166.0 2.0
Point 167 140.83333333333334 297.8333333333333 1.0 167.0 2.0
Point 168 141.5 295.8333333333333 1.0 168.0 2.0
Point 169 140.83333333333334 291.8333333333333 1.0 169.0 2.0
Point 170 144.83333333333334 292.5 1.0 170.0 2.0
Point 171 149.5 290.5 1.0 171.0 2.0
Point 172 144.16666666666666 297.1666666666667 1.0 172.0 2.0
Point 173 144.83333333333334 294.5 1.0 173.0 2.0
Point 174 142.16666666666666 296.5 1.0 174.0 2.0
Point 175 142.16666666666666 294.5 1.0 175.0 2.0
Point 176 142.83333333333334 292.5 1.0 176.0 2.0
Point 177 136.83333333333334 296.5 1.0 177.0 2.0
Point 178 139.5 291.1666666666667 1.0 178.0 2.0
Point 179 140.16666666666666 292.5 1.0 179.0 2.0
Point 180 137.5 292.5 1.0 180.0 2.0
Point 181 140.16666666666666 291.8333333333333 1.0 181.0 2.0
Point 182 140.16666666666666 290.5 1.0 182.0 2.0
Point 183 140.16666666666666 290.5 1.0 183.0 2.0
Point 184 138.83333333333334 288.5 1.0 184.0 2.0
Point 185 140.83333333333334 289.1666666666667 1.0 185.0 2.0
Point 186 140.83333333333334 289.1666666666667 1.0 186.0 2.0
Point 187 138.16666666666666 289.1666666666667 1.0 187.0 2.0
Point 188 139.5 288.5 1.0 188.0 2.0
Point 189 140.16666666666666 289.8333333333333 1.0 189.0 2.0
Point 190 140.16666666666666 289.8333333333333 1.0 190.0 2.0
Point 191 141.5 287.8333333333333 1.0 191.0 2.0
Point 192 146.16666666666666 289.8333333333333 1.0 192.0 2.0
Point 193 140.83333333333334 287.8333333333333 1.0 193.0 2.0
Point 194 144.16666666666666 289.8333333333333 1.0 194.0 2.0
Point 195 147.5 285.8333333333333 1.0 195.0 2.0
Point 196 150.83333333333334 287.8333333333333 1.0 196.0 2.0
Point 197 157.5 287.1666666666667 1.0 197.0 2.0
Point 198 159.5 285.1666666666667 1.0 198.0 2.0
Point 199 156.16666666666666 290.5 1.0 199.0 2.0
Point 200 158.16666666666666 290.5 1.0 200.0 2.0
Point 201 160.16666666666666 286.5 1.0 201.0 2.0
Point 202 156.83333333333334 287.1666666666667 1.0 202.0 2.0
Point 203 158.83333333333334 293.8333333333333 1.0 203.0 2.0
Point 204 158.83333333333334 299.8333333333333 1.0 204.0 2.0
Point 205 159.5 301.1666666666667 1.0 205.0 2.0
Point 206 158.83333333333334 297.8333333333333 1.0 206.0 2.0
Point 207 153.5 314.5 1.0 207.0 2.0
Point 208 153.5 313.1666666666667 1.0 208.0 2.0
Point 209 155.5 302.5 1.0 209.0 2.0
Point 210 156.83333333333334 300.5 1.0 210.0 2.0
Point 211 156.83333333333334 300.5 1.0 211.0 2.0
Point 212 157.5 296.5 1.0 212.0 2.0
Point 213 156.83333333333334 295.1666666666667 1.0 213.0 2.0
Point 215 158.16666666666666 293.8333333333333 1.0 214.0 2.0
Point 216 156.16666666666666 291.8333333333333 1.0 215.0 2.0
Point 217 154.16666666666666 291.1666666666667 1.0 216.0 2.0
Point 218 152.83333333333334 289.1666666666667 1.0 217.0 2.0
Point 219 155.5 288.5 1.0 218.0 2.0
Point 220 155.5 291.1666666666667 1.0 219.0 2.0
Point 221 156.16666666666666 293.1666666666667 1.0 220.0 2.0
Point 222 158.16666666666666 291.8333333333333 1.0 221.0 2.0
Point 223 156.16666666666666 291.8333333333333 1.0 222.0 2.0
Point 224 153.5 291.1666666666667 1.0 223.0 2.0
Point 225 157.5 293.1666666666667 1.0 224.0 2.0
Point 226 152.16666666666666 287.1666666666667 1.0 225.0 2.0
Point 227 157.5 289.1666666666667 1.0 226.0 2.0
Point 228 158.83333333333334 289.1666666666667 1.0 227.0 2.0
Point 229 156.16666666666666 287.1666666666667 1.0 228.0 2.0
Point 230 159.5 288.5 1.0 229.0 2.0
Point 231 154.83333333333334 288.5 1.0 230.0 2.0
Point 232 158.16666666666666 289.8333333333333 1.0 231.0 2.0
Point 233 158.16666666666666 287.8333333333333 1.0 232.0 2.0
Point 234 158.16666666666666 291.1666666666667 1.0 233.0 2.0
Point 235 156.16666666666666 289.8333333333333 1.0 234.0 2.0
Point 236 160.16666666666666 289.8333333333333 1.0 235.0 2.0
Point 237 157.5 285.1666666666667 1.0 236.0 2.0
Point 238 156.16666666666666 286.5 1.0 237.0 2.0
Point 239 158.16666666666666 287.1666666666667 1.0 238.0 2.0
Point 240 157.5 286.5 1.0 239.0 2.0
Point 241 152.83333333333334 283.8333333333333 1.0 240.0 2.0
Point 242 153.5 280.5 1.0 241.0 2.0
Point 243 154.83333333333334 286.5 1.0 242.0 2.0
Point 244 155.5 282.5 1.0 243.0 2.0
Point 245 155.5 285.8333333333333 1.0 244.0 2.0
Point 246 158.16666666666666 283.8333333333333 1.0 245.0 2.0
Point 247 158.83333333333334 283.1666666666667 1.0 246.0 2.0
Point 248 156.83333333333334 281.1666666666667 1.0 247.0 2.0
Point 249 155.5 287.1666666666667 1.0 248.0 2.0
Point 250 157.5 281.8333333333333 1.0 249.0 2.0
Point 251 154.83333333333334 279.8333333333333 1.0 250.0 2.0
Point 252 161.5 280.5 1.0 251.0 2.0
Point 253 158.83333333333334 277.8333333333333 1.0 252.0 2.0
Point 254 154.83333333333334 282.5 1.0 253.0 2.0
Point 255 152.83333333333334 279.1666666666667 1.0 254.0 2.0
Point 256 152.83333333333334 279.1666666666667 1.0 255.0 2.0
Point 257 151.5 277.1666666666667 1.0 256.0 2.0
Point 258 148.83333333333334 274.5 1.0 257.0 2.0
Point 259 153.5 275.1666666666667 1.0 258.0 2.0
Point 260 154.83333333333334 275.8333333333333 1.0 259.0 2.0
Point 261 154.16666666666666 272.5 1.0 260.0 2.0
Point 262 154.16666666666666 269.8333333333333 1.0 261.0 2.0
Point 263 156.83333333333334 273.1666666666667 1.0 262.0 2.0
Point 264 156.16666666666666 271.1666666666667 1.0 263.0 2.0
Point 265 158.83333333333334 274.5 1.0 264.0 2.0
Point 266 160.16666666666666 275.1666666666667 1.0 265.0 2.0
Point 267 157.5 273.8333333333333 1.0 266.0 2.0
Point 268 156.83333333333334 273.1666666666667 1.0 267.0 2.0
Point 269 155.5 273.1666666666667 1.0 268.0 2.0
Point 270 158.83333333333334 275.1666666666667 1.0 269.0 2.0
Point 271 156.83333333333334 279.1666666666667 1.0 270.0 2.0
Point 272 152.83333333333334 277.1666666666667 1.0 271.0 2.0
Point 273 159.5 275.8333333333333 1.0 272.0 2.0
Point 274 156.83333333333334 273.1666666666667 1.0 273.0 2.0
Point 275 158.83333333333334 274.5 1.0 274.0 2.0
Point 276 160.83333333333334 273.1666666666667 1.0 275.0 2.0
Point 277 159.5 273.8333333333333 1.0 276.0 2.0
Point 278 158.16666666666666 271.8333333333333 1.0 277.0 2.0
Point 279 154.83333333333334 269.8333333333333 1.0 278.0 2.0
Point 280 159.5 271.8333333333333 1.0 279.0 2.0
Point 281 162.83333333333334 273.1666666666667 1.0 280.0 2.0
Point 282 157.5 271.1666666666667 1.0 281.0 2.0
End of MTrackJ Data File
