MTrackJ 1.5.1 Data File
Displaying true true true 1 2 0 0 100 10 0 0 0 0 1 12 0 false true true false
Assembly 1 FF0000
Cluster 1 FF0000
Track 1 FF0000 true
Point 1 192.16666666666666 385.16666666666663 1.0 1.0 1.0
Point 2 190.16666666666666 382.5 1.0 2.0 1.0
Point 3 189.5 383.83333333333337 1.0 3.0 1.0
Point 4 188.16666666666666 383.16666666666663 1.0 4.0 1.0
Point 5 186.16666666666666 381.16666666666663 1.0 5.0 1.0
Point 6 185.5 377.83333333333337 1.0 6.0 1.0
Point 7 183.5 373.16666666666663 1.0 7.0 1.0
Point 8 184.16666666666666 369.16666666666663 1.0 8.0 1.0
Point 9 182.83333333333334 365.16666666666663 1.0 9.0 1.0
Point 10 182.16666666666666 361.83333333333337 1.0 10.0 1.0
Point 11 181.5 361.83333333333337 1.0 11.0 1.0
Point 12 181.5 361.16666666666663 1.0 12.0 1.0
Point 13 180.83333333333334 359.83333333333337 1.0 13.0 1.0
Point 14 180.83333333333334 359.83333333333337 1.0 14.0 1.0
Point 15 182.83333333333334 363.16666666666663 1.0 15.0 1.0
Point 16 183.5 361.16666666666663 1.0 16.0 1.0
Point 17 183.5 361.16666666666663 1.0 17.0 1.0
Point 18 182.83333333333334 361.16666666666663 1.0 18.0 1.0
Point 19 183.5 359.16666666666663 1.0 19.0 1.0
Point 20 182.83333333333334 355.83333333333337 1.0 20.0 1.0
Point 21 181.5 355.16666666666663 1.0 21.0 1.0
Point 22 181.5 354.5 1.0 22.0 1.0
Point 23 181.5 353.16666666666663 1.0 23.0 1.0
Point 24 182.16666666666666 349.83333333333337 1.0 24.0 1.0
Point 25 182.16666666666666 349.83333333333337 1.0 25.0 1.0
Point 26 182.16666666666666 349.16666666666663 1.0 26.0 1.0
Point 27 182.16666666666666 347.83333333333337 1.0 27.0 1.0
Point 28 180.83333333333334 351.83333333333337 1.0 28.0 1.0
Point 29 180.83333333333334 349.16666666666663 1.0 29.0 1.0
Point 30 181.5 349.16666666666663 1.0 30.0 1.0
Point 31 182.16666666666666 349.16666666666663 1.0 31.0 1.0
Point 32 182.83333333333334 349.16666666666663 1.0 32.0 1.0
Point 33 183.5 349.16666666666663 1.0 33.0 1.0
Point 34 184.16666666666666 347.16666666666663 1.0 34.0 1.0
Point 35 184.16666666666666 347.16666666666663 1.0 35.0 1.0
Point 36 184.16666666666666 345.16666666666663 1.0 36.0 1.0
Point 37 184.16666666666666 345.16666666666663 1.0 37.0 1.0
Point 38 184.16666666666666 343.16666666666663 1.0 38.0 1.0
Point 39 183.5 342.5 1.0 39.0 1.0
Point 40 183.5 343.16666666666663 1.0 40.0 1.0
Point 41 184.16666666666666 341.83333333333337 1.0 41.0 1.0
Point 42 185.5 340.5 1.0 42.0 1.0
Point 43 186.16666666666666 342.5 1.0 43.0 1.0
Point 44 186.16666666666666 343.16666666666663 1.0 44.0 1.0
Point 45 186.16666666666666 343.83333333333337 1.0 45.0 1.0
Point 46 186.83333333333334 343.16666666666663 1.0 46.0 1.0
Point 47 189.5 344.5 1.0 47.0 1.0
Point 48 189.5 342.5 1.0 48.0 1.0
Point 49 188.83333333333334 341.83333333333337 1.0 49.0 1.0
Point 50 188.83333333333334 341.83333333333337 1.0 50.0 1.0
Point 51 189.5 344.5 1.0 51.0 1.0
Point 52 188.83333333333334 340.5 1.0 52.0 1.0
Point 53 188.83333333333334 339.16666666666663 1.0 53.0 1.0
Point 54 188.83333333333334 338.5 1.0 54.0 1.0
Point 55 188.83333333333334 337.83333333333337 1.0 55.0 1.0
Point 56 189.5 338.5 1.0 56.0 1.0
Point 57 189.5 338.5 1.0 57.0 1.0
Point 58 189.5 337.83333333333337 1.0 58.0 1.0
Point 59 189.5 339.83333333333337 1.0 59.0 1.0
Point 60 192.16666666666666 338.5 1.0 60.0 1.0
Point 61 192.16666666666666 337.16666666666663 1.0 61.0 1.0
Point 62 192.16666666666666 335.83333333333337 1.0 62.0 1.0
Point 63 191.5 334.5 1.0 63.0 1.0
Point 64 192.83333333333334 336.5 1.0 64.0 1.0
Point 65 193.5 337.16666666666663 1.0 65.0 1.0
Point 66 193.5 338.5 1.0 66.0 1.0
Point 67 194.16666666666666 339.83333333333337 1.0 67.0 1.0
Point 68 194.83333333333334 340.5 1.0 68.0 1.0
Point 69 194.83333333333334 341.16666666666663 1.0 69.0 1.0
Point 70 194.83333333333334 341.16666666666663 1.0 70.0 1.0
Point 71 195.5 341.16666666666663 1.0 71.0 1.0
Point 72 196.83333333333334 341.16666666666663 1.0 72.0 1.0
Point 73 197.5 341.16666666666663 1.0 73.0 1.0
Point 74 197.5 341.16666666666663 1.0 74.0 1.0
Point 75 197.5 341.16666666666663 1.0 75.0 1.0
Point 76 198.16666666666666 335.83333333333337 1.0 76.0 1.0
Point 77 200.16666666666666 333.83333333333337 1.0 77.0 1.0
Point 78 199.5 334.5 1.0 78.0 1.0
Point 79 199.5 331.16666666666663 1.0 79.0 1.0
Point 80 200.16666666666666 332.5 1.0 80.0 1.0
Point 81 198.16666666666666 331.16666666666663 1.0 81.0 1.0
Point 82 195.5 329.83333333333337 1.0 82.0 1.0
Point 83 196.16666666666666 331.83333333333337 1.0 83.0 1.0
Point 84 196.16666666666666 330.5 1.0 84.0 1.0
Point 85 198.83333333333334 331.83333333333337 1.0 85.0 1.0
Point 86 199.5 332.5 1.0 86.0 1.0
Point 87 197.5 330.5 1.0 87.0 1.0
Point 88 197.5 333.16666666666663 1.0 88.0 1.0
Point 89 197.5 333.16666666666663 1.0 89.0 1.0
Point 90 198.16666666666666 332.5 1.0 90.0 1.0
Point 91 196.16666666666666 329.83333333333337 1.0 91.0 1.0
Point 92 196.83333333333334 329.16666666666663 1.0 92.0 1.0
Point 93 196.83333333333334 328.5 1.0 93.0 1.0
Point 94 195.5 329.83333333333337 1.0 94.0 1.0
Point 95 196.16666666666666 327.16666666666663 1.0 95.0 1.0
Point 96 196.16666666666666 326.5 1.0 96.0 1.0
Point 97 196.16666666666666 324.5 1.0 97.0 1.0
Point 98 196.16666666666666 324.5 1.0 98.0 1.0
Point 99 195.5 321.83333333333337 1.0 99.0 1.0
Point 100 195.5 321.83333333333337 1.0 100.0 1.0
Point 101 194.83333333333334 319.1666666666667 1.0 101.0 1.0
Point 102 194.16666666666666 317.8333333333333 1.0 102.0 1.0
Point 103 192.16666666666666 316.5 1.0 103.0 1.0
Point 104 192.16666666666666 315.8333333333333 1.0 104.0 1.0
Point 105 190.83333333333334 313.8333333333333 1.0 105.0 1.0
Point 106 192.16666666666666 316.5 1.0 106.0 1.0
Point 107 194.16666666666666 317.1666666666667 1.0 107.0 1.0
Point 108 195.5 317.1666666666667 1.0 108.0 1.0
Point 109 194.16666666666666 315.8333333333333 1.0 109.0 1.0
Point 110 191.5 314.5 1.0 110.0 1.0
Point 111 192.16666666666666 315.1666666666667 1.0 111.0 1.0
Point 112 191.5 315.1666666666667 1.0 112.0 1.0
Point 113 191.5 314.5 1.0 113.0 1.0
Point 114 190.83333333333334 313.8333333333333 1.0 114.0 1.0
Point 115 190.16666666666666 312.5 1.0 115.0 1.0
Point 116 186.16666666666666 311.1666666666667 1.0 116.0 1.0
Point 117 189.5 312.5 1.0 117.0 1.0
Point 118 191.5 311.8333333333333 1.0 118.0 1.0
Point 119 190.16666666666666 311.1666666666667 1.0 119.0 1.0
Point 120 190.16666666666666 311.1666666666667 1.0 120.0 1.0
Point 121 187.5 310.5 1.0 121.0 1.0
Point 122 187.5 311.8333333333333 1.0 122.0 1.0
Point 123 187.5 309.8333333333333 1.0 123.0 1.0
Point 124 186.83333333333334 309.1666666666667 1.0 124.0 1.0
Point 125 186.83333333333334 307.8333333333333 1.0 125.0 1.0
Point 126 186.83333333333334 307.8333333333333 1.0 126.0 1.0
Point 127 187.5 307.1666666666667 1.0 127.0 1.0
Point 128 188.16666666666666 305.8333333333333 1.0 128.0 1.0
Point 129 188.16666666666666 304.5 1.0 129.0 1.0
Point 130 188.16666666666666 303.1666666666667 1.0 130.0 1.0
Point 131 188.16666666666666 303.1666666666667 1.0 131.0 1.0
Point 132 188.16666666666666 303.1666666666667 1.0 132.0 1.0
Point 133 188.83333333333334 303.8333333333333 1.0 133.0 1.0
Point 134 188.16666666666666 302.5 1.0 134.0 1.0
Point 135 187.5 302.5 1.0 135.0 1.0
Point 136 186.16666666666666 302.5 1.0 136.0 1.0
Point 137 186.16666666666666 302.5 1.0 137.0 1.0
Point 138 186.16666666666666 301.1666666666667 1.0 138.0 1.0
Point 139 185.5 300.5 1.0 139.0 1.0
Point 140 184.83333333333334 300.5 1.0 140.0 1.0
Point 141 184.83333333333334 300.5 1.0 141.0 1.0
Point 142 185.5 299.8333333333333 1.0 142.0 1.0
Point 143 185.5 299.8333333333333 1.0 143.0 1.0
Point 144 185.5 299.8333333333333 1.0 144.0 1.0
Point 145 184.16666666666666 299.8333333333333 1.0 145.0 1.0
Point 146 184.83333333333334 297.8333333333333 1.0 146.0 1.0
Point 147 182.16666666666666 297.1666666666667 1.0 147.0 1.0
Point 148 181.5 295.8333333333333 1.0 148.0 1.0
Point 149 180.83333333333334 295.1666666666667 1.0 149.0 1.0
Point 150 182.16666666666666 295.1666666666667 1.0 150.0 1.0
Point 151 182.16666666666666 291.1666666666667 1.0 151.0 1.0
Point 152 180.16666666666666 287.8333333333333 1.0 152.0 1.0
Point 153 181.5 287.8333333333333 1.0 153.0 1.0
Point 154 180.16666666666666 288.5 1.0 154.0 1.0
Point 155 179.5 290.5 1.0 155.0 1.0
Point 156 180.83333333333334 290.5 1.0 156.0 1.0
Point 157 180.83333333333334 289.1666666666667 1.0 157.0 1.0
Point 158 180.83333333333334 289.1666666666667 1.0 158.0 1.0
Point 159 181.5 289.8333333333333 1.0 159.0 1.0
Point 160 182.16666666666666 288.5 1.0 160.0 1.0
Point 161 182.16666666666666 288.5 1.0 161.0 1.0
Point 162 181.5 287.8333333333333 1.0 162.0 1.0
Point 163 180.83333333333334 286.5 1.0 163.0 1.0
Point 164 180.83333333333334 286.5 1.0 164.0 1.0
Point 165 180.83333333333334 285.1666666666667 1.0 165.0 1.0
Point 166 180.16666666666666 285.1666666666667 1.0 166.0 1.0
Point 167 178.16666666666666 284.5 1.0 167.0 1.0
Point 168 179.5 285.1666666666667 1.0 168.0 1.0
Point 169 179.5 285.1666666666667 1.0 169.0 1.0
Point 170 179.5 285.1666666666667 1.0 170.0 1.0
Point 171 179.5 284.5 1.0 171.0 1.0
Point 172 179.5 284.5 1.0 172.0 1.0
Point 173 179.5 283.1666666666667 1.0 173.0 1.0
Point 174 178.83333333333334 281.8333333333333 1.0 174.0 1.0
Point 175 176.16666666666666 278.5 1.0 175.0 1.0
Point 176 176.16666666666666 278.5 1.0 176.0 1.0
Point 177 175.5 277.1666666666667 1.0 177.0 1.0
Point 178 173.5 276.5 1.0 178.0 1.0
Point 179 171.5 275.8333333333333 1.0 179.0 1.0
Point 180 172.16666666666666 276.5 1.0 180.0 1.0
Point 181 172.83333333333334 277.1666666666667 1.0 181.0 1.0
Point 182 172.16666666666666 275.8333333333333 1.0 182.0 1.0
Point 183 171.5 275.1666666666667 1.0 183.0 1.0
Point 184 171.5 275.1666666666667 1.0 184.0 1.0
Point 185 172.16666666666666 275.1666666666667 1.0 185.0 1.0
Point 186 172.16666666666666 275.1666666666667 1.0 186.0 1.0
Point 187 170.83333333333334 274.5 1.0 187.0 1.0
Point 188 172.83333333333334 274.5 1.0 188.0 1.0
Point 189 174.16666666666666 273.8333333333333 1.0 189.0 1.0
Point 190 173.5 273.8333333333333 1.0 190.0 1.0
Point 191 172.16666666666666 273.1666666666667 1.0 191.0 1.0
Point 192 170.83333333333334 272.5 1.0 192.0 1.0
Point 193 170.83333333333334 272.5 1.0 193.0 1.0
Point 194 170.16666666666666 272.5 1.0 194.0 1.0
Point 195 170.16666666666666 271.1666666666667 1.0 195.0 1.0
Point 196 172.16666666666666 270.5 1.0 196.0 1.0
Point 197 172.83333333333334 270.5 1.0 197.0 1.0
Point 198 173.5 270.5 1.0 198.0 1.0
Point 199 173.5 269.8333333333333 1.0 199.0 1.0
Point 200 173.5 269.8333333333333 1.0 200.0 1.0
Point 201 172.83333333333334 269.1666666666667 1.0 201.0 1.0
Point 202 171.5 268.5 1.0 202.0 1.0
Point 203 170.83333333333334 268.5 1.0 203.0 1.0
Point 204 169.5 268.5 1.0 204.0 1.0
Point 205 169.5 270.5 1.0 205.0 1.0
Point 206 169.5 269.1666666666667 1.0 206.0 1.0
Point 207 169.5 268.5 1.0 207.0 1.0
Point 208 169.5 269.8333333333333 1.0 208.0 1.0
Point 209 170.16666666666666 270.5 1.0 209.0 1.0
Point 210 170.16666666666666 271.1666666666667 1.0 210.0 1.0
Point 211 170.83333333333334 272.5 1.0 211.0 1.0
Point 212 170.83333333333334 270.5 1.0 212.0 1.0
Point 213 170.83333333333334 270.5 1.0 213.0 1.0
Point 214 170.83333333333334 269.1666666666667 1.0 214.0 1.0
Point 215 170.83333333333334 269.1666666666667 1.0 215.0 1.0
Point 216 170.83333333333334 269.1666666666667 1.0 216.0 1.0
Point 217 170.83333333333334 269.1666666666667 1.0 217.0 1.0
Point 218 170.83333333333334 268.5 1.0 218.0 1.0
Point 219 170.83333333333334 268.5 1.0 219.0 1.0
Point 220 170.16666666666666 267.8333333333333 1.0 220.0 1.0
Point 221 169.5 266.5 1.0 221.0 1.0
Point 222 170.16666666666666 265.8333333333333 1.0 222.0 1.0
Point 223 170.83333333333334 266.5 1.0 223.0 1.0
Point 224 171.5 266.5 1.0 224.0 1.0
Point 225 174.16666666666666 266.5 1.0 225.0 1.0
Point 226 174.16666666666666 265.1666666666667 1.0 226.0 1.0
Point 227 174.16666666666666 265.1666666666667 1.0 227.0 1.0
Point 228 174.16666666666666 264.5 1.0 228.0 1.0
Point 229 173.5 263.8333333333333 1.0 229.0 1.0
Point 230 173.5 263.8333333333333 1.0 230.0 1.0
Point 231 173.5 263.8333333333333 1.0 231.0 1.0
Point 232 173.5 262.5 1.0 232.0 1.0
Point 233 172.83333333333334 261.8333333333333 1.0 233.0 1.0
Point 234 172.83333333333334 261.8333333333333 1.0 234.0 1.0
Point 235 171.5 260.5 1.0 235.0 1.0
Point 236 171.5 260.5 1.0 236.0 1.0
Point 237 171.5 259.8333333333333 1.0 237.0 1.0
Point 238 171.5 259.8333333333333 1.0 238.0 1.0
Point 239 171.5 259.8333333333333 1.0 239.0 1.0
Point 240 171.5 259.8333333333333 1.0 240.0 1.0
Point 241 170.83333333333334 257.8333333333333 1.0 241.0 1.0
Point 242 170.83333333333334 257.8333333333333 1.0 242.0 1.0
Point 243 170.83333333333334 257.8333333333333 1.0 243.0 1.0
Point 244 170.83333333333334 257.1666666666667 1.0 244.0 1.0
Point 245 170.83333333333334 257.1666666666667 1.0 245.0 1.0
Point 246 172.16666666666666 257.1666666666667 1.0 246.0 1.0
Point 247 172.16666666666666 255.16666666666666 1.0 247.0 1.0
Point 248 171.5 254.5 1.0 248.0 1.0
Point 249 171.5 254.5 1.0 249.0 1.0
Point 250 170.16666666666666 253.16666666666666 1.0 250.0 1.0
Point 251 170.83333333333334 253.16666666666666 1.0 251.0 1.0
Point 252 172.16666666666666 253.83333333333334 1.0 252.0 1.0
Point 253 173.5 252.5 1.0 253.0 1.0
Point 254 172.83333333333334 251.83333333333334 1.0 254.0 1.0
Point 255 172.83333333333334 251.83333333333334 1.0 255.0 1.0
Point 256 172.83333333333334 250.5 1.0 256.0 1.0
Point 257 174.16666666666666 251.16666666666666 1.0 257.0 1.0
Point 258 174.83333333333334 251.16666666666666 1.0 258.0 1.0
Point 259 174.83333333333334 249.83333333333334 1.0 259.0 1.0
Point 260 174.83333333333334 249.83333333333334 1.0 260.0 1.0
Point 261 174.83333333333334 249.83333333333334 1.0 261.0 1.0
Point 262 174.83333333333334 249.83333333333334 1.0 262.0 1.0
Point 263 174.83333333333334 249.83333333333334 1.0 263.0 1.0
Point 264 175.5 250.5 1.0 264.0 1.0
Point 265 175.5 247.16666666666666 1.0 265.0 1.0
Point 266 176.16666666666666 248.5 1.0 266.0 1.0
Point 267 176.16666666666666 248.5 1.0 267.0 1.0
Point 268 176.16666666666666 248.5 1.0 268.0 1.0
Point 269 176.16666666666666 249.16666666666666 1.0 269.0 1.0
Point 270 177.5 251.16666666666666 1.0 270.0 1.0
Point 271 178.16666666666666 251.83333333333334 1.0 271.0 1.0
Point 272 178.16666666666666 251.83333333333334 1.0 272.0 1.0
Point 273 177.5 251.16666666666666 1.0 273.0 1.0
Point 274 177.5 251.16666666666666 1.0 274.0 1.0
Point 275 176.83333333333334 250.5 1.0 275.0 1.0
Point 276 175.5 250.5 1.0 276.0 1.0
Point 277 176.16666666666666 249.16666666666666 1.0 277.0 1.0
Point 278 176.83333333333334 248.5 1.0 278.0 1.0
Point 279 176.83333333333334 248.5 1.0 279.0 1.0
Point 280 175.5 247.83333333333334 1.0 280.0 1.0
Point 281 175.5 247.83333333333334 1.0 281.0 1.0
End of MTrackJ Data File
