MTrackJ 1.5.1 Data File
Displaying false true true 1 0 0 0 100 16 0 0 0 0 1 0 1 false false true false
Assembly 1 FF0000
Cluster 1 FF0000
Track 1 FF0000 true
Point 1 727.0 607.0 1.0 1.0 1.0
Point 2 729.0 602.0 1.0 2.0 1.0
Point 3 731.0 594.0 1.0 3.0 1.0
Point 4 730.0 584.0 1.0 4.0 1.0
Point 5 732.0 582.0 1.0 5.0 1.0
Point 6 731.0 576.0 1.0 6.0 1.0
Point 7 727.0 568.0 1.0 7.0 1.0
Point 8 728.0 564.0 1.0 8.0 1.0
Point 9 729.0 564.0 1.0 9.0 1.0
Point 10 723.0 556.0 1.0 10.0 1.0
Point 11 723.0 550.0 1.0 11.0 1.0
Point 12 723.0 545.0 1.0 12.0 1.0
Point 13 721.0 543.0 1.0 13.0 1.0
Point 14 721.0 539.0 1.0 14.0 1.0
Point 15 730.0 545.0 1.0 15.0 1.0
Point 16 729.0 545.0 1.0 16.0 1.0
Point 17 727.0 542.0 1.0 17.0 1.0
Point 18 726.0 539.0 1.0 18.0 1.0
Point 19 724.0 533.0 1.0 19.0 1.0
Point 20 723.0 532.0 1.0 20.0 1.0
Point 21 719.0 525.0 1.0 21.0 1.0
Point 22 716.0 521.0 1.0 22.0 1.0
Point 23 728.0 529.0 1.0 23.0 1.0
Point 24 721.0 519.0 1.0 24.0 1.0
Point 25 710.0 506.0 1.0 25.0 1.0
Point 26 721.0 517.0 1.0 26.0 1.0
Point 27 730.0 523.0 1.0 27.0 1.0
Point 28 730.0 519.0 1.0 28.0 1.0
Point 29 723.0 513.0 1.0 29.0 1.0
Point 30 723.0 508.0 1.0 30.0 1.0
Point 31 713.0 498.0 1.0 31.0 1.0
Point 32 714.0 500.0 1.0 32.0 1.0
Point 33 716.0 499.0 1.0 33.0 1.0
Point 34 714.0 497.0 1.0 34.0 1.0
Point 35 714.0 492.0 1.0 35.0 1.0
Point 36 715.0 493.0 1.0 36.0 1.0
Point 37 715.0 494.0 1.0 37.0 1.0
Point 38 713.0 491.0 1.0 38.0 1.0
Point 39 714.0 490.0 1.0 39.0 1.0
Point 40 716.0 494.0 1.0 40.0 1.0
Point 41 716.0 493.0 1.0 41.0 1.0
Point 42 716.0 492.0 1.0 42.0 1.0
Point 43 714.0 486.0 1.0 43.0 1.0
Point 44 715.0 490.0 1.0 44.0 1.0
Point 45 715.0 485.0 1.0 45.0 1.0
Point 46 718.0 485.0 1.0 46.0 1.0
Point 47 717.0 481.0 1.0 47.0 1.0
Point 48 727.0 487.0 1.0 48.0 1.0
Point 49 754.0 479.0 1.0 49.0 1.0
Point 50 763.0 475.0 1.0 50.0 1.0
Point 51 762.0 473.0 1.0 51.0 1.0
Point 52 768.0 467.0 1.0 52.0 1.0
Point 53 773.0 463.0 1.0 53.0 1.0
Point 54 755.0 473.0 1.0 54.0 1.0
Point 55 753.0 471.0 1.0 55.0 1.0
Point 56 762.0 466.0 1.0 56.0 1.0
Point 57 750.0 471.0 1.0 57.0 1.0
Point 58 756.0 466.0 1.0 58.0 1.0
Point 59 765.0 462.0 1.0 59.0 1.0
Point 60 758.0 466.0 1.0 60.0 1.0
Point 61 766.0 459.0 1.0 61.0 1.0
Point 62 767.0 461.0 1.0 62.0 1.0
Point 63 771.0 462.0 1.0 63.0 1.0
Point 64 779.0 456.0 1.0 64.0 1.0
Point 65 773.0 455.0 1.0 65.0 1.0
Point 66 760.0 465.0 1.0 66.0 1.0
Point 67 762.0 463.0 1.0 67.0 1.0
Point 68 757.0 461.0 1.0 68.0 1.0
Point 69 765.0 456.0 1.0 69.0 1.0
Point 70 753.0 464.0 1.0 70.0 1.0
Point 71 744.0 460.0 1.0 71.0 1.0
Point 72 748.0 460.0 1.0 72.0 1.0
Point 73 742.0 461.0 1.0 73.0 1.0
Point 74 749.0 462.0 1.0 74.0 1.0
Point 75 747.0 463.0 1.0 75.0 1.0
Point 76 754.0 461.0 1.0 76.0 1.0
Point 77 756.0 460.0 1.0 77.0 1.0
Point 78 751.0 458.0 1.0 78.0 1.0
Point 79 745.0 459.0 1.0 79.0 1.0
Point 80 748.0 458.0 1.0 80.0 1.0
Point 81 748.0 456.0 1.0 81.0 1.0
Point 82 757.0 451.0 1.0 82.0 1.0
Point 83 765.0 445.0 1.0 83.0 1.0
Point 84 760.0 451.0 1.0 84.0 1.0
Point 85 767.0 443.0 1.0 85.0 1.0
Point 86 767.0 444.0 1.0 86.0 1.0
Point 87 763.0 446.0 1.0 87.0 1.0
Point 88 768.0 442.0 1.0 88.0 1.0
Point 89 767.0 441.0 1.0 89.0 1.0
Point 90 769.0 443.0 1.0 90.0 1.0
Point 91 784.0 433.0 1.0 91.0 1.0
Point 92 775.0 456.0 1.0 92.0 1.0
Point 93 785.0 434.0 1.0 93.0 1.0
Point 94 800.0 420.0 1.0 94.0 1.0
Point 95 803.0 421.0 1.0 95.0 1.0
Point 96 844.0 402.0 1.0 96.0 1.0
Point 97 880.0 386.0 1.0 97.0 1.0
Point 98 904.0 370.0 1.0 98.0 1.0
Point 99 896.0 373.0 1.0 99.0 1.0
Point 100 891.0 371.0 1.0 100.0 1.0
Point 101 896.0 370.0 1.0 101.0 1.0
Point 102 887.0 377.0 1.0 102.0 1.0
Point 103 886.0 380.0 1.0 103.0 1.0
Point 104 889.0 377.0 1.0 104.0 1.0
Point 105 887.0 379.0 1.0 105.0 1.0
Point 106 890.0 376.0 1.0 106.0 1.0
Point 107 884.0 378.0 1.0 107.0 1.0
Point 108 882.0 379.0 1.0 108.0 1.0
Point 109 880.0 380.0 1.0 109.0 1.0
Point 110 882.0 376.0 1.0 110.0 1.0
Point 111 879.0 378.0 1.0 111.0 1.0
Point 112 881.0 374.0 1.0 112.0 1.0
Point 113 884.0 374.0 1.0 113.0 1.0
Point 114 880.0 373.0 1.0 114.0 1.0
Point 115 883.0 370.0 1.0 115.0 1.0
Point 116 878.0 377.0 1.0 116.0 1.0
Point 117 869.0 379.0 1.0 117.0 1.0
Point 118 867.0 381.0 1.0 118.0 1.0
Point 119 852.0 385.0 1.0 119.0 1.0
Point 120 820.0 397.0 1.0 120.0 1.0
Point 121 822.0 395.0 1.0 121.0 1.0
Point 122 813.0 401.0 1.0 122.0 1.0
Point 123 788.0 413.0 1.0 123.0 1.0
Point 124 794.0 408.0 1.0 124.0 1.0
Point 125 785.0 421.0 1.0 125.0 1.0
Point 126 759.0 440.0 1.0 126.0 1.0
Point 127 758.0 438.0 1.0 127.0 1.0
Point 128 753.0 446.0 1.0 128.0 1.0
Point 129 751.0 451.0 1.0 129.0 1.0
Point 130 760.0 448.0 1.0 130.0 1.0
Point 131 748.0 453.0 1.0 131.0 1.0
Point 132 735.0 475.0 1.0 132.0 1.0
Point 133 729.0 483.0 1.0 133.0 1.0
Point 134 747.0 455.0 1.0 134.0 1.0
Point 135 755.0 446.0 1.0 135.0 1.0
Point 136 730.0 487.0 1.0 136.0 1.0
Point 137 696.0 520.0 1.0 137.0 1.0
Point 138 697.0 531.0 1.0 138.0 1.0
Point 139 698.0 535.0 1.0 139.0 1.0
Point 140 686.0 537.0 1.0 140.0 1.0
Point 141 708.0 507.0 1.0 141.0 1.0
Point 142 718.0 485.0 1.0 142.0 1.0
Point 143 710.0 499.0 1.0 143.0 1.0
Point 144 716.0 475.0 1.0 144.0 1.0
Point 145 713.0 466.0 1.0 145.0 1.0
Point 146 715.0 461.0 1.0 146.0 1.0
Point 147 706.0 459.0 1.0 147.0 1.0
Point 148 717.0 462.0 1.0 148.0 1.0
Point 149 726.0 459.0 1.0 149.0 1.0
Point 150 726.0 458.0 1.0 150.0 1.0
Point 151 724.0 455.0 1.0 151.0 1.0
Point 152 722.0 451.0 1.0 152.0 1.0
Point 153 729.0 449.0 1.0 153.0 1.0
Point 154 721.0 449.0 1.0 154.0 1.0
Point 155 717.0 449.0 1.0 155.0 1.0
Point 156 735.0 435.0 1.0 156.0 1.0
Point 157 735.0 435.0 1.0 157.0 1.0
Point 158 735.0 444.0 1.0 158.0 1.0
Point 159 736.0 438.0 1.0 159.0 1.0
Point 160 743.0 414.0 1.0 160.0 1.0
Point 161 745.0 417.0 1.0 161.0 1.0
Point 162 750.0 408.0 1.0 162.0 1.0
Point 163 755.0 400.0 1.0 163.0 1.0
Point 164 752.0 399.0 1.0 164.0 1.0
Point 165 758.0 405.0 1.0 165.0 1.0
Point 166 755.0 409.0 1.0 166.0 1.0
Point 167 754.0 421.0 1.0 167.0 1.0
Point 168 770.0 404.0 1.0 168.0 1.0
Point 169 773.0 399.0 1.0 169.0 1.0
Point 170 781.0 393.0 1.0 170.0 1.0
Point 171 765.0 399.0 1.0 171.0 1.0
Point 172 774.0 393.0 1.0 172.0 1.0
Point 173 781.0 388.0 1.0 173.0 1.0
Point 174 782.0 380.0 1.0 174.0 1.0
Point 175 779.0 381.0 1.0 175.0 1.0
Point 176 768.0 393.0 1.0 176.0 1.0
Point 177 765.0 397.0 1.0 177.0 1.0
Point 178 770.0 395.0 1.0 178.0 1.0
Point 179 770.0 399.0 1.0 179.0 1.0
Point 180 770.0 395.0 1.0 180.0 1.0
Point 181 777.0 385.0 1.0 181.0 1.0
Point 182 777.0 386.0 1.0 182.0 1.0
Point 183 782.0 384.0 1.0 183.0 1.0
Point 184 782.0 381.0 1.0 184.0 1.0
Point 185 779.0 381.0 1.0 185.0 1.0
Point 186 780.0 377.0 1.0 186.0 1.0
Point 187 774.0 383.0 1.0 187.0 1.0
Point 188 780.0 378.0 1.0 188.0 1.0
Point 189 780.0 375.0 1.0 189.0 1.0
Point 190 776.0 384.0 1.0 190.0 1.0
Point 191 778.0 379.0 1.0 191.0 1.0
Point 192 778.0 379.0 1.0 192.0 1.0
Point 193 779.0 380.0 1.0 193.0 1.0
Point 194 775.0 383.0 1.0 194.0 1.0
Point 195 772.0 393.0 1.0 195.0 1.0
Point 196 778.0 393.0 1.0 196.0 1.0
Point 197 777.0 402.0 1.0 197.0 1.0
Point 198 787.0 409.0 1.0 198.0 1.0
Point 199 791.0 412.0 1.0 199.0 1.0
Point 200 793.0 406.0 1.0 200.0 1.0
Point 201 787.0 394.0 1.0 201.0 1.0
Point 202 778.0 404.0 1.0 202.0 1.0
Point 203 789.0 408.0 1.0 203.0 1.0
Point 204 785.0 410.0 1.0 204.0 1.0
Point 205 792.0 413.0 1.0 205.0 1.0
Point 206 793.0 412.0 1.0 206.0 1.0
Point 210 791.0 402.0 1.0 207.0 1.0
Point 211 785.0 404.0 1.0 208.0 1.0
Point 212 781.0 404.0 1.0 209.0 1.0
Point 213 779.0 403.0 1.0 210.0 1.0
Point 214 784.0 396.0 1.0 211.0 1.0
Point 215 792.0 397.0 1.0 212.0 1.0
Point 216 794.0 390.0 1.0 213.0 1.0
Point 217 794.0 385.0 1.0 214.0 1.0
Point 218 800.0 379.0 1.0 215.0 1.0
Point 219 804.0 369.0 1.0 216.0 1.0
Point 220 804.0 369.0 1.0 217.0 1.0
Point 221 802.0 372.0 1.0 218.0 1.0
Point 222 792.0 377.0 1.0 219.0 1.0
Point 223 795.0 373.0 1.0 220.0 1.0
Point 224 796.0 380.0 1.0 221.0 1.0
Point 225 783.0 384.0 1.0 222.0 1.0
Point 226 786.0 380.0 1.0 223.0 1.0
Point 227 783.0 382.0 1.0 224.0 1.0
Point 228 775.0 382.0 1.0 225.0 1.0
Point 229 776.0 381.0 1.0 226.0 1.0
Point 230 777.0 382.0 1.0 227.0 1.0
Point 231 778.0 382.0 1.0 228.0 1.0
Point 232 786.0 382.0 1.0 229.0 1.0
Point 233 784.0 381.0 1.0 230.0 1.0
Point 234 784.0 379.0 1.0 231.0 1.0
Point 235 785.0 379.0 1.0 232.0 1.0
Point 236 782.0 374.0 1.0 233.0 1.0
Point 237 785.0 381.0 1.0 234.0 1.0
Point 238 781.0 381.0 1.0 235.0 1.0
Point 239 782.0 379.0 1.0 236.0 1.0
Point 240 789.0 372.0 1.0 237.0 1.0
Point 241 788.0 371.0 1.0 238.0 1.0
Point 242 785.0 378.0 1.0 239.0 1.0
Point 243 784.0 377.0 1.0 240.0 1.0
End of MTrackJ Data File
