MTrackJ 1.5.1 Data File
Displaying true true true 2 0 0 0 100 10 0 0 0 0 1 12 0 true true true false
Assembly 1 FF0000
Cluster 1 FF0000
Track 1 FF0000 true
Point 1 469.0 375.0 1.0 1.0 2.0
Point 2 465.0 377.0 1.0 2.0 2.0
Point 3 480.0 380.0 1.0 3.0 2.0
Point 4 484.0 390.0 1.0 4.0 2.0
Point 5 502.0 412.0 1.0 5.0 2.0
Point 6 497.0 404.0 1.0 6.0 2.0
Point 7 482.0 399.0 1.0 7.0 2.0
Point 8 480.0 402.0 1.0 8.0 2.0
Point 9 457.0 410.0 1.0 9.0 2.0
Point 10 468.0 406.0 1.0 10.0 2.0
Point 11 476.0 403.0 1.0 11.0 2.0
Point 12 487.0 397.0 1.0 12.0 2.0
Point 13 490.0 394.0 1.0 13.0 2.0
Point 14 486.0 392.0 1.0 14.0 2.0
Point 15 490.0 388.0 1.0 15.0 2.0
Point 16 492.0 390.0 1.0 16.0 2.0
Point 17 494.0 388.0 1.0 17.0 2.0
Point 18 493.0 390.0 1.0 18.0 2.0
Point 19 488.0 394.0 1.0 19.0 2.0
Point 20 492.0 391.0 1.0 20.0 2.0
Point 21 490.0 390.0 1.0 21.0 2.0
Point 22 501.0 398.0 1.0 22.0 2.0
Point 23 500.0 407.0 1.0 23.0 2.0
Point 24 504.0 408.0 1.0 24.0 2.0
Point 25 498.0 404.0 1.0 25.0 2.0
Point 26 502.0 411.0 1.0 26.0 2.0
Point 27 500.0 406.0 1.0 27.0 2.0
Point 28 498.0 403.0 1.0 28.0 2.0
Point 29 496.0 400.0 1.0 29.0 2.0
Point 30 498.0 399.0 1.0 30.0 2.0
Point 31 495.0 392.0 1.0 31.0 2.0
Point 32 493.0 391.0 1.0 32.0 2.0
Point 33 486.0 384.0 1.0 33.0 2.0
Point 34 483.0 373.0 1.0 34.0 2.0
Point 35 483.0 363.0 1.0 35.0 2.0
Point 36 478.0 361.0 1.0 36.0 2.0
Point 37 475.0 359.0 1.0 37.0 2.0
Point 38 471.0 363.0 1.0 38.0 2.0
Point 39 472.0 359.0 1.0 39.0 2.0
Point 40 470.0 358.0 1.0 40.0 2.0
Point 41 468.0 356.0 1.0 41.0 2.0
Point 42 474.0 357.0 1.0 42.0 2.0
Point 43 460.0 356.0 1.0 43.0 2.0
Point 44 455.0 354.0 1.0 44.0 2.0
Point 45 470.0 363.0 1.0 45.0 2.0
Point 46 478.0 370.0 1.0 46.0 2.0
Point 47 486.0 403.0 1.0 47.0 2.0
Point 48 481.0 420.0 1.0 48.0 2.0
Point 49 463.0 440.0 1.0 49.0 2.0
Point 50 455.0 445.0 1.0 50.0 2.0
Point 51 464.0 432.0 1.0 51.0 2.0
Point 52 474.0 417.0 1.0 52.0 2.0
Point 53 464.0 431.0 1.0 53.0 2.0
Point 54 469.0 426.0 1.0 54.0 2.0
Point 55 473.0 428.0 1.0 55.0 2.0
Point 56 472.0 427.0 1.0 56.0 2.0
Point 57 473.0 422.0 1.0 57.0 2.0
Point 58 476.0 417.0 1.0 58.0 2.0
Point 59 479.0 412.0 1.0 59.0 2.0
Point 60 484.0 407.0 1.0 60.0 2.0
Point 61 484.0 407.0 1.0 61.0 2.0
Point 62 483.0 409.0 1.0 62.0 2.0
Point 63 487.0 403.0 1.0 63.0 2.0
Point 64 484.0 396.0 1.0 64.0 2.0
Point 65 481.0 389.0 1.0 65.0 2.0
Point 66 484.0 389.0 1.0 66.0 2.0
Point 67 487.0 387.0 1.0 67.0 2.0
Point 68 485.0 383.0 1.0 68.0 2.0
Point 69 481.0 398.0 1.0 69.0 2.0
Point 70 481.0 400.0 1.0 70.0 2.0
Point 71 481.0 394.0 1.0 71.0 2.0
Point 72 479.0 402.0 1.0 72.0 2.0
Point 73 474.0 422.0 1.0 73.0 2.0
Point 74 480.0 415.0 1.0 74.0 2.0
Point 75 476.0 412.0 1.0 75.0 2.0
Point 76 479.0 405.0 1.0 76.0 2.0
Point 77 473.0 381.0 1.0 77.0 2.0
Point 78 470.0 377.0 1.0 78.0 2.0
Point 79 472.0 380.0 1.0 79.0 2.0
Point 80 466.0 376.0 1.0 80.0 2.0
Point 81 433.0 393.0 1.0 81.0 2.0
Point 82 433.0 393.0 1.0 82.0 2.0
Point 83 438.0 390.0 1.0 83.0 2.0
Point 84 427.0 393.0 1.0 84.0 2.0
Point 85 383.0 429.0 1.0 85.0 2.0
Point 86 397.0 415.0 1.0 86.0 2.0
Point 87 381.0 430.0 1.0 87.0 2.0
Point 88 393.0 422.0 1.0 88.0 2.0
Point 89 398.0 412.0 1.0 89.0 2.0
Point 90 410.0 406.0 1.0 90.0 2.0
Point 91 391.0 415.0 1.0 91.0 2.0
Point 92 391.0 414.0 1.0 92.0 2.0
Point 93 401.0 406.0 1.0 93.0 2.0
Point 94 419.0 396.0 1.0 94.0 2.0
Point 95 436.0 382.0 1.0 95.0 2.0
Point 96 422.0 393.0 1.0 96.0 2.0
Point 97 426.0 389.0 1.0 97.0 2.0
Point 98 439.0 378.0 1.0 98.0 2.0
Point 99 450.0 370.0 1.0 99.0 2.0
Point 100 433.0 380.0 1.0 100.0 2.0
Point 101 433.0 382.0 1.0 101.0 2.0
Point 102 438.0 378.0 1.0 102.0 2.0
Point 103 434.0 381.0 1.0 103.0 2.0
Point 104 418.0 385.0 1.0 104.0 2.0
Point 105 418.0 385.0 1.0 105.0 2.0
Point 106 418.0 387.0 1.0 106.0 2.0
Point 107 408.0 392.0 1.0 107.0 2.0
Point 108 395.0 398.0 1.0 108.0 2.0
Point 109 376.0 402.0 1.0 109.0 2.0
Point 110 368.0 400.0 1.0 110.0 2.0
Point 111 370.0 394.0 1.0 111.0 2.0
Point 112 371.0 390.0 1.0 112.0 2.0
Point 113 370.0 395.0 1.0 113.0 2.0
Point 114 368.0 398.0 1.0 114.0 2.0
Point 115 368.0 393.0 1.0 115.0 2.0
Point 116 370.0 391.0 1.0 116.0 2.0
Point 117 370.0 394.0 1.0 117.0 2.0
Point 118 374.0 389.0 1.0 118.0 2.0
Point 119 376.0 393.0 1.0 119.0 2.0
Point 120 380.0 390.0 1.0 120.0 2.0
Point 121 400.0 389.0 1.0 121.0 2.0
Point 122 451.0 386.0 1.0 122.0 2.0
Point 123 457.0 383.0 1.0 123.0 2.0
Point 124 440.0 386.0 1.0 124.0 2.0
Point 125 446.0 384.0 1.0 125.0 2.0
Point 126 450.0 385.0 1.0 126.0 2.0
Point 127 451.0 390.0 1.0 127.0 2.0
Point 128 450.0 394.0 1.0 128.0 2.0
Point 129 452.0 394.0 1.0 129.0 2.0
Point 130 448.0 394.0 1.0 130.0 2.0
Point 131 450.0 391.0 1.0 131.0 2.0
Point 132 449.0 394.0 1.0 132.0 2.0
Point 133 450.0 394.0 1.0 133.0 2.0
Point 134 449.0 392.0 1.0 134.0 2.0
Point 135 444.0 397.0 1.0 135.0 2.0
Point 136 442.0 393.0 1.0 136.0 2.0
Point 137 441.0 397.0 1.0 137.0 2.0
Point 138 442.0 403.0 1.0 138.0 2.0
Point 139 443.0 404.0 1.0 139.0 2.0
Point 140 446.0 402.0 1.0 140.0 2.0
Point 141 443.0 405.0 1.0 141.0 2.0
Point 142 455.0 397.0 1.0 142.0 2.0
Point 143 454.0 395.0 1.0 143.0 2.0
Point 144 446.0 394.0 1.0 144.0 2.0
Point 145 450.0 400.0 1.0 145.0 2.0
Point 146 448.0 395.0 1.0 146.0 2.0
Point 147 447.0 396.0 1.0 147.0 2.0
Point 148 445.0 392.0 1.0 148.0 2.0
Point 149 446.0 392.0 1.0 149.0 2.0
Point 150 445.0 394.0 1.0 150.0 2.0
Point 151 453.0 397.0 1.0 151.0 2.0
Point 152 452.0 399.0 1.0 152.0 2.0
Point 153 453.0 402.0 1.0 153.0 2.0
Point 154 461.0 393.0 1.0 154.0 2.0
Point 155 464.0 386.0 1.0 155.0 2.0
Point 156 467.0 384.0 1.0 156.0 2.0
Point 157 460.0 390.0 1.0 157.0 2.0
Point 158 463.0 382.0 1.0 158.0 2.0
Point 159 458.0 388.0 1.0 159.0 2.0
Point 160 462.0 385.0 1.0 160.0 2.0
Point 161 463.0 384.0 1.0 161.0 2.0
Point 162 451.0 390.0 1.0 162.0 2.0
Point 163 457.0 384.0 1.0 163.0 2.0
Point 164 475.0 373.0 1.0 164.0 2.0
Point 165 482.0 369.0 1.0 165.0 2.0
Point 166 471.0 376.0 1.0 166.0 2.0
Point 167 470.0 370.0 1.0 167.0 2.0
Point 168 482.0 356.0 1.0 168.0 2.0
Point 169 476.0 353.0 1.0 169.0 2.0
Point 170 479.0 353.0 1.0 170.0 2.0
Point 171 488.0 347.0 1.0 171.0 2.0
Point 172 487.0 352.0 1.0 172.0 2.0
Point 173 492.0 350.0 1.0 173.0 2.0
Point 174 498.0 347.0 1.0 174.0 2.0
Point 175 501.0 348.0 1.0 175.0 2.0
Point 176 498.0 351.0 1.0 176.0 2.0
Point 177 498.0 350.0 1.0 177.0 2.0
Point 178 501.0 347.0 1.0 178.0 2.0
Point 179 490.0 350.0 1.0 179.0 2.0
Point 180 493.0 351.0 1.0 180.0 2.0
Point 181 490.0 359.0 1.0 181.0 2.0
Point 182 487.0 359.0 1.0 182.0 2.0
Point 183 458.0 379.0 1.0 183.0 2.0
Point 184 437.0 404.0 1.0 184.0 2.0
Point 185 431.0 411.0 1.0 185.0 2.0
Point 186 448.0 394.0 1.0 186.0 2.0
Point 187 426.0 417.0 1.0 187.0 2.0
Point 188 435.0 411.0 1.0 188.0 2.0
Point 189 429.0 412.0 1.0 189.0 2.0
Point 190 430.0 415.0 1.0 190.0 2.0
Point 191 435.0 408.0 1.0 191.0 2.0
Point 192 431.0 416.0 1.0 192.0 2.0
Point 193 438.0 412.0 1.0 193.0 2.0
Point 194 434.0 416.0 1.0 194.0 2.0
Point 195 434.0 413.0 1.0 195.0 2.0
Point 196 432.0 413.0 1.0 196.0 2.0
Point 197 438.0 401.0 1.0 197.0 2.0
Point 198 438.0 400.0 1.0 198.0 2.0
Point 199 439.0 394.0 1.0 199.0 2.0
Point 200 441.0 398.0 1.0 200.0 2.0
Point 201 441.0 393.0 1.0 201.0 2.0
Point 202 446.0 391.0 1.0 202.0 2.0
Point 203 446.0 392.0 1.0 203.0 2.0
Point 204 452.0 383.0 1.0 204.0 2.0
Point 205 453.0 386.0 1.0 205.0 2.0
Point 206 450.0 384.0 1.0 206.0 2.0
Point 207 450.0 384.0 1.0 207.0 2.0
Point 208 445.0 382.0 1.0 208.0 2.0
Point 209 441.0 386.0 1.0 209.0 2.0
Point 210 440.0 390.0 1.0 210.0 2.0
Point 211 440.0 386.0 1.0 211.0 2.0
Point 212 440.0 386.0 1.0 212.0 2.0
Point 213 444.0 383.0 1.0 213.0 2.0
Point 214 444.0 386.0 1.0 214.0 2.0
Point 215 444.0 384.0 1.0 215.0 2.0
Point 216 445.0 381.0 1.0 216.0 2.0
Point 217 447.0 381.0 1.0 217.0 2.0
Point 218 455.0 376.0 1.0 218.0 2.0
Point 219 448.0 376.0 1.0 219.0 2.0
Point 220 454.0 376.0 1.0 220.0 2.0
Point 221 464.0 371.0 1.0 221.0 2.0
Point 222 460.0 375.0 1.0 222.0 2.0
Point 223 465.0 370.0 1.0 223.0 2.0
Point 224 473.0 365.0 1.0 224.0 2.0
Point 225 470.0 369.0 1.0 225.0 2.0
Point 226 466.0 365.0 1.0 226.0 2.0
Point 227 452.0 372.0 1.0 227.0 2.0
Point 228 450.0 372.0 1.0 228.0 2.0
Point 229 450.0 369.0 1.0 229.0 2.0
Point 230 447.0 365.0 1.0 230.0 2.0
Point 231 450.0 367.0 1.0 231.0 2.0
Point 232 455.0 365.0 1.0 232.0 2.0
Point 233 450.0 361.0 1.0 233.0 2.0
Point 234 451.0 366.0 1.0 234.0 2.0
Point 235 450.0 369.0 1.0 235.0 2.0
Point 236 447.0 377.0 1.0 236.0 2.0
Point 237 441.0 373.0 1.0 237.0 2.0
Point 238 451.0 364.0 1.0 238.0 2.0
Point 239 449.0 369.0 1.0 239.0 2.0
Point 240 464.0 362.0 1.0 240.0 2.0
End of MTrackJ Data File
