MTrackJ 1.5.1 Data File
Displaying true true true 2 0 0 0 100 10 0 0 0 0 1 12 0 true true true false
Assembly 1 FF0000
Cluster 1 FF0000
Track 1 FF0000 true
Point 1 507.0 369.0 1.0 1.0 1.0
Point 2 507.0 369.0 1.0 2.0 1.0
Point 3 507.0 369.0 1.0 3.0 1.0
Point 4 512.0 380.0 1.0 4.0 1.0
Point 5 509.0 385.0 1.0 5.0 1.0
Point 6 504.0 386.0 1.0 6.0 1.0
Point 7 505.0 389.0 1.0 7.0 1.0
Point 8 505.0 389.0 1.0 8.0 1.0
Point 9 501.0 390.0 1.0 9.0 1.0
Point 10 495.0 389.0 1.0 10.0 1.0
Point 11 494.0 390.0 1.0 11.0 1.0
Point 12 497.0 388.0 1.0 12.0 1.0
Point 13 498.0 386.0 1.0 13.0 1.0
Point 14 501.0 382.0 1.0 14.0 1.0
Point 15 502.0 382.0 1.0 15.0 1.0
Point 16 505.0 382.0 1.0 16.0 1.0
Point 17 506.0 380.0 1.0 17.0 1.0
Point 18 507.0 380.0 1.0 18.0 1.0
Point 19 508.0 382.0 1.0 19.0 1.0
Point 20 508.0 382.0 1.0 20.0 1.0
Point 21 508.0 382.0 1.0 21.0 1.0
Point 22 508.0 384.0 1.0 22.0 1.0
Point 23 508.0 384.0 1.0 23.0 1.0
Track 2 FFFF00 true
Point 1 508.0 388.0 1.0 24.0 1.0
Point 2 506.0 385.0 1.0 25.0 1.0
Point 3 506.0 385.0 1.0 26.0 1.0
Point 4 506.0 384.0 1.0 27.0 1.0
Point 5 505.0 383.0 1.0 28.0 1.0
Point 6 505.0 383.0 1.0 29.0 1.0
Point 7 505.0 382.0 1.0 30.0 1.0
Point 8 505.0 381.0 1.0 31.0 1.0
Point 9 506.0 379.0 1.0 32.0 1.0
Point 10 506.0 378.0 1.0 33.0 1.0
Point 11 505.0 374.0 1.0 34.0 1.0
Point 12 506.0 371.0 1.0 35.0 1.0
Point 13 507.0 370.0 1.0 36.0 1.0
Point 14 507.0 370.0 1.0 37.0 1.0
Point 15 507.0 368.0 1.0 38.0 1.0
Point 16 505.0 368.0 1.0 39.0 1.0
Point 17 504.0 368.0 1.0 40.0 1.0
Point 18 504.0 368.0 1.0 41.0 1.0
Point 19 504.0 368.0 1.0 42.0 1.0
Point 20 503.0 368.0 1.0 43.0 1.0
Point 21 503.0 368.0 1.0 44.0 1.0
Point 22 500.0 366.0 1.0 45.0 1.0
Point 23 499.0 365.0 1.0 46.0 1.0
Point 24 498.0 364.0 1.0 47.0 1.0
Point 25 500.0 369.0 1.0 48.0 1.0
Point 26 500.0 377.0 1.0 49.0 1.0
Point 27 498.0 390.0 1.0 50.0 1.0
Point 28 496.0 391.0 1.0 51.0 1.0
Point 29 496.0 386.0 1.0 52.0 1.0
Point 30 498.0 381.0 1.0 53.0 1.0
Point 31 498.0 379.0 1.0 54.0 1.0
Point 32 497.0 377.0 1.0 55.0 1.0
Point 33 497.0 375.0 1.0 56.0 1.0
Point 34 499.0 372.0 1.0 57.0 1.0
Point 35 500.0 373.0 1.0 58.0 1.0
Point 36 500.0 373.0 1.0 59.0 1.0
Point 37 500.0 373.0 1.0 60.0 1.0
Point 38 500.0 373.0 1.0 61.0 1.0
Point 39 500.0 373.0 1.0 62.0 1.0
Point 40 501.0 372.0 1.0 63.0 1.0
Point 41 501.0 372.0 1.0 64.0 1.0
Point 42 499.0 368.0 1.0 65.0 1.0
Point 43 499.0 367.0 1.0 66.0 1.0
Point 44 499.0 366.0 1.0 67.0 1.0
Point 45 498.0 366.0 1.0 68.0 1.0
Point 46 498.0 365.0 1.0 69.0 1.0
Point 47 498.0 365.0 1.0 70.0 1.0
Point 48 499.0 363.0 1.0 71.0 1.0
Point 49 499.0 363.0 1.0 72.0 1.0
Point 50 495.0 363.0 1.0 73.0 1.0
Point 51 493.0 372.0 1.0 74.0 1.0
Point 52 494.0 380.0 1.0 75.0 1.0
Point 53 496.0 380.0 1.0 76.0 1.0
Point 54 497.0 375.0 1.0 77.0 1.0
Track 3 00FF00 true
Point 1 497.0 370.0 1.0 78.0 1.0
Point 2 498.0 368.0 1.0 79.0 1.0
Point 3 499.0 368.0 1.0 80.0 1.0
Point 4 498.0 367.0 1.0 81.0 1.0
Point 5 492.0 370.0 1.0 82.0 1.0
Point 6 488.0 371.0 1.0 83.0 1.0
Point 7 488.0 372.0 1.0 84.0 1.0
Point 8 493.0 368.0 1.0 85.0 1.0
Point 9 482.0 372.0 1.0 86.0 1.0
Point 10 481.0 372.0 1.0 87.0 1.0
Point 11 481.0 372.0 1.0 88.0 1.0
Point 12 481.0 372.0 1.0 89.0 1.0
Point 13 479.0 370.0 1.0 90.0 1.0
Point 14 473.0 369.0 1.0 91.0 1.0
Point 15 476.0 368.0 1.0 92.0 1.0
Point 16 477.0 367.0 1.0 93.0 1.0
Point 17 472.0 366.0 1.0 94.0 1.0
Point 18 477.0 365.0 1.0 95.0 1.0
Point 19 489.0 363.0 1.0 96.0 1.0
Point 20 489.0 363.0 1.0 97.0 1.0
Point 21 487.0 360.0 1.0 98.0 1.0
Point 22 487.0 360.0 1.0 99.0 1.0
Point 23 488.0 358.0 1.0 100.0 1.0
Point 24 489.0 357.0 1.0 101.0 1.0
Point 25 490.0 356.0 1.0 102.0 1.0
Point 26 490.0 356.0 1.0 103.0 1.0
Point 27 489.0 355.0 1.0 104.0 1.0
Point 28 488.0 354.0 1.0 105.0 1.0
Point 29 480.0 355.0 1.0 106.0 1.0
Point 30 477.0 355.0 1.0 107.0 1.0
Point 31 475.0 355.0 1.0 108.0 1.0
Point 32 471.0 357.0 1.0 109.0 1.0
Point 33 454.0 365.0 1.0 110.0 1.0
Point 34 434.0 378.0 1.0 111.0 1.0
Point 35 432.0 379.0 1.0 112.0 1.0
Point 36 433.0 378.0 1.0 113.0 1.0
Point 37 433.0 377.0 1.0 114.0 1.0
Point 38 436.0 376.0 1.0 115.0 1.0
Point 39 445.0 370.0 1.0 116.0 1.0
Point 40 446.0 369.0 1.0 117.0 1.0
Point 41 449.0 363.0 1.0 118.0 1.0
Point 42 456.0 358.0 1.0 119.0 1.0
Point 43 453.0 360.0 1.0 120.0 1.0
Point 44 451.0 361.0 1.0 121.0 1.0
Point 45 454.0 362.0 1.0 122.0 1.0
Point 46 510.0 355.0 1.0 123.0 1.0
Point 47 512.0 352.0 1.0 124.0 1.0
Point 48 512.0 352.0 1.0 125.0 1.0
Point 49 515.0 352.0 1.0 126.0 1.0
Point 50 517.0 350.0 1.0 127.0 1.0
Point 51 508.0 352.0 1.0 128.0 1.0
Point 52 510.0 352.0 1.0 129.0 1.0
Point 53 515.0 350.0 1.0 130.0 1.0
Point 54 513.0 350.0 1.0 131.0 1.0
Point 55 512.0 350.0 1.0 132.0 1.0
Point 56 512.0 350.0 1.0 133.0 1.0
Point 57 512.0 350.0 1.0 134.0 1.0
Point 58 505.0 355.0 1.0 135.0 1.0
Point 59 511.0 351.0 1.0 136.0 1.0
Point 60 509.0 351.0 1.0 137.0 1.0
Point 61 506.0 353.0 1.0 138.0 1.0
Point 62 500.0 357.0 1.0 139.0 1.0
Point 63 500.0 357.0 1.0 140.0 1.0
Point 64 501.0 357.0 1.0 141.0 1.0
Point 65 501.0 357.0 1.0 142.0 1.0
Point 66 504.0 355.0 1.0 143.0 1.0
Point 67 502.0 355.0 1.0 144.0 1.0
Point 68 501.0 356.0 1.0 145.0 1.0
Point 69 505.0 352.0 1.0 146.0 1.0
Point 70 505.0 352.0 1.0 147.0 1.0
Track 4 00FFFF true
Point 1 503.0 353.0 1.0 148.0 1.0
Point 2 505.0 351.0 1.0 149.0 1.0
Point 3 498.0 356.0 1.0 150.0 1.0
Point 4 495.0 357.0 1.0 151.0 1.0
Point 5 496.0 357.0 1.0 152.0 1.0
Point 6 497.0 357.0 1.0 153.0 1.0
Point 7 501.0 355.0 1.0 154.0 1.0
Point 8 501.0 355.0 1.0 155.0 1.0
Point 9 504.0 349.0 1.0 156.0 1.0
Point 10 500.0 352.0 1.0 157.0 1.0
Point 11 499.0 353.0 1.0 158.0 1.0
Point 12 499.0 353.0 1.0 159.0 1.0
Point 13 496.0 355.0 1.0 160.0 1.0
Point 14 492.0 359.0 1.0 161.0 1.0
Point 15 492.0 359.0 1.0 162.0 1.0
Point 16 494.0 357.0 1.0 163.0 1.0
Point 17 493.0 357.0 1.0 164.0 1.0
Point 18 492.0 358.0 1.0 165.0 1.0
Point 19 496.0 355.0 1.0 166.0 1.0
Point 20 498.0 354.0 1.0 167.0 1.0
Point 21 502.0 349.0 1.0 168.0 1.0
Point 22 502.0 349.0 1.0 169.0 1.0
Point 23 508.0 345.0 1.0 170.0 1.0
Point 24 508.0 345.0 1.0 171.0 1.0
Point 25 508.0 345.0 1.0 172.0 1.0
Point 26 508.0 344.0 1.0 173.0 1.0
Point 27 508.0 344.0 1.0 174.0 1.0
Point 28 513.0 341.0 1.0 175.0 1.0
Point 29 513.0 341.0 1.0 176.0 1.0
Point 30 515.0 340.0 1.0 177.0 1.0
Point 31 515.0 338.0 1.0 178.0 1.0
Point 32 516.0 336.0 1.0 179.0 1.0
Point 33 516.0 336.0 1.0 180.0 1.0
Point 34 517.0 335.0 1.0 181.0 1.0
Point 35 515.0 341.0 1.0 182.0 1.0
Point 36 515.0 341.0 1.0 183.0 1.0
Point 37 513.0 344.0 1.0 184.0 1.0
Point 38 502.0 349.0 1.0 185.0 1.0
Point 39 487.0 358.0 1.0 186.0 1.0
Point 40 492.0 355.0 1.0 187.0 1.0
Point 41 487.0 358.0 1.0 188.0 1.0
Point 42 481.0 363.0 1.0 189.0 1.0
Point 43 482.0 362.0 1.0 190.0 1.0
Point 44 483.0 362.0 1.0 191.0 1.0
Point 45 483.0 361.0 1.0 192.0 1.0
Point 46 483.0 362.0 1.0 193.0 1.0
Point 47 482.0 363.0 1.0 194.0 1.0
Point 48 482.0 363.0 1.0 195.0 1.0
Point 49 482.0 362.0 1.0 196.0 1.0
Point 50 483.0 361.0 1.0 197.0 1.0
Point 51 483.0 361.0 1.0 198.0 1.0
Point 52 483.0 361.0 1.0 199.0 1.0
Point 53 483.0 361.0 1.0 200.0 1.0
Point 54 485.0 356.0 1.0 201.0 1.0
Point 55 485.0 356.0 1.0 202.0 1.0
Point 56 485.0 356.0 1.0 203.0 1.0
Point 57 482.0 359.0 1.0 204.0 1.0
Point 58 485.0 356.0 1.0 205.0 1.0
Point 59 485.0 356.0 1.0 206.0 1.0
Point 60 485.0 356.0 1.0 207.0 1.0
Point 61 484.0 356.0 1.0 208.0 1.0
Point 62 483.0 358.0 1.0 209.0 1.0
Point 63 483.0 358.0 1.0 210.0 1.0
Point 64 483.0 358.0 1.0 211.0 1.0
Point 65 481.0 359.0 1.0 212.0 1.0
Point 66 479.0 360.0 1.0 213.0 1.0
Point 67 477.0 361.0 1.0 214.0 1.0
Point 68 478.0 360.0 1.0 215.0 1.0
Point 69 478.0 360.0 1.0 216.0 1.0
Point 70 478.0 360.0 1.0 217.0 1.0
Point 71 480.0 358.0 1.0 218.0 1.0
Point 72 480.0 358.0 1.0 219.0 1.0
Point 73 482.0 358.0 1.0 220.0 1.0
Point 74 482.0 358.0 1.0 221.0 1.0
Point 75 482.0 358.0 1.0 222.0 1.0
Point 76 489.0 354.0 1.0 223.0 1.0
Point 77 489.0 354.0 1.0 224.0 1.0
Point 78 489.0 354.0 1.0 225.0 1.0
Point 79 490.0 353.0 1.0 226.0 1.0
Point 80 490.0 353.0 1.0 227.0 1.0
Point 81 491.0 353.0 1.0 228.0 1.0
Point 82 491.0 353.0 1.0 229.0 1.0
Point 83 491.0 353.0 1.0 230.0 1.0
Point 84 491.0 353.0 1.0 231.0 1.0
Point 85 491.0 353.0 1.0 232.0 1.0
Point 86 491.0 354.0 1.0 233.0 1.0
Point 87 491.0 354.0 1.0 234.0 1.0
Point 88 491.0 354.0 1.0 235.0 1.0
Point 89 493.0 353.0 1.0 236.0 1.0
Point 90 493.0 352.0 1.0 237.0 1.0
Point 91 493.0 352.0 1.0 238.0 1.0
Point 92 493.0 352.0 1.0 239.0 1.0
Point 94 493.0 353.0 1.0 240.0 1.0
End of MTrackJ Data File
