MTrackJ 1.5.1 Data File
Displaying true true true 1 2 0 0 100 10 0 0 0 0 1 12 0 false true true false
Assembly 1 FF0000
Cluster 1 FF0000
Track 1 FF0000 true
Point 20 485.0 421.0 1.0 4.0 1.0
Point 3 532.5 406.8333333333333 1.0 12.0 1.0
Point 4 541.1666666666666 432.8333333333333 1.0 25.0 1.0
Point 6 394.5 372.8333333333333 1.0 43.0 1.0
Point 21 412.0 416.0 1.0 47.0 1.0
Point 7 391.8333333333333 484.1666666666667 1.0 50.0 1.0
Point 22 420.0 363.0 1.0 64.0 1.0
Point 8 415.8333333333333 428.8333333333333 1.0 66.0 1.0
Point 9 476.5 324.1666666666667 1.0 97.0 1.0
Point 10 405.1666666666667 320.1666666666667 1.0 115.0 1.0
Point 11 447.8333333333333 430.1666666666667 1.0 126.0 1.0
Point 12 474.5 453.5 1.0 152.0 1.0
Point 23 576.0 338.0 1.0 158.0 1.0
Point 13 494.5 388.8333333333333 1.0 161.0 1.0
Point 18 541.1666666666666 363.5 1.0 172.0 1.0
Point 27 427.0 410.0 1.0 192.0 1.0
Point 19 396.5 450.8333333333333 1.0 195.0 1.0
Point 26 541.0 349.0 1.0 215.0 1.0
End of MTrackJ Data File
