MTrackJ 1.5.1 Data File
Displaying true true true 2 0 0 0 100 10 0 0 0 0 1 12 0 true true true false
Assembly 1 FF0000
Cluster 1 FF0000
Track 1 FF0000 true
Point 1 697.0 481.0 1.0 1.0 1.0
Point 2 702.0 480.0 1.0 2.0 1.0
Point 3 703.0 480.0 1.0 3.0 1.0
Point 4 704.0 480.0 1.0 4.0 1.0
Point 5 704.0 480.0 1.0 5.0 1.0
Point 6 704.0 481.0 1.0 6.0 1.0
Point 7 704.0 481.0 1.0 7.0 1.0
Point 8 704.0 481.0 1.0 8.0 1.0
Point 9 704.0 481.0 1.0 9.0 1.0
Point 10 704.0 481.0 1.0 10.0 1.0
Point 11 704.0 481.0 1.0 11.0 1.0
Point 12 703.0 479.0 1.0 12.0 1.0
Point 13 702.0 479.0 1.0 13.0 1.0
Point 14 702.0 480.0 1.0 14.0 1.0
Point 15 702.0 480.0 1.0 15.0 1.0
Point 16 703.0 479.0 1.0 16.0 1.0
Point 17 697.0 478.0 1.0 17.0 1.0
Point 18 697.0 476.0 1.0 18.0 1.0
Point 19 696.0 476.0 1.0 19.0 1.0
Point 20 675.0 471.0 1.0 20.0 1.0
Point 21 670.0 471.0 1.0 21.0 1.0
Point 22 669.0 472.0 1.0 22.0 1.0
Point 23 666.0 472.0 1.0 23.0 1.0
Point 24 666.0 473.0 1.0 24.0 1.0
Point 25 664.0 476.0 1.0 25.0 1.0
Point 26 664.0 476.0 1.0 26.0 1.0
Point 27 664.0 477.0 1.0 27.0 1.0
Point 28 662.0 479.0 1.0 28.0 1.0
Point 29 661.0 478.0 1.0 29.0 1.0
Point 30 661.0 478.0 1.0 30.0 1.0
Point 31 661.0 477.0 1.0 31.0 1.0
Point 32 661.0 477.0 1.0 32.0 1.0
Point 33 661.0 477.0 1.0 33.0 1.0
Point 34 661.0 477.0 1.0 34.0 1.0
Point 35 661.0 476.0 1.0 35.0 1.0
Point 36 660.0 475.0 1.0 36.0 1.0
Point 37 660.0 475.0 1.0 37.0 1.0
Point 38 660.0 473.0 1.0 38.0 1.0
Point 39 661.0 471.0 1.0 39.0 1.0
Point 40 662.0 469.0 1.0 40.0 1.0
Point 41 665.0 468.0 1.0 41.0 1.0
Point 42 666.0 468.0 1.0 42.0 1.0
Point 43 668.0 467.0 1.0 43.0 1.0
Point 44 668.0 464.0 1.0 44.0 1.0
Point 45 668.0 463.0 1.0 45.0 1.0
Point 46 673.0 461.0 1.0 46.0 1.0
Point 47 674.0 461.0 1.0 47.0 1.0
Point 48 671.0 463.0 1.0 48.0 1.0
Point 49 670.0 464.0 1.0 49.0 1.0
Point 50 670.0 464.0 1.0 50.0 1.0
Point 51 671.0 463.0 1.0 51.0 1.0
Point 52 671.0 463.0 1.0 52.0 1.0
Point 53 670.0 463.0 1.0 53.0 1.0
Point 54 670.0 463.0 1.0 54.0 1.0
Point 55 670.0 460.0 1.0 55.0 1.0
Point 56 670.0 460.0 1.0 56.0 1.0
Point 57 670.0 460.0 1.0 57.0 1.0
Point 58 670.0 460.0 1.0 58.0 1.0
Point 59 670.0 460.0 1.0 59.0 1.0
Point 60 673.0 460.0 1.0 60.0 1.0
Point 61 672.0 460.0 1.0 61.0 1.0
Point 62 672.0 460.0 1.0 62.0 1.0
Point 63 673.0 460.0 1.0 63.0 1.0
Point 64 676.0 463.0 1.0 64.0 1.0
Point 65 677.0 464.0 1.0 65.0 1.0
Point 66 674.0 464.0 1.0 66.0 1.0
Point 67 674.0 464.0 1.0 67.0 1.0
Point 68 667.0 468.0 1.0 68.0 1.0
Point 69 659.0 475.0 1.0 69.0 1.0
Point 70 657.0 477.0 1.0 70.0 1.0
Point 71 655.0 477.0 1.0 71.0 1.0
Point 72 655.0 476.0 1.0 72.0 1.0
Point 73 661.0 473.0 1.0 73.0 1.0
Point 74 662.0 469.0 1.0 74.0 1.0
Point 75 662.0 468.0 1.0 75.0 1.0
Point 76 662.0 468.0 1.0 76.0 1.0
Point 77 663.0 466.0 1.0 77.0 1.0
Point 78 664.0 465.0 1.0 78.0 1.0
Point 79 664.0 464.0 1.0 79.0 1.0
Point 80 668.0 462.0 1.0 80.0 1.0
Point 81 668.0 462.0 1.0 81.0 1.0
Point 82 668.0 462.0 1.0 82.0 1.0
Point 83 668.0 462.0 1.0 83.0 1.0
Point 84 669.0 461.0 1.0 84.0 1.0
Point 85 670.0 461.0 1.0 85.0 1.0
Point 86 671.0 459.0 1.0 86.0 1.0
Point 87 673.0 457.0 1.0 87.0 1.0
Point 88 673.0 457.0 1.0 88.0 1.0
Point 89 674.0 455.0 1.0 89.0 1.0
Point 90 675.0 454.0 1.0 90.0 1.0
Point 91 674.0 453.0 1.0 91.0 1.0
Point 92 674.0 452.0 1.0 92.0 1.0
Point 93 673.0 452.0 1.0 93.0 1.0
Point 94 673.0 452.0 1.0 94.0 1.0
Point 95 673.0 452.0 1.0 95.0 1.0
Point 96 673.0 452.0 1.0 96.0 1.0
Track 2 FFFF00 true
Point 1 663.0 456.0 1.0 97.0 1.0
Point 2 661.0 458.0 1.0 98.0 1.0
Point 3 662.0 458.0 1.0 99.0 1.0
Point 4 665.0 456.0 1.0 100.0 1.0
Point 5 664.0 456.0 1.0 101.0 1.0
Point 6 663.0 457.0 1.0 102.0 1.0
Point 7 656.0 459.0 1.0 103.0 1.0
Point 8 656.0 460.0 1.0 104.0 1.0
Point 9 657.0 460.0 1.0 105.0 1.0
Point 10 657.0 460.0 1.0 106.0 1.0
Point 11 663.0 458.0 1.0 107.0 1.0
Point 12 666.0 456.0 1.0 108.0 1.0
Point 13 667.0 455.0 1.0 109.0 1.0
Point 14 667.0 454.0 1.0 110.0 1.0
Point 15 668.0 454.0 1.0 111.0 1.0
Point 16 668.0 454.0 1.0 112.0 1.0
Point 17 668.0 454.0 1.0 113.0 1.0
Point 18 670.0 452.0 1.0 114.0 1.0
Point 19 670.0 452.0 1.0 115.0 1.0
Point 20 670.0 453.0 1.0 116.0 1.0
Point 21 669.0 453.0 1.0 117.0 1.0
Point 22 671.0 452.0 1.0 118.0 1.0
Point 23 673.0 451.0 1.0 119.0 1.0
Point 24 681.0 449.0 1.0 120.0 1.0
Point 25 687.0 448.0 1.0 121.0 1.0
Point 26 687.0 448.0 1.0 122.0 1.0
Point 27 723.0 444.0 1.0 123.0 1.0
Point 28 732.0 442.0 1.0 124.0 1.0
Point 29 734.0 440.0 1.0 125.0 1.0
Point 30 735.0 440.0 1.0 126.0 1.0
Point 31 738.0 435.0 1.0 127.0 1.0
Point 32 738.0 435.0 1.0 128.0 1.0
Point 33 742.0 433.0 1.0 129.0 1.0
Point 34 742.0 433.0 1.0 130.0 1.0
Point 35 738.0 436.0 1.0 131.0 1.0
Point 36 737.0 437.0 1.0 132.0 1.0
Point 37 741.0 432.0 1.0 133.0 1.0
Point 38 740.0 431.0 1.0 134.0 1.0
Point 39 740.0 430.0 1.0 135.0 1.0
Point 40 740.0 430.0 1.0 136.0 1.0
Point 41 740.0 430.0 1.0 137.0 1.0
Point 42 740.0 430.0 1.0 138.0 1.0
Point 43 743.0 427.0 1.0 139.0 1.0
Point 44 747.0 425.0 1.0 140.0 1.0
Point 45 747.0 424.0 1.0 141.0 1.0
Point 46 750.0 423.0 1.0 142.0 1.0
Point 47 750.0 422.0 1.0 143.0 1.0
Point 48 750.0 422.0 1.0 144.0 1.0
Point 49 750.0 421.0 1.0 145.0 1.0
Point 50 750.0 421.0 1.0 146.0 1.0
Point 51 750.0 421.0 1.0 147.0 1.0
Point 52 750.0 421.0 1.0 148.0 1.0
Point 53 750.0 421.0 1.0 149.0 1.0
Point 54 750.0 421.0 1.0 150.0 1.0
Point 55 750.0 421.0 1.0 151.0 1.0
Point 56 750.0 421.0 1.0 152.0 1.0
Point 57 750.0 421.0 1.0 153.0 1.0
Point 58 748.0 421.0 1.0 154.0 1.0
Point 59 748.0 421.0 1.0 155.0 1.0
Point 60 748.0 421.0 1.0 156.0 1.0
Point 61 746.0 421.0 1.0 157.0 1.0
Point 62 746.0 421.0 1.0 158.0 1.0
Point 63 744.0 420.0 1.0 159.0 1.0
Point 64 744.0 419.0 1.0 160.0 1.0
Point 65 745.0 418.0 1.0 161.0 1.0
Point 66 746.0 418.0 1.0 162.0 1.0
Point 67 746.0 418.0 1.0 163.0 1.0
Point 68 747.0 417.0 1.0 164.0 1.0
Point 69 749.0 419.0 1.0 165.0 1.0
Point 70 754.0 426.0 1.0 166.0 1.0
Point 71 755.0 423.0 1.0 167.0 1.0
Point 72 755.0 420.0 1.0 168.0 1.0
Point 73 757.0 418.0 1.0 169.0 1.0
Point 74 757.0 418.0 1.0 170.0 1.0
Point 75 757.0 418.0 1.0 171.0 1.0
Point 76 757.0 418.0 1.0 172.0 1.0
Point 77 757.0 418.0 1.0 173.0 1.0
Point 78 757.0 418.0 1.0 174.0 1.0
Point 79 755.0 417.0 1.0 175.0 1.0
Point 80 758.0 420.0 1.0 176.0 1.0
Point 81 758.0 420.0 1.0 177.0 1.0
Point 82 758.0 428.0 1.0 178.0 1.0
Point 83 759.0 431.0 1.0 179.0 1.0
Point 84 760.0 430.0 1.0 180.0 1.0
Point 85 761.0 428.0 1.0 181.0 1.0
Point 86 761.0 427.0 1.0 182.0 1.0
Point 87 766.0 440.0 1.0 183.0 1.0
Point 88 766.0 441.0 1.0 184.0 1.0
Point 89 768.0 443.0 1.0 185.0 1.0
Point 90 769.0 443.0 1.0 186.0 1.0
Point 91 770.0 444.0 1.0 187.0 1.0
Point 92 773.0 451.0 1.0 188.0 1.0
Point 93 775.0 457.0 1.0 189.0 1.0
Point 94 775.0 474.0 1.0 190.0 1.0
Point 95 776.0 474.0 1.0 191.0 1.0
Point 96 777.0 470.0 1.0 192.0 1.0
Point 97 775.0 468.0 1.0 193.0 1.0
Point 98 777.0 470.0 1.0 194.0 1.0
Point 99 775.0 465.0 1.0 195.0 1.0
Point 100 775.0 465.0 1.0 196.0 1.0
Point 101 779.0 473.0 1.0 197.0 1.0
Point 102 778.0 471.0 1.0 198.0 1.0
Point 103 778.0 471.0 1.0 199.0 1.0
Point 104 779.0 475.0 1.0 200.0 1.0
Point 105 780.0 478.0 1.0 201.0 1.0
Point 106 780.0 473.0 1.0 202.0 1.0
Point 107 780.0 474.0 1.0 203.0 1.0
Point 108 781.0 476.0 1.0 204.0 1.0
Point 109 781.0 476.0 1.0 205.0 1.0
Point 110 781.0 476.0 1.0 206.0 1.0
Point 111 781.0 475.0 1.0 207.0 1.0
Point 112 781.0 475.0 1.0 208.0 1.0
Point 113 777.0 474.0 1.0 209.0 1.0
Point 114 777.0 474.0 1.0 210.0 1.0
Point 115 777.0 470.0 1.0 211.0 1.0
Point 116 777.0 469.0 1.0 212.0 1.0
Point 117 777.0 468.0 1.0 213.0 1.0
Point 118 778.0 466.0 1.0 214.0 1.0
Point 119 778.0 466.0 1.0 215.0 1.0
Point 120 779.0 465.0 1.0 216.0 1.0
Point 121 779.0 464.0 1.0 217.0 1.0
Point 122 775.0 460.0 1.0 218.0 1.0
Point 123 776.0 455.0 1.0 219.0 1.0
Point 124 777.0 456.0 1.0 220.0 1.0
Point 125 777.0 456.0 1.0 221.0 1.0
Point 126 779.0 461.0 1.0 222.0 1.0
Point 127 779.0 461.0 1.0 223.0 1.0
Point 128 778.0 460.0 1.0 224.0 1.0
Point 129 777.0 458.0 1.0 225.0 1.0
Point 130 777.0 460.0 1.0 226.0 1.0
Point 131 777.0 462.0 1.0 227.0 1.0
Point 132 777.0 463.0 1.0 228.0 1.0
Point 133 777.0 472.0 1.0 229.0 1.0
Point 134 777.0 470.0 1.0 230.0 1.0
Point 135 778.0 470.0 1.0 231.0 1.0
Point 136 779.0 475.0 1.0 232.0 1.0
Point 137 781.0 479.0 1.0 233.0 1.0
Point 138 781.0 479.0 1.0 234.0 1.0
Point 139 782.0 480.0 1.0 235.0 1.0
Point 140 782.0 481.0 1.0 236.0 1.0
Point 141 782.0 481.0 1.0 237.0 1.0
Point 142 784.0 481.0 1.0 238.0 1.0
Point 143 785.0 481.0 1.0 239.0 1.0
Point 145 787.0 482.0 1.0 240.0 1.0
End of MTrackJ Data File
