MTrackJ 1.5.1 Data File
Displaying true true true 2 0 0 0 100 10 0 0 0 0 1 12 0 true true true false
Assembly 1 FF0000
Cluster 1 FF0000
Track 1 FF0000 true
Point 1 638.0 548.0 1.0 1.0 2.0
Point 2 640.0 547.0 1.0 2.0 2.0
Point 3 632.0 547.0 1.0 3.0 2.0
Point 4 633.0 543.0 1.0 4.0 2.0
Point 5 640.0 543.0 1.0 5.0 2.0
Point 6 634.0 546.0 1.0 6.0 2.0
Point 7 636.0 542.0 1.0 7.0 2.0
Point 8 649.0 540.0 1.0 8.0 2.0
Point 9 654.0 533.0 1.0 9.0 2.0
Point 10 655.0 534.0 1.0 10.0 2.0
Point 11 664.0 526.0 1.0 11.0 2.0
Point 12 674.0 519.0 1.0 12.0 2.0
Point 13 664.0 524.0 1.0 13.0 2.0
Point 14 664.0 525.0 1.0 14.0 2.0
Point 15 658.0 519.0 1.0 15.0 2.0
Point 16 659.0 526.0 1.0 16.0 2.0
Point 17 654.0 516.0 1.0 17.0 2.0
Point 18 646.0 489.0 1.0 18.0 2.0
Point 19 633.0 490.0 1.0 19.0 2.0
Point 20 609.0 489.0 1.0 20.0 2.0
Point 21 602.0 480.0 1.0 21.0 2.0
Point 22 592.0 486.0 1.0 22.0 2.0
Point 23 584.0 484.0 1.0 23.0 2.0
Point 24 583.0 477.0 1.0 24.0 2.0
Point 25 595.0 476.0 1.0 25.0 2.0
Point 26 576.0 477.0 1.0 26.0 2.0
Point 27 595.0 478.0 1.0 27.0 2.0
Point 28 572.0 481.0 1.0 28.0 2.0
Point 29 576.0 480.0 1.0 29.0 2.0
Point 30 587.0 484.0 1.0 30.0 2.0
Point 31 569.0 477.0 1.0 31.0 2.0
Point 32 572.0 480.0 1.0 32.0 2.0
Point 33 583.0 477.0 1.0 33.0 2.0
Point 34 587.0 475.0 1.0 34.0 2.0
Point 35 589.0 472.0 1.0 35.0 2.0
Point 36 587.0 473.0 1.0 36.0 2.0
Point 37 601.0 469.0 1.0 37.0 2.0
Point 38 604.0 469.0 1.0 38.0 2.0
Point 39 618.0 465.0 1.0 39.0 2.0
Point 40 622.0 464.0 1.0 40.0 2.0
Point 41 626.0 468.0 1.0 41.0 2.0
Point 42 626.0 468.0 1.0 42.0 2.0
Point 43 622.0 466.0 1.0 43.0 2.0
Point 44 627.0 466.0 1.0 44.0 2.0
Point 45 628.0 467.0 1.0 45.0 2.0
Point 46 625.0 470.0 1.0 46.0 2.0
Point 47 623.0 467.0 1.0 47.0 2.0
Point 48 636.0 462.0 1.0 48.0 2.0
Point 49 631.0 462.0 1.0 49.0 2.0
Point 50 631.0 462.0 1.0 50.0 2.0
Point 51 633.0 468.0 1.0 51.0 2.0
Point 52 631.0 468.0 1.0 52.0 2.0
Point 53 628.0 465.0 1.0 53.0 2.0
Point 54 635.0 468.0 1.0 54.0 2.0
Point 55 638.0 470.0 1.0 55.0 2.0
Point 56 643.0 465.0 1.0 56.0 2.0
Point 57 647.0 470.0 1.0 57.0 2.0
Point 58 651.0 475.0 1.0 58.0 2.0
Point 59 648.0 480.0 1.0 59.0 2.0
Point 60 647.0 475.0 1.0 60.0 2.0
Point 61 648.0 480.0 1.0 61.0 2.0
Point 62 647.0 477.0 1.0 62.0 2.0
Point 63 635.0 472.0 1.0 63.0 2.0
Point 64 640.0 475.0 1.0 64.0 2.0
Point 65 643.0 496.0 1.0 65.0 2.0
Point 66 643.0 534.0 1.0 66.0 2.0
Point 67 641.0 555.0 1.0 67.0 2.0
Point 68 636.0 559.0 1.0 68.0 2.0
Point 69 631.0 571.0 1.0 69.0 2.0
Point 70 635.0 581.0 1.0 70.0 2.0
Point 71 636.0 569.0 1.0 71.0 2.0
Point 72 641.0 576.0 1.0 72.0 2.0
Point 73 639.0 570.0 1.0 73.0 2.0
Point 74 644.0 558.0 1.0 74.0 2.0
Point 75 644.0 552.0 1.0 75.0 2.0
Point 76 648.0 545.0 1.0 76.0 2.0
Point 77 648.0 543.0 1.0 77.0 2.0
Point 78 644.0 535.0 1.0 78.0 2.0
Point 79 650.0 518.0 1.0 79.0 2.0
Point 80 650.0 511.0 1.0 80.0 2.0
Point 81 649.0 511.0 1.0 81.0 2.0
Point 82 652.0 504.0 1.0 82.0 2.0
Point 83 651.0 499.0 1.0 83.0 2.0
Point 84 652.0 499.0 1.0 84.0 2.0
Point 85 654.0 493.0 1.0 85.0 2.0
Point 86 654.0 490.0 1.0 86.0 2.0
Point 87 661.0 477.0 1.0 87.0 2.0
Point 88 659.0 479.0 1.0 88.0 2.0
Point 89 656.0 487.0 1.0 89.0 2.0
Point 90 657.0 508.0 1.0 90.0 2.0
Point 91 654.0 505.0 1.0 91.0 2.0
Point 92 659.0 493.0 1.0 92.0 2.0
Point 93 655.0 486.0 1.0 93.0 2.0
Point 94 646.0 490.0 1.0 94.0 2.0
Point 95 631.0 490.0 1.0 95.0 2.0
Point 96 608.0 496.0 1.0 96.0 2.0
Point 97 590.0 504.0 1.0 97.0 2.0
Point 98 581.0 505.0 1.0 98.0 2.0
Point 99 571.0 510.0 1.0 99.0 2.0
Point 100 554.0 512.0 1.0 100.0 2.0
Point 101 548.0 513.0 1.0 101.0 2.0
Point 102 545.0 516.0 1.0 102.0 2.0
Point 103 548.0 513.0 1.0 103.0 2.0
Point 104 555.0 512.0 1.0 104.0 2.0
Point 105 583.0 505.0 1.0 105.0 2.0
Point 106 594.0 501.0 1.0 106.0 2.0
Point 107 599.0 500.0 1.0 107.0 2.0
Point 108 590.0 499.0 1.0 108.0 2.0
Point 109 593.0 498.0 1.0 109.0 2.0
Point 110 622.0 490.0 1.0 110.0 2.0
Point 111 611.0 490.0 1.0 111.0 2.0
Point 112 620.0 487.0 1.0 112.0 2.0
Point 113 645.0 473.0 1.0 113.0 2.0
Point 114 657.0 464.0 1.0 114.0 2.0
Point 115 656.0 462.0 1.0 115.0 2.0
Point 116 658.0 462.0 1.0 116.0 2.0
Point 117 670.0 450.0 1.0 117.0 2.0
Point 118 676.0 448.0 1.0 118.0 2.0
Point 119 681.0 444.0 1.0 119.0 2.0
Point 120 707.0 445.0 1.0 120.0 2.0
Point 121 702.0 443.0 1.0 121.0 2.0
Point 122 721.0 449.0 1.0 122.0 2.0
Point 123 739.0 435.0 1.0 123.0 2.0
Point 124 744.0 433.0 1.0 124.0 2.0
Point 125 750.0 433.0 1.0 125.0 2.0
Point 126 756.0 431.0 1.0 126.0 2.0
Point 127 753.0 432.0 1.0 127.0 2.0
Point 128 754.0 429.0 1.0 128.0 2.0
Point 129 753.0 428.0 1.0 129.0 2.0
Point 130 750.0 429.0 1.0 130.0 2.0
Point 131 741.0 446.0 1.0 131.0 2.0
Point 132 739.0 451.0 1.0 132.0 2.0
Point 133 732.0 457.0 1.0 133.0 2.0
Point 134 740.0 450.0 1.0 134.0 2.0
Point 135 744.0 445.0 1.0 135.0 2.0
Point 136 739.0 446.0 1.0 136.0 2.0
Point 137 743.0 435.0 1.0 137.0 2.0
Point 138 748.0 436.0 1.0 138.0 2.0
Point 139 748.0 428.0 1.0 139.0 2.0
Point 140 754.0 427.0 1.0 140.0 2.0
Point 141 757.0 427.0 1.0 141.0 2.0
Point 142 754.0 427.0 1.0 142.0 2.0
Point 143 755.0 428.0 1.0 143.0 2.0
Point 144 753.0 431.0 1.0 144.0 2.0
Point 145 754.0 430.0 1.0 145.0 2.0
Point 146 754.0 428.0 1.0 146.0 2.0
Point 147 754.0 427.0 1.0 147.0 2.0
Point 148 758.0 424.0 1.0 148.0 2.0
Point 149 756.0 428.0 1.0 149.0 2.0
Point 150 759.0 425.0 1.0 150.0 2.0
Point 151 759.0 425.0 1.0 151.0 2.0
Point 152 756.0 429.0 1.0 152.0 2.0
Point 153 756.0 429.0 1.0 153.0 2.0
Point 154 759.0 427.0 1.0 154.0 2.0
Point 155 757.0 429.0 1.0 155.0 2.0
Point 156 757.0 428.0 1.0 156.0 2.0
Point 157 757.0 424.0 1.0 157.0 2.0
Point 158 758.0 426.0 1.0 158.0 2.0
Point 159 760.0 428.0 1.0 159.0 2.0
Point 160 762.0 427.0 1.0 160.0 2.0
Point 161 757.0 432.0 1.0 161.0 2.0
Point 162 757.0 443.0 1.0 162.0 2.0
Point 163 770.0 456.0 1.0 163.0 2.0
Point 164 775.0 472.0 1.0 164.0 2.0
Point 165 771.0 461.0 1.0 165.0 2.0
Point 166 772.0 459.0 1.0 166.0 2.0
Point 167 775.0 463.0 1.0 167.0 2.0
Point 168 773.0 458.0 1.0 168.0 2.0
Point 169 772.0 447.0 1.0 169.0 2.0
Point 170 773.0 446.0 1.0 170.0 2.0
Point 171 775.0 463.0 1.0 171.0 2.0
Point 172 770.0 448.0 1.0 172.0 2.0
Point 173 769.0 453.0 1.0 173.0 2.0
Point 174 770.0 455.0 1.0 174.0 2.0
Point 175 772.0 478.0 1.0 175.0 2.0
Point 176 776.0 495.0 1.0 176.0 2.0
Point 177 785.0 510.0 1.0 177.0 2.0
Point 178 792.0 513.0 1.0 178.0 2.0
Point 179 789.0 510.0 1.0 179.0 2.0
Point 180 792.0 510.0 1.0 180.0 2.0
Point 181 802.0 514.0 1.0 181.0 2.0
Point 182 798.0 516.0 1.0 182.0 2.0
Point 183 790.0 511.0 1.0 183.0 2.0
Point 184 785.0 503.0 1.0 184.0 2.0
Point 185 790.0 509.0 1.0 185.0 2.0
Point 186 785.0 508.0 1.0 186.0 2.0
Point 187 776.0 522.0 1.0 187.0 2.0
Point 188 769.0 536.0 1.0 188.0 2.0
Point 189 771.0 537.0 1.0 189.0 2.0
Point 190 769.0 541.0 1.0 190.0 2.0
Point 191 776.0 524.0 1.0 191.0 2.0
Point 192 782.0 522.0 1.0 192.0 2.0
Point 193 783.0 508.0 1.0 193.0 2.0
Point 194 780.0 507.0 1.0 194.0 2.0
Point 195 776.0 501.0 1.0 195.0 2.0
Point 196 770.0 483.0 1.0 196.0 2.0
Point 197 766.0 488.0 1.0 197.0 2.0
Point 198 767.0 495.0 1.0 198.0 2.0
Point 199 771.0 494.0 1.0 199.0 2.0
Point 200 771.0 482.0 1.0 200.0 2.0
Point 201 774.0 486.0 1.0 201.0 2.0
Point 202 774.0 484.0 1.0 202.0 2.0
Point 203 777.0 483.0 1.0 203.0 2.0
Point 204 780.0 493.0 1.0 204.0 2.0
Point 205 775.0 490.0 1.0 205.0 2.0
Point 206 774.0 492.0 1.0 206.0 2.0
Point 207 775.0 485.0 1.0 207.0 2.0
Point 208 773.0 476.0 1.0 208.0 2.0
Point 209 768.0 467.0 1.0 209.0 2.0
Point 210 765.0 459.0 1.0 210.0 2.0
Point 211 765.0 454.0 1.0 211.0 2.0
Point 212 762.0 452.0 1.0 212.0 2.0
Point 213 760.0 446.0 1.0 213.0 2.0
Point 214 763.0 441.0 1.0 214.0 2.0
Point 215 755.0 443.0 1.0 215.0 2.0
Point 216 756.0 431.0 1.0 216.0 2.0
Point 217 758.0 437.0 1.0 217.0 2.0
Point 218 763.0 446.0 1.0 218.0 2.0
Point 219 766.0 458.0 1.0 219.0 2.0
Point 220 764.0 448.0 1.0 220.0 2.0
Point 221 764.0 446.0 1.0 221.0 2.0
Point 222 770.0 450.0 1.0 222.0 2.0
Point 223 771.0 453.0 1.0 223.0 2.0
Point 224 766.0 448.0 1.0 224.0 2.0
Point 225 772.0 460.0 1.0 225.0 2.0
Point 226 788.0 485.0 1.0 226.0 2.0
Point 227 784.0 492.0 1.0 227.0 2.0
Point 228 779.0 506.0 1.0 228.0 2.0
Point 229 778.0 509.0 1.0 229.0 2.0
Point 230 790.0 523.0 1.0 230.0 2.0
Point 231 780.0 530.0 1.0 231.0 2.0
Point 232 776.0 525.0 1.0 232.0 2.0
Point 233 776.0 523.0 1.0 233.0 2.0
Point 234 783.0 515.0 1.0 234.0 2.0
Point 235 779.0 509.0 1.0 235.0 2.0
Point 236 783.0 512.0 1.0 236.0 2.0
Point 237 782.0 510.0 1.0 237.0 2.0
Point 238 785.0 502.0 1.0 238.0 2.0
Point 239 786.0 502.0 1.0 239.0 2.0
Point 240 790.0 524.0 1.0 240.0 2.0
End of MTrackJ Data File
