MTrackJ 1.5.1 Data File
Displaying false true true 1 0 0 0 100 16 0 0 0 0 1 0 1 false false true false
Assembly 1 FF0000
Cluster 1 FF0000
Track 1 FF0000 true
Point 1 1401.0 538.0 1.0 1.0 1.0
Point 2 1403.0 535.0 1.0 2.0 1.0
Point 3 1403.0 533.0 1.0 3.0 1.0
Point 4 1404.0 531.0 1.0 4.0 1.0
Point 5 1404.0 528.0 1.0 5.0 1.0
Point 6 1400.0 526.0 1.0 6.0 1.0
Point 7 1401.0 523.0 1.0 7.0 1.0
Point 8 1396.0 525.0 1.0 8.0 1.0
Point 9 1398.0 522.0 1.0 9.0 1.0
Point 10 1398.0 523.0 1.0 10.0 1.0
Point 11 1400.0 521.0 1.0 11.0 1.0
Point 12 1399.0 521.0 1.0 12.0 1.0
Point 13 1402.0 518.0 1.0 13.0 1.0
Point 14 1403.0 517.0 1.0 14.0 1.0
Point 15 1405.0 517.0 1.0 15.0 1.0
Point 16 1407.0 515.0 1.0 16.0 1.0
Point 17 1400.0 514.0 1.0 17.0 1.0
Point 18 1402.0 515.0 1.0 18.0 1.0
Point 19 1406.0 515.0 1.0 19.0 1.0
Point 20 1410.0 511.0 1.0 20.0 1.0
Point 21 1408.0 511.0 1.0 21.0 1.0
Point 22 1407.0 510.0 1.0 22.0 1.0
Point 23 1401.0 505.0 1.0 23.0 1.0
Point 24 1401.0 505.0 1.0 24.0 1.0
Point 25 1398.0 501.0 1.0 25.0 1.0
Point 26 1399.0 501.0 1.0 26.0 1.0
Point 27 1403.0 502.0 1.0 27.0 1.0
Point 28 1404.0 500.0 1.0 28.0 1.0
Point 29 1404.0 500.0 1.0 29.0 1.0
Point 30 1406.0 497.0 1.0 30.0 1.0
Point 31 1405.0 496.0 1.0 31.0 1.0
Point 32 1405.0 496.0 1.0 32.0 1.0
Point 33 1407.0 495.0 1.0 33.0 1.0
Point 34 1407.0 492.0 1.0 34.0 1.0
Point 35 1405.0 493.0 1.0 35.0 1.0
Point 36 1402.0 491.0 1.0 36.0 1.0
Point 37 1403.0 489.0 1.0 37.0 1.0
Point 38 1402.0 491.0 1.0 38.0 1.0
Point 39 1403.0 491.0 1.0 39.0 1.0
Point 40 1405.0 491.0 1.0 40.0 1.0
Point 41 1405.0 490.0 1.0 41.0 1.0
Point 42 1401.0 489.0 1.0 42.0 1.0
Point 43 1401.0 489.0 1.0 43.0 1.0
Point 44 1402.0 489.0 1.0 44.0 1.0
Point 45 1403.0 489.0 1.0 45.0 1.0
Point 46 1402.0 489.0 1.0 46.0 1.0
Point 47 1402.0 489.0 1.0 47.0 1.0
Point 48 1400.0 491.0 1.0 48.0 1.0
Point 49 1406.0 493.0 1.0 49.0 1.0
Point 50 1406.0 493.0 1.0 50.0 1.0
Point 51 1405.0 495.0 1.0 51.0 1.0
Point 52 1403.0 494.0 1.0 52.0 1.0
Point 53 1400.0 492.0 1.0 53.0 1.0
Point 54 1398.0 488.0 1.0 54.0 1.0
Point 55 1398.0 486.0 1.0 55.0 1.0
Point 56 1400.0 485.0 1.0 56.0 1.0
Point 57 1400.0 485.0 1.0 57.0 1.0
Point 58 1401.0 483.0 1.0 58.0 1.0
Point 59 1400.0 484.0 1.0 59.0 1.0
Point 60 1399.0 486.0 1.0 60.0 1.0
Point 61 1400.0 485.0 1.0 61.0 1.0
Point 62 1400.0 487.0 1.0 62.0 1.0
Point 63 1402.0 486.0 1.0 63.0 1.0
Point 64 1402.0 486.0 1.0 64.0 1.0
Point 65 1401.0 488.0 1.0 65.0 1.0
Point 66 1405.0 488.0 1.0 66.0 1.0
Point 67 1405.0 488.0 1.0 67.0 1.0
Point 68 1403.0 487.0 1.0 68.0 1.0
Point 69 1403.0 487.0 1.0 69.0 1.0
Point 70 1405.0 486.0 1.0 70.0 1.0
Point 71 1402.0 486.0 1.0 71.0 1.0
Point 72 1403.0 485.0 1.0 72.0 1.0
Point 73 1402.0 483.0 1.0 73.0 1.0
Point 74 1399.0 479.0 1.0 74.0 1.0
Point 75 1400.0 479.0 1.0 75.0 1.0
Point 76 1399.0 478.0 1.0 76.0 1.0
Point 77 1400.0 477.0 1.0 77.0 1.0
Point 78 1402.0 477.0 1.0 78.0 1.0
Point 79 1401.0 483.0 1.0 79.0 1.0
Point 80 1402.0 482.0 1.0 80.0 1.0
Point 81 1401.0 485.0 1.0 81.0 1.0
Point 82 1400.0 487.0 1.0 82.0 1.0
Point 83 1400.0 487.0 1.0 83.0 1.0
Point 84 1399.0 488.0 1.0 84.0 1.0
Point 85 1399.0 488.0 1.0 85.0 1.0
Point 86 1399.0 488.0 1.0 86.0 1.0
Point 87 1399.0 489.0 1.0 87.0 1.0
Point 88 1399.0 489.0 1.0 88.0 1.0
Point 89 1399.0 490.0 1.0 89.0 1.0
Point 90 1401.0 489.0 1.0 90.0 1.0
Point 91 1400.0 489.0 1.0 91.0 1.0
Point 92 1400.0 489.0 1.0 92.0 1.0
Point 93 1399.0 491.0 1.0 93.0 1.0
Point 94 1400.0 490.0 1.0 94.0 1.0
Point 95 1399.0 490.0 1.0 95.0 1.0
Point 96 1399.0 490.0 1.0 96.0 1.0
Point 97 1399.0 491.0 1.0 97.0 1.0
Point 98 1399.0 491.0 1.0 98.0 1.0
Point 99 1400.0 491.0 1.0 99.0 1.0
Point 100 1400.0 492.0 1.0 100.0 1.0
Point 101 1400.0 492.0 1.0 101.0 1.0
Point 241 1399.0 496.0 1.0 102.0 1.0
Point 242 1400.0 495.0 1.0 103.0 1.0
Point 243 1399.0 496.0 1.0 104.0 1.0
Point 244 1400.0 495.0 1.0 105.0 1.0
Point 245 1400.0 496.0 1.0 106.0 1.0
Point 246 1400.0 494.0 1.0 107.0 1.0
Point 247 1399.0 495.0 1.0 108.0 1.0
Point 248 1399.0 494.0 1.0 109.0 1.0
Point 249 1400.0 493.0 1.0 110.0 1.0
Point 250 1400.0 494.0 1.0 111.0 1.0
Point 251 1398.0 496.0 1.0 112.0 1.0
Point 252 1399.0 494.0 1.0 113.0 1.0
Point 253 1398.0 494.0 1.0 114.0 1.0
Point 254 1398.0 492.0 1.0 115.0 1.0
Point 255 1397.0 493.0 1.0 116.0 1.0
Point 256 1397.0 493.0 1.0 117.0 1.0
Point 257 1398.0 493.0 1.0 118.0 1.0
Point 258 1397.0 495.0 1.0 119.0 1.0
Point 259 1398.0 495.0 1.0 120.0 1.0
Point 260 1398.0 495.0 1.0 121.0 1.0
Point 261 1398.0 495.0 1.0 122.0 1.0
Point 123 1396.0 493.0 1.0 123.0 1.0
Point 124 1396.0 493.0 1.0 124.0 1.0
Point 125 1392.0 492.0 1.0 125.0 1.0
Point 126 1389.0 495.0 1.0 126.0 1.0
Point 127 1384.0 495.0 1.0 127.0 1.0
Point 128 1388.0 494.0 1.0 128.0 1.0
Point 129 1386.0 496.0 1.0 129.0 1.0
Point 130 1386.0 497.0 1.0 130.0 1.0
Point 131 1388.0 497.0 1.0 131.0 1.0
Point 132 1388.0 497.0 1.0 132.0 1.0
Point 133 1388.0 497.0 1.0 133.0 1.0
Point 134 1385.0 497.0 1.0 134.0 1.0
Point 135 1384.0 498.0 1.0 135.0 1.0
Point 136 1386.0 497.0 1.0 136.0 1.0
Point 137 1386.0 498.0 1.0 137.0 1.0
Point 138 1385.0 498.0 1.0 138.0 1.0
Point 139 1385.0 497.0 1.0 139.0 1.0
Point 140 1384.0 497.0 1.0 140.0 1.0
Point 141 1383.0 497.0 1.0 141.0 1.0
Point 142 1383.0 498.0 1.0 142.0 1.0
Point 143 1384.0 498.0 1.0 143.0 1.0
Point 144 1384.0 497.0 1.0 144.0 1.0
Point 145 1384.0 497.0 1.0 145.0 1.0
Point 146 1385.0 496.0 1.0 146.0 1.0
Point 147 1385.0 496.0 1.0 147.0 1.0
Point 148 1386.0 496.0 1.0 148.0 1.0
Point 149 1383.0 496.0 1.0 149.0 1.0
Point 150 1383.0 497.0 1.0 150.0 1.0
Point 151 1383.0 496.0 1.0 151.0 1.0
Point 152 1383.0 495.0 1.0 152.0 1.0
Point 153 1383.0 495.0 1.0 153.0 1.0
Point 154 1390.0 495.0 1.0 154.0 1.0
Point 155 1390.0 498.0 1.0 155.0 1.0
Point 156 1386.0 498.0 1.0 156.0 1.0
Point 157 1386.0 497.0 1.0 157.0 1.0
Point 158 1385.0 497.0 1.0 158.0 1.0
Point 159 1385.0 498.0 1.0 159.0 1.0
Point 160 1385.0 500.0 1.0 160.0 1.0
Point 161 1386.0 498.0 1.0 161.0 1.0
Point 162 1386.0 498.0 1.0 162.0 1.0
Point 163 1386.0 499.0 1.0 163.0 1.0
Point 164 1386.0 499.0 1.0 164.0 1.0
Point 165 1384.0 499.0 1.0 165.0 1.0
Point 166 1385.0 499.0 1.0 166.0 1.0
Point 167 1384.0 499.0 1.0 167.0 1.0
Point 168 1384.0 499.0 1.0 168.0 1.0
Point 169 1382.0 499.0 1.0 169.0 1.0
Point 170 1383.0 499.0 1.0 170.0 1.0
Point 171 1382.0 499.0 1.0 171.0 1.0
Point 172 1383.0 499.0 1.0 172.0 1.0
Point 173 1383.0 499.0 1.0 173.0 1.0
Point 174 1383.0 500.0 1.0 174.0 1.0
Point 175 1383.0 500.0 1.0 175.0 1.0
Point 176 1384.0 500.0 1.0 176.0 1.0
Point 177 1385.0 500.0 1.0 177.0 1.0
Point 178 1383.0 499.0 1.0 178.0 1.0
Point 179 1380.0 499.0 1.0 179.0 1.0
Point 180 1380.0 501.0 1.0 180.0 1.0
Point 181 1379.0 502.0 1.0 181.0 1.0
Point 182 1377.0 504.0 1.0 182.0 1.0
Point 183 1376.0 506.0 1.0 183.0 1.0
Point 184 1375.0 506.0 1.0 184.0 1.0
Point 185 1371.0 511.0 1.0 185.0 1.0
Point 186 1369.0 514.0 1.0 186.0 1.0
Point 187 1369.0 512.0 1.0 187.0 1.0
Point 188 1365.0 518.0 1.0 188.0 1.0
Point 189 1368.0 516.0 1.0 189.0 1.0
Point 190 1370.0 513.0 1.0 190.0 1.0
Point 191 1370.0 512.0 1.0 191.0 1.0
Point 192 1368.0 511.0 1.0 192.0 1.0
Point 193 1363.0 513.0 1.0 193.0 1.0
Point 194 1364.0 513.0 1.0 194.0 1.0
Point 195 1364.0 513.0 1.0 195.0 1.0
Point 196 1365.0 513.0 1.0 196.0 1.0
Point 197 1366.0 512.0 1.0 197.0 1.0
Point 198 1366.0 511.0 1.0 198.0 1.0
Point 199 1365.0 512.0 1.0 199.0 1.0
Point 200 1365.0 505.0 1.0 200.0 1.0
Point 201 1364.0 502.0 1.0 201.0 1.0
Point 202 1364.0 503.0 1.0 202.0 1.0
Point 203 1366.0 501.0 1.0 203.0 1.0
Point 204 1364.0 505.0 1.0 204.0 1.0
Point 205 1364.0 505.0 1.0 205.0 1.0
Point 206 1363.0 506.0 1.0 206.0 1.0
Point 207 1365.0 506.0 1.0 207.0 1.0
Point 208 1365.0 507.0 1.0 208.0 1.0
Point 209 1366.0 506.0 1.0 209.0 1.0
Point 210 1366.0 506.0 1.0 210.0 1.0
Point 211 1365.0 507.0 1.0 211.0 1.0
Point 212 1366.0 507.0 1.0 212.0 1.0
Point 213 1366.0 508.0 1.0 213.0 1.0
Point 214 1365.0 510.0 1.0 214.0 1.0
Point 215 1366.0 512.0 1.0 215.0 1.0
Point 216 1365.0 513.0 1.0 216.0 1.0
Point 217 1367.0 511.0 1.0 217.0 1.0
Point 218 1367.0 511.0 1.0 218.0 1.0
Point 219 1368.0 510.0 1.0 219.0 1.0
Point 220 1368.0 510.0 1.0 220.0 1.0
Point 221 1367.0 510.0 1.0 221.0 1.0
Point 222 1366.0 510.0 1.0 222.0 1.0
Point 223 1366.0 510.0 1.0 223.0 1.0
Point 224 1366.0 510.0 1.0 224.0 1.0
Point 225 1367.0 509.0 1.0 225.0 1.0
Point 226 1368.0 508.0 1.0 226.0 1.0
Point 227 1367.0 507.0 1.0 227.0 1.0
Point 228 1367.0 506.0 1.0 228.0 1.0
Point 229 1367.0 506.0 1.0 229.0 1.0
Point 230 1369.0 505.0 1.0 230.0 1.0
Point 231 1369.0 506.0 1.0 231.0 1.0
Point 232 1369.0 506.0 1.0 232.0 1.0
Point 233 1369.0 506.0 1.0 233.0 1.0
Point 234 1368.0 508.0 1.0 234.0 1.0
Point 235 1368.0 507.0 1.0 235.0 1.0
Point 236 1368.0 505.0 1.0 236.0 1.0
Point 237 1369.0 502.0 1.0 237.0 1.0
Point 238 1365.0 502.0 1.0 238.0 1.0
Point 239 1364.0 503.0 1.0 239.0 1.0
Point 240 1364.0 502.0 1.0 240.0 1.0
End of MTrackJ Data File
