MTrackJ 1.5.1 Data File
Displaying false true true 1 0 0 0 100 16 0 0 0 0 1 0 1 false false true false
Assembly 1 FF0000
Cluster 1 FF0000
Track 1 FF0000 true
Point 1 1378.0 551.0 1.0 1.0 1.0
Point 2 1378.0 551.0 1.0 2.0 1.0
Point 3 1382.0 542.0 1.0 3.0 1.0
Point 4 1384.0 539.0 1.0 4.0 1.0
Point 5 1379.0 538.0 1.0 5.0 1.0
Point 6 1383.0 535.0 1.0 6.0 1.0
Point 7 1388.0 543.0 1.0 7.0 1.0
Point 8 1407.0 554.0 1.0 8.0 1.0
Point 9 1412.0 549.0 1.0 9.0 1.0
Point 10 1403.0 546.0 1.0 10.0 1.0
Point 11 1390.0 528.0 1.0 11.0 1.0
Point 12 1387.0 532.0 1.0 12.0 1.0
Point 13 1385.0 533.0 1.0 13.0 1.0
Point 14 1390.0 535.0 1.0 14.0 1.0
Point 15 1390.0 529.0 1.0 15.0 1.0
Point 16 1391.0 532.0 1.0 16.0 1.0
Point 17 1384.0 528.0 1.0 17.0 1.0
Point 18 1390.0 528.0 1.0 18.0 1.0
Point 19 1397.0 529.0 1.0 19.0 1.0
Point 20 1400.0 525.0 1.0 20.0 1.0
Point 21 1392.0 522.0 1.0 21.0 1.0
Point 22 1391.0 525.0 1.0 22.0 1.0
Point 23 1390.0 524.0 1.0 23.0 1.0
Point 24 1389.0 520.0 1.0 24.0 1.0
Point 25 1389.0 520.0 1.0 25.0 1.0
Point 26 1393.0 518.0 1.0 26.0 1.0
Point 27 1388.0 516.0 1.0 27.0 1.0
Point 28 1392.0 513.0 1.0 28.0 1.0
Point 29 1395.0 507.0 1.0 29.0 1.0
Point 30 1390.0 503.0 1.0 30.0 1.0
Point 31 1391.0 499.0 1.0 31.0 1.0
Point 32 1394.0 507.0 1.0 32.0 1.0
Point 33 1394.0 511.0 1.0 33.0 1.0
Point 34 1391.0 508.0 1.0 34.0 1.0
Point 35 1394.0 507.0 1.0 35.0 1.0
Point 36 1387.0 501.0 1.0 36.0 1.0
Point 37 1384.0 500.0 1.0 37.0 1.0
Point 38 1388.0 503.0 1.0 38.0 1.0
Point 39 1392.0 511.0 1.0 39.0 1.0
Point 40 1389.0 507.0 1.0 40.0 1.0
Point 41 1391.0 504.0 1.0 41.0 1.0
Point 42 1395.0 506.0 1.0 42.0 1.0
Point 43 1394.0 500.0 1.0 43.0 1.0
Point 44 1391.0 503.0 1.0 44.0 1.0
Point 45 1389.0 505.0 1.0 45.0 1.0
Point 46 1385.0 493.0 1.0 46.0 1.0
Point 47 1387.0 493.0 1.0 47.0 1.0
Point 48 1377.0 513.0 1.0 48.0 1.0
Point 49 1385.0 478.0 1.0 49.0 1.0
Point 50 1382.0 494.0 1.0 50.0 1.0
Point 51 1383.0 498.0 1.0 51.0 1.0
Point 52 1383.0 482.0 1.0 52.0 1.0
Point 53 1384.0 478.0 1.0 53.0 1.0
Point 54 1384.0 462.0 1.0 54.0 1.0
Point 55 1382.0 462.0 1.0 55.0 1.0
Point 56 1378.0 471.0 1.0 56.0 1.0
Point 57 1378.0 464.0 1.0 57.0 1.0
Point 58 1384.0 473.0 1.0 58.0 1.0
Point 59 1383.0 467.0 1.0 59.0 1.0
Point 60 1383.0 475.0 1.0 60.0 1.0
Point 61 1383.0 473.0 1.0 61.0 1.0
Point 62 1392.0 479.0 1.0 62.0 1.0
Point 63 1396.0 486.0 1.0 63.0 1.0
Point 64 1388.0 488.0 1.0 64.0 1.0
Point 65 1392.0 483.0 1.0 65.0 1.0
Point 66 1390.0 489.0 1.0 66.0 1.0
Point 67 1390.0 477.0 1.0 67.0 1.0
Point 68 1393.0 479.0 1.0 68.0 1.0
Point 69 1391.0 476.0 1.0 69.0 1.0
Point 70 1391.0 470.0 1.0 70.0 1.0
Point 71 1389.0 466.0 1.0 71.0 1.0
Point 72 1390.0 466.0 1.0 72.0 1.0
Point 73 1387.0 452.0 1.0 73.0 1.0
Point 74 1384.0 448.0 1.0 74.0 1.0
Point 75 1386.0 455.0 1.0 75.0 1.0
Point 76 1393.0 460.0 1.0 76.0 1.0
Point 77 1394.0 472.0 1.0 77.0 1.0
Point 78 1390.0 468.0 1.0 78.0 1.0
Point 79 1391.0 473.0 1.0 79.0 1.0
Point 80 1387.0 491.0 1.0 80.0 1.0
Point 81 1387.0 511.0 1.0 81.0 1.0
Point 82 1383.0 512.0 1.0 82.0 1.0
Point 83 1395.0 513.0 1.0 83.0 1.0
Point 84 1370.0 503.0 1.0 84.0 1.0
Point 85 1386.0 509.0 1.0 85.0 1.0
Point 86 1402.0 515.0 1.0 86.0 1.0
Point 87 1401.0 514.0 1.0 87.0 1.0
Point 88 1396.0 511.0 1.0 88.0 1.0
Point 89 1390.0 508.0 1.0 89.0 1.0
Point 90 1392.0 508.0 1.0 90.0 1.0
Point 91 1386.0 507.0 1.0 91.0 1.0
Point 92 1384.0 499.0 1.0 92.0 1.0
Point 93 1387.0 507.0 1.0 93.0 1.0
Point 94 1384.0 505.0 1.0 94.0 1.0
Point 95 1399.0 512.0 1.0 95.0 1.0
Point 96 1390.0 506.0 1.0 96.0 1.0
Point 97 1392.0 509.0 1.0 97.0 1.0
Point 98 1386.0 497.0 1.0 98.0 1.0
Point 99 1385.0 491.0 1.0 99.0 1.0
Point 100 1387.0 492.0 1.0 100.0 1.0
Point 101 1388.0 497.0 1.0 101.0 1.0
Point 102 1389.0 498.0 1.0 102.0 1.0
Point 103 1383.0 493.0 1.0 103.0 1.0
Point 104 1385.0 491.0 1.0 104.0 1.0
Point 105 1384.0 492.0 1.0 105.0 1.0
Point 106 1378.0 493.0 1.0 106.0 1.0
Point 107 1387.0 496.0 1.0 107.0 1.0
Point 108 1385.0 495.0 1.0 108.0 1.0
Point 109 1385.0 496.0 1.0 109.0 1.0
Point 110 1390.0 492.0 1.0 110.0 1.0
Point 111 1385.0 495.0 1.0 111.0 1.0
Point 112 1386.0 494.0 1.0 112.0 1.0
Point 113 1381.0 495.0 1.0 113.0 1.0
Point 114 1384.0 500.0 1.0 114.0 1.0
Point 115 1384.0 502.0 1.0 115.0 1.0
Point 116 1383.0 501.0 1.0 116.0 1.0
Point 117 1381.0 500.0 1.0 117.0 1.0
Point 118 1372.0 509.0 1.0 118.0 1.0
Point 119 1371.0 518.0 1.0 119.0 1.0
Point 120 1370.0 505.0 1.0 120.0 1.0
Point 121 1372.0 513.0 1.0 121.0 1.0
Point 122 1368.0 501.0 1.0 122.0 1.0
Point 123 1360.0 494.0 1.0 123.0 1.0
Point 124 1351.0 488.0 1.0 124.0 1.0
Point 125 1348.0 489.0 1.0 125.0 1.0
Point 126 1344.0 490.0 1.0 126.0 1.0
Point 127 1355.0 493.0 1.0 127.0 1.0
Point 128 1353.0 491.0 1.0 128.0 1.0
Point 129 1351.0 489.0 1.0 129.0 1.0
Point 130 1359.0 496.0 1.0 130.0 1.0
Point 131 1361.0 497.0 1.0 131.0 1.0
Point 132 1365.0 492.0 1.0 132.0 1.0
Point 133 1364.0 492.0 1.0 133.0 1.0
Point 134 1363.0 493.0 1.0 134.0 1.0
Point 135 1368.0 490.0 1.0 135.0 1.0
Point 136 1365.0 494.0 1.0 136.0 1.0
Point 137 1368.0 492.0 1.0 137.0 1.0
Point 138 1367.0 489.0 1.0 138.0 1.0
Point 139 1377.0 484.0 1.0 139.0 1.0
Point 140 1372.0 497.0 1.0 140.0 1.0
Point 141 1388.0 507.0 1.0 141.0 1.0
Point 142 1383.0 500.0 1.0 142.0 1.0
Point 143 1393.0 509.0 1.0 143.0 1.0
Point 144 1389.0 513.0 1.0 144.0 1.0
Point 145 1385.0 509.0 1.0 145.0 1.0
Point 146 1392.0 515.0 1.0 146.0 1.0
Point 147 1412.0 543.0 1.0 147.0 1.0
Point 148 1414.0 545.0 1.0 148.0 1.0
Point 149 1410.0 540.0 1.0 149.0 1.0
Point 150 1400.0 525.0 1.0 150.0 1.0
Point 151 1395.0 516.0 1.0 151.0 1.0
Point 152 1394.0 512.0 1.0 152.0 1.0
Point 153 1395.0 504.0 1.0 153.0 1.0
Point 154 1394.0 500.0 1.0 154.0 1.0
Point 155 1393.0 499.0 1.0 155.0 1.0
Point 156 1394.0 496.0 1.0 156.0 1.0
Point 157 1390.0 495.0 1.0 157.0 1.0
Point 158 1392.0 492.0 1.0 158.0 1.0
Point 159 1392.0 494.0 1.0 159.0 1.0
Point 160 1389.0 490.0 1.0 160.0 1.0
Point 161 1391.0 502.0 1.0 161.0 1.0
Point 162 1387.0 498.0 1.0 162.0 1.0
Point 163 1390.0 500.0 1.0 163.0 1.0
Point 164 1391.0 502.0 1.0 164.0 1.0
Point 165 1393.0 508.0 1.0 165.0 1.0
Point 166 1389.0 508.0 1.0 166.0 1.0
Point 167 1388.0 511.0 1.0 167.0 1.0
Point 168 1386.0 511.0 1.0 168.0 1.0
Point 169 1383.0 513.0 1.0 169.0 1.0
Point 170 1382.0 505.0 1.0 170.0 1.0
Point 171 1384.0 507.0 1.0 171.0 1.0
Point 172 1384.0 509.0 1.0 172.0 1.0
Point 173 1382.0 506.0 1.0 173.0 1.0
Point 174 1380.0 506.0 1.0 174.0 1.0
Point 175 1383.0 513.0 1.0 175.0 1.0
Point 176 1383.0 511.0 1.0 176.0 1.0
Point 177 1379.0 514.0 1.0 177.0 1.0
Point 178 1375.0 523.0 1.0 178.0 1.0
Point 179 1372.0 529.0 1.0 179.0 1.0
Point 180 1369.0 537.0 1.0 180.0 1.0
Point 181 1369.0 548.0 1.0 181.0 1.0
Point 182 1366.0 554.0 1.0 182.0 1.0
Point 183 1362.0 542.0 1.0 183.0 1.0
Point 184 1349.0 568.0 1.0 184.0 1.0
Point 185 1346.0 580.0 1.0 185.0 1.0
Point 186 1349.0 571.0 1.0 186.0 1.0
Point 187 1354.0 554.0 1.0 187.0 1.0
Point 188 1354.0 540.0 1.0 188.0 1.0
Point 189 1360.0 538.0 1.0 189.0 1.0
Point 190 1359.0 527.0 1.0 190.0 1.0
Point 191 1374.0 520.0 1.0 191.0 1.0
Point 192 1370.0 517.0 1.0 192.0 1.0
Point 193 1373.0 512.0 1.0 193.0 1.0
Point 194 1371.0 516.0 1.0 194.0 1.0
Point 195 1370.0 520.0 1.0 195.0 1.0
Point 196 1374.0 518.0 1.0 196.0 1.0
Point 197 1365.0 507.0 1.0 197.0 1.0
Point 198 1364.0 500.0 1.0 198.0 1.0
Point 199 1352.0 475.0 1.0 199.0 1.0
Point 200 1331.0 445.0 1.0 200.0 1.0
Point 201 1339.0 451.0 1.0 201.0 1.0
Point 202 1353.0 471.0 1.0 202.0 1.0
Point 203 1355.0 488.0 1.0 203.0 1.0
Point 204 1359.0 487.0 1.0 204.0 1.0
Point 205 1362.0 486.0 1.0 205.0 1.0
Point 206 1365.0 491.0 1.0 206.0 1.0
Point 207 1380.0 494.0 1.0 207.0 1.0
Point 208 1391.0 500.0 1.0 208.0 1.0
Point 209 1403.0 502.0 1.0 209.0 1.0
Point 210 1393.0 507.0 1.0 210.0 1.0
Point 211 1395.0 505.0 1.0 211.0 1.0
Point 212 1405.0 503.0 1.0 212.0 1.0
Point 213 1394.0 501.0 1.0 213.0 1.0
Point 214 1378.0 497.0 1.0 214.0 1.0
Point 215 1374.0 504.0 1.0 215.0 1.0
Point 216 1381.0 498.0 1.0 216.0 1.0
Point 217 1375.0 503.0 1.0 217.0 1.0
Point 218 1377.0 504.0 1.0 218.0 1.0
Point 219 1373.0 509.0 1.0 219.0 1.0
Point 220 1368.0 506.0 1.0 220.0 1.0
Point 221 1362.0 504.0 1.0 221.0 1.0
Point 222 1363.0 499.0 1.0 222.0 1.0
Point 223 1361.0 500.0 1.0 223.0 1.0
Point 224 1364.0 498.0 1.0 224.0 1.0
Point 225 1362.0 501.0 1.0 225.0 1.0
Point 226 1358.0 495.0 1.0 226.0 1.0
Point 227 1361.0 498.0 1.0 227.0 1.0
Point 228 1360.0 499.0 1.0 228.0 1.0
Point 229 1363.0 499.0 1.0 229.0 1.0
Point 230 1361.0 494.0 1.0 230.0 1.0
Point 231 1358.0 501.0 1.0 231.0 1.0
Point 232 1357.0 494.0 1.0 232.0 1.0
Point 233 1357.0 492.0 1.0 233.0 1.0
Point 234 1357.0 492.0 1.0 234.0 1.0
Point 235 1355.0 493.0 1.0 235.0 1.0
Point 237 1360.0 493.0 1.0 236.0 1.0
Point 238 1360.0 492.0 1.0 237.0 1.0
Point 239 1357.0 501.0 1.0 238.0 1.0
Point 240 1356.0 501.0 1.0 239.0 1.0
Point 241 1354.0 504.0 1.0 240.0 1.0
End of MTrackJ Data File
