MTrackJ 1.5.1 Data File
Displaying false true true 1 0 0 0 100 16 0 0 0 0 1 0 1 false false true false
Assembly 1 FF0000
Cluster 1 FF0000
Track 1 FF0000 true
Point 1 1164.0 876.0 1.0 1.0 1.0
Point 2 1155.0 871.0 1.0 2.0 1.0
Point 3 1147.0 866.0 1.0 3.0 1.0
Point 4 1148.0 862.0 1.0 4.0 1.0
Point 5 1156.0 858.0 1.0 5.0 1.0
Point 6 1162.0 853.0 1.0 6.0 1.0
Point 7 1171.0 848.0 1.0 7.0 1.0
Point 8 1184.0 845.0 1.0 8.0 1.0
Point 9 1192.0 835.0 1.0 9.0 1.0
Point 10 1199.0 822.0 1.0 10.0 1.0
Point 11 1202.0 812.0 1.0 11.0 1.0
Point 12 1204.0 802.0 1.0 12.0 1.0
Point 13 1200.0 780.0 1.0 13.0 1.0
Point 14 1205.0 774.0 1.0 14.0 1.0
Point 15 1206.0 777.0 1.0 15.0 1.0
Point 16 1207.0 776.0 1.0 16.0 1.0
Point 17 1212.0 774.0 1.0 17.0 1.0
Point 18 1211.0 771.0 1.0 18.0 1.0
Point 19 1208.0 769.0 1.0 19.0 1.0
Point 20 1209.0 773.0 1.0 20.0 1.0
Point 21 1203.0 773.0 1.0 21.0 1.0
Point 22 1178.0 748.0 1.0 22.0 1.0
Point 23 1158.0 726.0 1.0 23.0 1.0
Point 24 1154.0 719.0 1.0 24.0 1.0
Point 25 1146.0 707.0 1.0 25.0 1.0
Point 26 1123.0 683.0 1.0 26.0 1.0
Point 28 1091.0 666.0 1.0 27.0 1.0
Point 29 1090.0 665.0 1.0 28.0 1.0
Point 30 1093.0 668.0 1.0 29.0 1.0
Point 31 1089.0 667.0 1.0 30.0 1.0
Point 32 1106.0 678.0 1.0 31.0 1.0
Point 33 1114.0 684.0 1.0 32.0 1.0
Point 34 1119.0 686.0 1.0 33.0 1.0
Point 35 1124.0 681.0 1.0 34.0 1.0
Point 36 1119.0 676.0 1.0 35.0 1.0
Point 37 1116.0 675.0 1.0 36.0 1.0
Point 38 1117.0 670.0 1.0 37.0 1.0
Point 39 1130.0 670.0 1.0 38.0 1.0
Point 40 1138.0 672.0 1.0 39.0 1.0
Point 41 1133.0 666.0 1.0 40.0 1.0
Point 42 1141.0 663.0 1.0 41.0 1.0
Point 43 1145.0 664.0 1.0 42.0 1.0
Point 44 1144.0 655.0 1.0 43.0 1.0
Point 45 1138.0 650.0 1.0 44.0 1.0
Point 46 1126.0 644.0 1.0 45.0 1.0
Point 47 1122.0 640.0 1.0 46.0 1.0
Point 48 1125.0 639.0 1.0 47.0 1.0
Point 49 1128.0 633.0 1.0 48.0 1.0
Point 50 1141.0 645.0 1.0 49.0 1.0
Point 51 1140.0 647.0 1.0 50.0 1.0
Point 52 1152.0 650.0 1.0 51.0 1.0
Point 53 1149.0 645.0 1.0 52.0 1.0
Point 54 1145.0 644.0 1.0 53.0 1.0
Point 55 1139.0 639.0 1.0 54.0 1.0
Point 56 1137.0 637.0 1.0 55.0 1.0
Point 57 1118.0 630.0 1.0 56.0 1.0
Point 58 1124.0 625.0 1.0 57.0 1.0
Point 59 1125.0 624.0 1.0 58.0 1.0
Point 60 1117.0 619.0 1.0 59.0 1.0
Point 61 1113.0 620.0 1.0 60.0 1.0
Point 62 1109.0 616.0 1.0 61.0 1.0
Point 63 1104.0 613.0 1.0 62.0 1.0
Point 64 1102.0 607.0 1.0 63.0 1.0
Point 65 1098.0 608.0 1.0 64.0 1.0
Point 66 1103.0 604.0 1.0 65.0 1.0
Point 67 1112.0 612.0 1.0 66.0 1.0
Point 68 1107.0 609.0 1.0 67.0 1.0
Point 69 1103.0 604.0 1.0 68.0 1.0
Point 70 1096.0 602.0 1.0 69.0 1.0
Point 71 1103.0 605.0 1.0 70.0 1.0
Point 72 1101.0 602.0 1.0 71.0 1.0
Point 73 1094.0 599.0 1.0 72.0 1.0
Point 74 1081.0 596.0 1.0 73.0 1.0
Point 75 1090.0 601.0 1.0 74.0 1.0
Point 76 1084.0 592.0 1.0 75.0 1.0
Point 77 1084.0 588.0 1.0 76.0 1.0
Point 78 1098.0 599.0 1.0 77.0 1.0
Point 79 1101.0 602.0 1.0 78.0 1.0
Point 80 1099.0 600.0 1.0 79.0 1.0
Point 81 1097.0 600.0 1.0 80.0 1.0
Point 82 1092.0 597.0 1.0 81.0 1.0
Point 83 1091.0 594.0 1.0 82.0 1.0
Point 84 1100.0 596.0 1.0 83.0 1.0
Point 85 1101.0 601.0 1.0 84.0 1.0
Point 86 1092.0 597.0 1.0 85.0 1.0
Point 87 1095.0 597.0 1.0 86.0 1.0
Point 88 1097.0 595.0 1.0 87.0 1.0
Point 89 1094.0 595.0 1.0 88.0 1.0
Point 90 1112.0 606.0 1.0 89.0 1.0
Point 91 1156.0 644.0 1.0 90.0 1.0
Point 92 1195.0 675.0 1.0 91.0 1.0
Point 93 1207.0 693.0 1.0 92.0 1.0
Point 94 1211.0 710.0 1.0 93.0 1.0
Point 95 1224.0 714.0 1.0 94.0 1.0
Point 96 1233.0 718.0 1.0 95.0 1.0
Point 97 1231.0 720.0 1.0 96.0 1.0
Point 98 1229.0 723.0 1.0 97.0 1.0
Point 99 1228.0 713.0 1.0 98.0 1.0
Point 100 1230.0 705.0 1.0 99.0 1.0
Point 101 1235.0 703.0 1.0 100.0 1.0
Point 102 1234.0 700.0 1.0 101.0 1.0
Point 103 1236.0 703.0 1.0 102.0 1.0
Point 104 1234.0 701.0 1.0 103.0 1.0
Point 105 1230.0 697.0 1.0 104.0 1.0
Point 106 1238.0 696.0 1.0 105.0 1.0
Point 107 1233.0 695.0 1.0 106.0 1.0
Point 108 1229.0 693.0 1.0 107.0 1.0
Point 109 1230.0 691.0 1.0 108.0 1.0
Point 110 1231.0 693.0 1.0 109.0 1.0
Point 111 1228.0 693.0 1.0 110.0 1.0
Point 112 1226.0 692.0 1.0 111.0 1.0
Point 113 1228.0 691.0 1.0 112.0 1.0
Point 114 1230.0 688.0 1.0 113.0 1.0
Point 115 1228.0 686.0 1.0 114.0 1.0
Point 116 1225.0 685.0 1.0 115.0 1.0
Point 117 1233.0 689.0 1.0 116.0 1.0
Point 118 1228.0 688.0 1.0 117.0 1.0
Point 119 1216.0 682.0 1.0 118.0 1.0
Point 120 1196.0 678.0 1.0 119.0 1.0
Point 121 1136.0 679.0 1.0 120.0 1.0
Point 122 1123.0 678.0 1.0 121.0 1.0
Point 123 1129.0 676.0 1.0 122.0 1.0
Point 124 1128.0 675.0 1.0 123.0 1.0
Point 125 1136.0 674.0 1.0 124.0 1.0
Point 126 1133.0 672.0 1.0 125.0 1.0
Point 127 1131.0 672.0 1.0 126.0 1.0
Point 128 1135.0 671.0 1.0 127.0 1.0
Point 129 1148.0 666.0 1.0 128.0 1.0
Point 130 1156.0 659.0 1.0 129.0 1.0
Point 131 1165.0 663.0 1.0 130.0 1.0
Point 132 1162.0 664.0 1.0 131.0 1.0
Point 133 1168.0 664.0 1.0 132.0 1.0
Point 134 1172.0 661.0 1.0 133.0 1.0
Point 135 1178.0 660.0 1.0 134.0 1.0
Point 136 1181.0 664.0 1.0 135.0 1.0
Point 137 1179.0 642.0 1.0 136.0 1.0
Point 138 1189.0 647.0 1.0 137.0 1.0
Point 139 1189.0 644.0 1.0 138.0 1.0
Point 140 1182.0 636.0 1.0 139.0 1.0
Point 141 1176.0 628.0 1.0 140.0 1.0
Point 142 1174.0 628.0 1.0 141.0 1.0
Point 143 1184.0 633.0 1.0 142.0 1.0
Point 144 1183.0 626.0 1.0 143.0 1.0
Point 145 1173.0 616.0 1.0 144.0 1.0
Point 146 1176.0 612.0 1.0 145.0 1.0
Point 147 1176.0 614.0 1.0 146.0 1.0
Point 148 1175.0 615.0 1.0 147.0 1.0
Point 149 1168.0 600.0 1.0 148.0 1.0
Point 150 1161.0 575.0 1.0 149.0 1.0
Point 151 1157.0 554.0 1.0 150.0 1.0
Point 152 1159.0 546.0 1.0 151.0 1.0
Point 153 1153.0 540.0 1.0 152.0 1.0
Point 154 1149.0 536.0 1.0 153.0 1.0
Point 155 1152.0 535.0 1.0 154.0 1.0
Point 156 1155.0 535.0 1.0 155.0 1.0
Point 157 1155.0 538.0 1.0 156.0 1.0
Point 158 1156.0 540.0 1.0 157.0 1.0
Point 161 1157.0 546.0 1.0 158.0 1.0
Point 162 1151.0 549.0 1.0 159.0 1.0
Point 163 1146.0 554.0 1.0 160.0 1.0
Point 164 1142.0 561.0 1.0 161.0 1.0
Point 165 1129.0 570.0 1.0 162.0 1.0
Point 166 1117.0 577.0 1.0 163.0 1.0
Point 167 1121.0 591.0 1.0 164.0 1.0
Point 168 1117.0 594.0 1.0 165.0 1.0
Point 169 1117.0 596.0 1.0 166.0 1.0
Point 170 1113.0 584.0 1.0 167.0 1.0
Point 171 1110.0 584.0 1.0 168.0 1.0
Point 172 1116.0 589.0 1.0 169.0 1.0
Point 173 1089.0 585.0 1.0 170.0 1.0
Point 174 1089.0 586.0 1.0 171.0 1.0
Point 175 1107.0 586.0 1.0 172.0 1.0
Point 176 1108.0 584.0 1.0 173.0 1.0
Point 177 1094.0 582.0 1.0 174.0 1.0
Point 178 1091.0 579.0 1.0 175.0 1.0
Point 179 1086.0 578.0 1.0 176.0 1.0
Point 180 1097.0 575.0 1.0 177.0 1.0
Point 181 1099.0 574.0 1.0 178.0 1.0
Point 182 1105.0 571.0 1.0 179.0 1.0
Point 183 1097.0 572.0 1.0 180.0 1.0
Point 184 1087.0 574.0 1.0 181.0 1.0
Point 185 1099.0 568.0 1.0 182.0 1.0
Point 186 1095.0 569.0 1.0 183.0 1.0
Point 187 1103.0 566.0 1.0 184.0 1.0
Point 188 1101.0 567.0 1.0 185.0 1.0
Point 189 1097.0 564.0 1.0 186.0 1.0
Point 190 1102.0 563.0 1.0 187.0 1.0
Point 191 1103.0 562.0 1.0 188.0 1.0
Point 192 1101.0 562.0 1.0 189.0 1.0
Point 193 1104.0 562.0 1.0 190.0 1.0
Point 194 1091.0 561.0 1.0 191.0 1.0
Point 195 1095.0 558.0 1.0 192.0 1.0
Point 196 1087.0 570.0 1.0 193.0 1.0
Point 197 1084.0 565.0 1.0 194.0 1.0
Point 198 1086.0 570.0 1.0 195.0 1.0
Point 199 1089.0 574.0 1.0 196.0 1.0
Point 200 1086.0 590.0 1.0 197.0 1.0
Point 201 1086.0 597.0 1.0 198.0 1.0
Point 202 1085.0 610.0 1.0 199.0 1.0
Point 203 1080.0 625.0 1.0 200.0 1.0
Point 204 1079.0 637.0 1.0 201.0 1.0
Point 205 1083.0 628.0 1.0 202.0 1.0
Point 206 1086.0 621.0 1.0 203.0 1.0
Point 207 1087.0 620.0 1.0 204.0 1.0
Point 208 1086.0 615.0 1.0 205.0 1.0
Point 209 1083.0 612.0 1.0 206.0 1.0
Point 210 1086.0 608.0 1.0 207.0 1.0
Point 211 1095.0 601.0 1.0 208.0 1.0
Point 212 1101.0 598.0 1.0 209.0 1.0
Point 213 1104.0 595.0 1.0 210.0 1.0
Point 214 1102.0 589.0 1.0 211.0 1.0
Point 215 1109.0 583.0 1.0 212.0 1.0
Point 216 1119.0 582.0 1.0 213.0 1.0
Point 217 1123.0 591.0 1.0 214.0 1.0
Point 218 1121.0 595.0 1.0 215.0 1.0
Point 219 1119.0 588.0 1.0 216.0 1.0
Point 220 1115.0 589.0 1.0 217.0 1.0
Point 221 1119.0 591.0 1.0 218.0 1.0
Point 222 1123.0 595.0 1.0 219.0 1.0
Point 223 1130.0 597.0 1.0 220.0 1.0
Point 224 1118.0 597.0 1.0 221.0 1.0
Point 225 1106.0 605.0 1.0 222.0 1.0
Point 226 1094.0 613.0 1.0 223.0 1.0
Point 227 1095.0 615.0 1.0 224.0 1.0
Point 228 1082.0 624.0 1.0 225.0 1.0
Point 229 1082.0 627.0 1.0 226.0 1.0
Point 230 1078.0 633.0 1.0 227.0 1.0
Point 231 1076.0 640.0 1.0 228.0 1.0
Point 232 1074.0 646.0 1.0 229.0 1.0
Point 233 1076.0 647.0 1.0 230.0 1.0
Point 234 1074.0 646.0 1.0 231.0 1.0
Point 235 1075.0 641.0 1.0 232.0 1.0
Point 236 1077.0 635.0 1.0 233.0 1.0
Point 237 1086.0 624.0 1.0 234.0 1.0
Point 238 1090.0 615.0 1.0 235.0 1.0
Point 239 1091.0 619.0 1.0 236.0 1.0
Point 240 1077.0 642.0 1.0 237.0 1.0
Point 241 1075.0 663.0 1.0 238.0 1.0
Point 242 1072.0 664.0 1.0 239.0 1.0
Point 243 1071.0 672.0 1.0 240.0 1.0
End of MTrackJ Data File
