MTrackJ 1.5.1 Data File
Displaying false true true 2 2 0 0 95 80 0 0 0 0 1 10 0 false true true false
Assembly 1 FF0000
Cluster 1 FF0000
Track 1 FF0000 true
Point 1 541.5 516.1666666666666 1.0 1.0 1.0
Point 2 543.5 515.5 1.0 2.0 1.0
Point 3 542.1666666666667 512.8333333333334 1.0 3.0 1.0
Point 4 540.8333333333333 512.1666666666666 1.0 4.0 1.0
Point 5 543.5 512.1666666666666 1.0 5.0 1.0
Point 6 542.1666666666667 510.83333333333337 1.0 6.0 1.0
Point 7 540.8333333333333 508.16666666666663 1.0 7.0 1.0
Point 8 540.8333333333333 508.83333333333337 1.0 8.0 1.0
Point 9 538.8333333333334 507.5 1.0 9.0 1.0
Point 10 540.1666666666667 506.16666666666663 1.0 10.0 1.0
Point 11 538.8333333333334 504.83333333333337 1.0 11.0 1.0
Point 12 537.5 503.5 1.0 12.0 1.0
Point 13 537.5 501.5 1.0 13.0 1.0
Point 14 539.5 500.83333333333337 1.0 14.0 1.0
Point 15 538.8333333333334 502.83333333333337 1.0 15.0 1.0
Point 16 537.5 501.5 1.0 16.0 1.0
Point 17 537.5 500.83333333333337 1.0 17.0 1.0
Point 18 538.1666666666666 500.83333333333337 1.0 18.0 1.0
Point 19 537.5 496.16666666666663 1.0 19.0 1.0
Point 20 539.5 496.83333333333337 1.0 20.0 1.0
Point 21 541.5 499.5 1.0 21.0 1.0
Point 22 541.5 500.16666666666663 1.0 22.0 1.0
Point 23 538.8333333333334 497.5 1.0 23.0 1.0
Point 24 540.1666666666667 494.83333333333337 1.0 24.0 1.0
Point 25 542.1666666666667 495.5 1.0 25.0 1.0
Point 26 544.8333333333333 494.16666666666663 1.0 26.0 1.0
Point 27 546.1666666666667 494.83333333333337 1.0 27.0 1.0
Point 28 548.8333333333333 490.83333333333337 1.0 28.0 1.0
Point 29 554.1666666666667 490.83333333333337 1.0 29.0 1.0
Point 30 555.5 491.5 1.0 30.0 1.0
Point 31 551.5 495.5 1.0 31.0 1.0
Point 32 548.8333333333333 498.83333333333337 1.0 32.0 1.0
Point 33 544.1666666666667 497.5 1.0 33.0 1.0
Point 34 545.5 498.16666666666663 1.0 34.0 1.0
Point 35 544.1666666666667 498.83333333333337 1.0 35.0 1.0
Point 36 546.8333333333333 496.83333333333337 1.0 36.0 1.0
Point 37 546.8333333333333 496.83333333333337 1.0 37.0 1.0
Point 38 546.8333333333333 494.83333333333337 1.0 38.0 1.0
Point 39 549.5 493.5 1.0 39.0 1.0
Point 40 554.1666666666667 492.16666666666663 1.0 40.0 1.0
Point 41 556.1666666666667 496.83333333333337 1.0 41.0 1.0
Point 42 575.5 510.83333333333337 1.0 42.0 1.0
Point 43 584.1666666666667 516.1666666666666 1.0 43.0 1.0
Point 44 583.5 512.8333333333334 1.0 44.0 1.0
Point 45 580.8333333333333 511.5 1.0 45.0 1.0
Point 46 573.5 503.5 1.0 46.0 1.0
Point 47 569.5 497.5 1.0 47.0 1.0
Point 48 568.8333333333333 494.83333333333337 1.0 48.0 1.0
Point 49 569.5 495.5 1.0 49.0 1.0
Point 50 568.1666666666667 494.16666666666663 1.0 50.0 1.0
Point 51 566.8333333333333 494.16666666666663 1.0 51.0 1.0
Point 52 566.1666666666667 492.16666666666663 1.0 52.0 1.0
Point 53 564.8333333333333 490.83333333333337 1.0 53.0 1.0
Point 54 563.5 490.83333333333337 1.0 54.0 1.0
Point 55 560.1666666666667 490.83333333333337 1.0 55.0 1.0
Point 56 561.5 492.83333333333337 1.0 56.0 1.0
Point 57 561.5 490.83333333333337 1.0 57.0 1.0
Point 58 560.1666666666667 490.83333333333337 1.0 58.0 1.0
Point 59 562.8333333333333 492.16666666666663 1.0 59.0 1.0
Point 60 564.8333333333333 492.83333333333337 1.0 60.0 1.0
Point 61 565.5 497.5 1.0 61.0 1.0
Point 62 567.5 496.83333333333337 1.0 62.0 1.0
Point 63 568.8333333333333 498.16666666666663 1.0 63.0 1.0
Point 64 572.8333333333333 498.83333333333337 1.0 64.0 1.0
Point 65 573.5 500.83333333333337 1.0 65.0 1.0
Point 66 572.8333333333333 497.5 1.0 66.0 1.0
Point 67 570.8333333333333 497.5 1.0 67.0 1.0
Point 68 572.8333333333333 496.83333333333337 1.0 68.0 1.0
Point 69 572.1666666666667 493.5 1.0 69.0 1.0
Point 70 570.8333333333333 494.83333333333337 1.0 70.0 1.0
Point 71 567.5 492.83333333333337 1.0 71.0 1.0
Point 72 565.5 490.16666666666663 1.0 72.0 1.0
Point 73 564.8333333333333 488.16666666666663 1.0 73.0 1.0
Point 74 566.8333333333333 488.83333333333337 1.0 74.0 1.0
Point 75 564.1666666666667 487.5 1.0 75.0 1.0
Point 76 564.1666666666667 486.83333333333337 1.0 76.0 1.0
Point 77 562.1666666666667 484.16666666666663 1.0 77.0 1.0
Point 78 564.8333333333333 488.83333333333337 1.0 78.0 1.0
Point 79 564.1666666666667 488.16666666666663 1.0 79.0 1.0
Point 80 562.8333333333333 486.83333333333337 1.0 80.0 1.0
Point 81 564.8333333333333 488.16666666666663 1.0 81.0 1.0
Point 82 562.1666666666667 486.83333333333337 1.0 82.0 1.0
Point 83 562.1666666666667 486.16666666666663 1.0 83.0 1.0
Point 84 562.1666666666667 486.16666666666663 1.0 84.0 1.0
Point 85 560.8333333333333 484.16666666666663 1.0 85.0 1.0
Point 86 561.5 489.5 1.0 86.0 1.0
Point 87 556.8333333333333 487.5 1.0 87.0 1.0
Point 88 554.8333333333333 486.83333333333337 1.0 88.0 1.0
Point 89 553.5 486.83333333333337 1.0 89.0 1.0
Point 90 553.5 486.83333333333337 1.0 90.0 1.0
Point 91 554.8333333333333 486.83333333333337 1.0 91.0 1.0
Point 92 554.1666666666667 484.16666666666663 1.0 92.0 1.0
Point 93 556.1666666666667 484.16666666666663 1.0 93.0 1.0
Point 94 556.1666666666667 484.16666666666663 1.0 94.0 1.0
Point 95 558.1666666666667 485.5 1.0 95.0 1.0
Point 96 560.8333333333333 488.83333333333337 1.0 96.0 1.0
Point 97 563.5 489.5 1.0 97.0 1.0
Point 98 562.8333333333333 484.16666666666663 1.0 98.0 1.0
Point 99 562.8333333333333 485.5 1.0 99.0 1.0
Point 100 562.8333333333333 485.5 1.0 100.0 1.0
Point 101 563.5 485.5 1.0 101.0 1.0
Point 102 560.8333333333333 483.5 1.0 102.0 1.0
Point 103 558.1666666666667 483.5 1.0 103.0 1.0
Point 104 558.1666666666667 483.5 1.0 104.0 1.0
Point 105 560.8333333333333 484.16666666666663 1.0 105.0 1.0
Point 106 562.1666666666667 484.83333333333337 1.0 106.0 1.0
Point 107 560.8333333333333 482.16666666666663 1.0 107.0 1.0
Point 108 554.8333333333333 478.83333333333337 1.0 108.0 1.0
Point 109 556.8333333333333 480.83333333333337 1.0 109.0 1.0
Point 110 558.1666666666667 482.16666666666663 1.0 110.0 1.0
Point 111 560.1666666666667 484.16666666666663 1.0 111.0 1.0
Point 112 562.1666666666667 486.16666666666663 1.0 112.0 1.0
Point 113 556.8333333333333 480.16666666666663 1.0 113.0 1.0
Point 114 553.5 478.16666666666663 1.0 114.0 1.0
Point 115 558.1666666666667 480.16666666666663 1.0 115.0 1.0
Point 116 559.5 480.16666666666663 1.0 116.0 1.0
Point 117 560.1666666666667 479.5 1.0 117.0 1.0
Point 118 560.1666666666667 478.83333333333337 1.0 118.0 1.0
Point 119 561.5 478.83333333333337 1.0 119.0 1.0
Point 120 564.8333333333333 481.5 1.0 120.0 1.0
Point 121 569.5 478.83333333333337 1.0 121.0 1.0
Point 122 569.5 476.16666666666663 1.0 122.0 1.0
Point 123 571.5 478.16666666666663 1.0 123.0 1.0
Point 124 574.1666666666667 473.5 1.0 124.0 1.0
Point 125 576.8333333333333 473.5 1.0 125.0 1.0
Point 126 577.5 473.5 1.0 126.0 1.0
Point 127 575.5 472.16666666666663 1.0 127.0 1.0
Point 128 573.5 472.16666666666663 1.0 128.0 1.0
Point 129 574.1666666666667 473.5 1.0 129.0 1.0
Point 130 574.1666666666667 472.16666666666663 1.0 130.0 1.0
Point 131 571.5 470.83333333333337 1.0 131.0 1.0
Point 132 569.5 471.5 1.0 132.0 1.0
Point 133 570.1666666666667 472.16666666666663 1.0 133.0 1.0
Point 134 570.1666666666667 472.16666666666663 1.0 134.0 1.0
Point 135 569.5 472.83333333333337 1.0 135.0 1.0
Point 136 567.5 474.16666666666663 1.0 136.0 1.0
Point 137 569.5 472.83333333333337 1.0 137.0 1.0
Point 138 567.5 471.5 1.0 138.0 1.0
Point 139 566.8333333333333 470.83333333333337 1.0 139.0 1.0
Point 140 570.1666666666667 470.83333333333337 1.0 140.0 1.0
Point 141 571.5 469.5 1.0 141.0 1.0
Point 142 574.8333333333333 471.5 1.0 142.0 1.0
Point 143 572.1666666666667 470.83333333333337 1.0 143.0 1.0
Point 144 573.5 474.16666666666663 1.0 144.0 1.0
Point 145 572.1666666666667 469.5 1.0 145.0 1.0
Point 146 572.8333333333333 471.5 1.0 146.0 1.0
Point 147 576.8333333333333 470.16666666666663 1.0 147.0 1.0
Point 148 576.8333333333333 470.16666666666663 1.0 148.0 1.0
Point 149 574.1666666666667 469.5 1.0 149.0 1.0
Point 150 574.8333333333333 467.5 1.0 150.0 1.0
Point 151 573.5 466.16666666666663 1.0 151.0 1.0
Point 152 575.5 462.83333333333337 1.0 152.0 1.0
Point 153 571.5 466.83333333333337 1.0 153.0 1.0
Point 154 574.8333333333333 467.5 1.0 154.0 1.0
Point 155 574.8333333333333 467.5 1.0 155.0 1.0
Point 156 571.5 468.16666666666663 1.0 156.0 1.0
Point 157 568.8333333333333 468.16666666666663 1.0 157.0 1.0
Point 158 572.1666666666667 466.83333333333337 1.0 158.0 1.0
Point 159 570.8333333333333 464.83333333333337 1.0 159.0 1.0
Point 160 571.5 466.16666666666663 1.0 160.0 1.0
Point 161 566.1666666666667 466.16666666666663 1.0 161.0 1.0
Point 162 568.8333333333333 466.83333333333337 1.0 162.0 1.0
Point 163 571.5 466.83333333333337 1.0 163.0 1.0
Point 164 568.8333333333333 466.16666666666663 1.0 164.0 1.0
Point 165 567.5 466.83333333333337 1.0 165.0 1.0
Point 166 570.1666666666667 466.83333333333337 1.0 166.0 1.0
Point 167 568.8333333333333 466.16666666666663 1.0 167.0 1.0
Point 168 566.8333333333333 465.5 1.0 168.0 1.0
Point 169 566.8333333333333 466.16666666666663 1.0 169.0 1.0
Point 170 568.1666666666667 466.16666666666663 1.0 170.0 1.0
Point 171 570.1666666666667 465.5 1.0 171.0 1.0
Point 172 570.1666666666667 468.83333333333337 1.0 172.0 1.0
Point 173 570.1666666666667 468.83333333333337 1.0 173.0 1.0
Point 174 568.1666666666667 468.16666666666663 1.0 174.0 1.0
Point 175 568.8333333333333 470.16666666666663 1.0 175.0 1.0
Point 176 566.1666666666667 470.83333333333337 1.0 176.0 1.0
Point 177 561.5 472.16666666666663 1.0 177.0 1.0
Point 178 560.8333333333333 470.16666666666663 1.0 178.0 1.0
Point 179 564.1666666666667 469.5 1.0 179.0 1.0
Point 180 564.8333333333333 472.83333333333337 1.0 180.0 1.0
Point 181 562.1666666666667 474.83333333333337 1.0 181.0 1.0
Point 182 552.8333333333333 476.16666666666663 1.0 182.0 1.0
Point 183 549.5 478.83333333333337 1.0 183.0 1.0
Point 184 546.1666666666667 477.5 1.0 184.0 1.0
Point 185 525.5 489.5 1.0 185.0 1.0
Point 186 517.5 495.5 1.0 186.0 1.0
Point 187 508.83333333333337 499.5 1.0 187.0 1.0
Point 188 499.5 506.83333333333337 1.0 188.0 1.0
Point 189 494.83333333333337 514.1666666666666 1.0 189.0 1.0
Point 190 488.83333333333337 524.1666666666666 1.0 190.0 1.0
Point 191 484.16666666666663 527.5 1.0 191.0 1.0
Point 192 478.83333333333337 527.5 1.0 192.0 1.0
Point 193 478.83333333333337 527.5 1.0 193.0 1.0
Point 194 474.16666666666663 524.8333333333334 1.0 194.0 1.0
Point 196 461.5 526.1666666666666 1.0 195.0 1.0
Point 197 459.5 528.8333333333334 1.0 196.0 1.0
Point 198 457.5 524.1666666666666 1.0 197.0 1.0
Point 199 450.16666666666663 516.8333333333334 1.0 198.0 1.0
Point 200 440.16666666666663 506.83333333333337 1.0 199.0 1.0
Point 201 438.83333333333337 502.16666666666663 1.0 200.0 1.0
End of MTrackJ Data File
