MTrackJ 1.5.1 Data File
Displaying false true true 1 2 0 0 95 8 0 0 0 0 1 10 0 false true true false
Assembly 1 FF0000
Cluster 1 FF0000
Track 1 FF0000 true
Point 1 562.0 524.0 1.0 1.0 1.0
Point 2 572.0 514.0 1.0 2.0 1.0
Point 3 569.0 511.0 1.0 3.0 1.0
Point 4 558.0 519.0 1.0 4.0 1.0
Point 5 554.0 515.0 1.0 5.0 1.0
Point 6 549.0 518.0 1.0 6.0 1.0
Point 7 535.0 523.0 1.0 7.0 1.0
Point 8 525.0 527.0 1.0 8.0 1.0
Point 9 527.0 526.0 1.0 9.0 1.0
Point 10 531.0 523.0 1.0 10.0 1.0
Point 11 536.0 518.0 1.0 11.0 1.0
Point 12 531.0 520.0 1.0 12.0 1.0
Point 13 534.0 519.0 1.0 13.0 1.0
Point 14 528.0 519.0 1.0 14.0 1.0
Point 15 530.0 522.0 1.0 15.0 1.0
Point 16 534.0 516.0 1.0 16.0 1.0
Point 17 533.0 516.0 1.0 17.0 1.0
Point 18 536.0 514.0 1.0 18.0 1.0
Point 19 545.0 509.0 1.0 19.0 1.0
Point 20 545.0 507.0 1.0 20.0 1.0
Point 21 547.0 513.0 1.0 21.0 1.0
Point 22 547.0 510.0 1.0 22.0 1.0
Point 23 544.0 509.0 1.0 23.0 1.0
Point 24 546.0 503.0 1.0 24.0 1.0
Point 25 545.0 508.0 1.0 25.0 1.0
Point 26 548.0 504.0 1.0 26.0 1.0
Point 27 562.0 497.0 1.0 27.0 1.0
Point 28 574.0 491.0 1.0 28.0 1.0
Point 29 572.0 496.0 1.0 29.0 1.0
Point 30 566.0 500.0 1.0 30.0 1.0
Point 31 559.0 498.0 1.0 31.0 1.0
Point 32 542.0 524.0 1.0 32.0 1.0
Point 33 537.0 535.0 1.0 33.0 1.0
Point 34 535.0 538.0 1.0 34.0 1.0
Point 35 536.0 528.0 1.0 35.0 1.0
Point 36 544.0 523.0 1.0 36.0 1.0
Point 37 532.0 518.0 1.0 37.0 1.0
Point 38 553.0 518.0 1.0 38.0 1.0
Point 39 557.0 520.0 1.0 39.0 1.0
Point 40 565.0 519.0 1.0 40.0 1.0
Point 41 573.0 534.0 1.0 41.0 1.0
Point 42 598.0 550.0 1.0 42.0 1.0
Point 43 604.0 549.0 1.0 43.0 1.0
Point 44 595.0 540.0 1.0 44.0 1.0
Point 45 586.0 531.0 1.0 45.0 1.0
Point 46 572.0 523.0 1.0 46.0 1.0
Point 47 566.0 518.0 1.0 47.0 1.0
Point 48 568.0 518.0 1.0 48.0 1.0
Point 49 567.0 519.0 1.0 49.0 1.0
Point 50 572.0 516.0 1.0 50.0 1.0
Point 51 572.0 514.0 1.0 51.0 1.0
Point 52 574.0 518.0 1.0 52.0 1.0
Point 53 577.0 510.0 1.0 53.0 1.0
Point 54 577.0 513.0 1.0 54.0 1.0
Point 55 579.0 522.0 1.0 55.0 1.0
Point 56 576.0 518.0 1.0 56.0 1.0
Point 57 575.0 515.0 1.0 57.0 1.0
Point 58 578.0 519.0 1.0 58.0 1.0
Point 59 581.0 524.0 1.0 59.0 1.0
Point 60 588.0 507.0 1.0 60.0 1.0
Point 61 590.0 530.0 1.0 61.0 1.0
Point 62 603.0 544.0 1.0 62.0 1.0
Point 63 611.0 545.0 1.0 63.0 1.0
Point 64 599.0 533.0 1.0 64.0 1.0
Point 65 594.0 526.0 1.0 65.0 1.0
Point 66 591.0 531.0 1.0 66.0 1.0
Point 67 586.0 521.0 1.0 67.0 1.0
Point 68 584.0 518.0 1.0 68.0 1.0
Point 69 576.0 514.0 1.0 69.0 1.0
Point 70 573.0 519.0 1.0 70.0 1.0
Point 71 564.0 511.0 1.0 71.0 1.0
Point 72 554.0 503.0 1.0 72.0 1.0
Point 73 564.0 508.0 1.0 73.0 1.0
Point 74 559.0 506.0 1.0 74.0 1.0
Point 75 557.0 504.0 1.0 75.0 1.0
Point 76 555.0 503.0 1.0 76.0 1.0
Point 77 566.0 502.0 1.0 77.0 1.0
Point 78 568.0 500.0 1.0 78.0 1.0
Point 79 561.0 498.0 1.0 79.0 1.0
Point 80 569.0 502.0 1.0 80.0 1.0
Point 81 566.0 501.0 1.0 81.0 1.0
Point 82 558.0 504.0 1.0 82.0 1.0
Point 83 551.0 504.0 1.0 83.0 1.0
Point 84 553.0 502.0 1.0 84.0 1.0
Point 85 547.0 503.0 1.0 85.0 1.0
Point 86 537.0 507.0 1.0 86.0 1.0
Point 87 529.0 506.0 1.0 87.0 1.0
Point 88 525.0 510.0 1.0 88.0 1.0
Point 89 552.0 512.0 1.0 89.0 1.0
Point 90 559.0 511.0 1.0 90.0 1.0
Point 91 551.0 508.0 1.0 91.0 1.0
Point 92 555.0 506.0 1.0 92.0 1.0
Point 93 560.0 512.0 1.0 93.0 1.0
Point 94 572.0 526.0 1.0 94.0 1.0
Point 95 569.0 524.0 1.0 95.0 1.0
Point 96 568.0 519.0 1.0 96.0 1.0
Point 97 567.0 521.0 1.0 97.0 1.0
Point 98 571.0 522.0 1.0 98.0 1.0
Point 99 563.0 519.0 1.0 99.0 1.0
Point 100 544.0 504.0 1.0 100.0 1.0
Point 101 517.0 486.0 1.0 101.0 1.0
Point 102 519.0 489.0 1.0 102.0 1.0
Point 103 551.0 506.0 1.0 103.0 1.0
Point 104 567.0 528.0 1.0 104.0 1.0
Point 105 564.0 517.0 1.0 105.0 1.0
Point 106 546.0 502.0 1.0 106.0 1.0
Point 107 522.0 492.0 1.0 107.0 1.0
Point 108 525.0 489.0 1.0 108.0 1.0
Point 109 558.0 516.0 1.0 109.0 1.0
Point 110 563.0 532.0 1.0 110.0 1.0
Point 111 560.0 521.0 1.0 111.0 1.0
Point 112 536.0 497.0 1.0 112.0 1.0
Point 113 511.0 488.0 1.0 113.0 1.0
Point 114 533.0 493.0 1.0 114.0 1.0
Point 115 550.0 502.0 1.0 115.0 1.0
Point 116 562.0 512.0 1.0 116.0 1.0
Point 117 536.0 498.0 1.0 117.0 1.0
Point 118 520.0 489.0 1.0 118.0 1.0
Point 119 552.0 491.0 1.0 119.0 1.0
Point 120 573.0 472.0 1.0 120.0 1.0
Point 121 576.0 464.0 1.0 121.0 1.0
Point 122 573.0 461.0 1.0 122.0 1.0
Point 123 583.0 458.0 1.0 123.0 1.0
Point 124 580.0 455.0 1.0 124.0 1.0
Point 125 568.0 465.0 1.0 125.0 1.0
Point 126 567.0 465.0 1.0 126.0 1.0
Point 127 566.0 465.0 1.0 127.0 1.0
Point 128 565.0 472.0 1.0 128.0 1.0
Point 129 566.0 472.0 1.0 129.0 1.0
Point 130 544.0 481.0 1.0 130.0 1.0
Point 131 547.0 478.0 1.0 131.0 1.0
Point 132 541.0 480.0 1.0 132.0 1.0
Point 133 539.0 481.0 1.0 133.0 1.0
Point 134 547.0 486.0 1.0 134.0 1.0
Point 135 542.0 486.0 1.0 135.0 1.0
Point 136 536.0 486.0 1.0 136.0 1.0
Point 137 539.0 488.0 1.0 137.0 1.0
Point 138 537.0 485.0 1.0 138.0 1.0
Point 139 547.0 489.0 1.0 139.0 1.0
Point 140 544.0 486.0 1.0 140.0 1.0
Point 141 552.0 480.0 1.0 141.0 1.0
Point 142 558.0 479.0 1.0 142.0 1.0
Point 143 543.0 482.0 1.0 143.0 1.0
Point 144 559.0 480.0 1.0 144.0 1.0
Point 145 565.0 483.0 1.0 145.0 1.0
Point 146 566.0 484.0 1.0 146.0 1.0
Point 147 567.0 476.0 1.0 147.0 1.0
Point 148 569.0 479.0 1.0 148.0 1.0
Point 149 553.0 475.0 1.0 149.0 1.0
Point 150 553.0 471.0 1.0 150.0 1.0
Point 151 560.0 471.0 1.0 151.0 1.0
Point 152 548.0 471.0 1.0 152.0 1.0
Point 153 544.0 470.0 1.0 153.0 1.0
Point 154 550.0 472.0 1.0 154.0 1.0
Point 155 551.0 474.0 1.0 155.0 1.0
Point 156 543.0 470.0 1.0 156.0 1.0
Point 157 543.0 466.0 1.0 157.0 1.0
Point 158 546.0 471.0 1.0 158.0 1.0
Point 159 539.0 474.0 1.0 159.0 1.0
Point 160 548.0 471.0 1.0 160.0 1.0
Point 161 539.0 472.0 1.0 161.0 1.0
Point 162 535.0 470.0 1.0 162.0 1.0
Point 163 542.0 473.0 1.0 163.0 1.0
Point 164 548.0 475.0 1.0 164.0 1.0
Point 165 533.0 470.0 1.0 165.0 1.0
Point 166 535.0 475.0 1.0 166.0 1.0
Point 167 540.0 475.0 1.0 167.0 1.0
Point 168 547.0 475.0 1.0 168.0 1.0
Point 169 549.0 471.0 1.0 169.0 1.0
Point 170 549.0 471.0 1.0 170.0 1.0
Point 171 570.0 476.0 1.0 171.0 1.0
Point 172 544.0 479.0 1.0 172.0 1.0
Point 173 530.0 486.0 1.0 173.0 1.0
Point 174 536.0 485.0 1.0 174.0 1.0
Point 175 523.0 492.0 1.0 175.0 1.0
Point 176 504.0 505.0 1.0 176.0 1.0
Point 177 499.0 510.0 1.0 177.0 1.0
Point 178 522.0 495.0 1.0 178.0 1.0
Point 179 518.0 496.0 1.0 179.0 1.0
Point 180 497.0 509.0 1.0 180.0 1.0
Point 181 478.0 528.0 1.0 181.0 1.0
Point 182 464.0 538.0 1.0 182.0 1.0
Point 183 461.0 552.0 1.0 183.0 1.0
Point 184 452.0 554.0 1.0 184.0 1.0
Point 185 454.0 558.0 1.0 185.0 1.0
Point 186 458.0 554.0 1.0 186.0 1.0
Point 187 447.0 554.0 1.0 187.0 1.0
Point 188 452.0 551.0 1.0 188.0 1.0
Point 189 439.0 545.0 1.0 189.0 1.0
Point 190 425.0 543.0 1.0 190.0 1.0
Point 191 434.0 540.0 1.0 191.0 1.0
Point 192 428.0 535.0 1.0 192.0 1.0
Point 193 420.0 509.0 1.0 193.0 1.0
Point 194 417.0 497.0 1.0 194.0 1.0
Point 195 422.0 486.0 1.0 195.0 1.0
Point 196 426.0 482.0 1.0 196.0 1.0
Point 197 408.0 478.0 1.0 197.0 1.0
Point 198 392.0 467.0 1.0 198.0 1.0
Point 199 388.0 464.0 1.0 199.0 1.0
Point 200 420.0 478.0 1.0 200.0 1.0
End of MTrackJ Data File
