MTrackJ 1.5.1 Data File
Displaying false true true 1 0 0 0 100 12 0 0 0 0 1 9 1 false false true false
Assembly 1 FF0000
Cluster 1 FF0000
Track 1 FF0000 true
Point 1 366.0 786.0 1.0 1.0 1.0
Point 2 366.0 782.0 1.0 2.0 1.0
Point 3 362.0 783.0 1.0 3.0 1.0
Point 4 357.0 784.0 1.0 4.0 1.0
Point 5 356.0 783.0 1.0 5.0 1.0
Point 6 357.0 793.0 1.0 6.0 1.0
Point 7 357.0 798.0 1.0 7.0 1.0
Point 8 355.0 799.0 1.0 8.0 1.0
Point 9 356.0 801.0 1.0 9.0 1.0
Point 10 357.0 792.0 1.0 10.0 1.0
Point 11 353.0 781.0 1.0 11.0 1.0
Point 12 359.0 766.0 1.0 12.0 1.0
Point 13 359.0 761.0 1.0 13.0 1.0
Point 14 360.0 752.0 1.0 14.0 1.0
Point 15 364.0 746.0 1.0 15.0 1.0
Point 16 363.0 740.0 1.0 16.0 1.0
Point 17 363.0 736.0 1.0 17.0 1.0
Point 18 364.0 731.0 1.0 18.0 1.0
Point 19 365.0 731.0 1.0 19.0 1.0
Point 20 361.0 731.0 1.0 20.0 1.0
Point 21 358.0 729.0 1.0 21.0 1.0
Point 22 358.0 730.0 1.0 22.0 1.0
Point 23 356.0 730.0 1.0 23.0 1.0
Point 24 355.0 724.0 1.0 24.0 1.0
Point 25 356.0 717.0 1.0 25.0 1.0
Point 26 358.0 717.0 1.0 26.0 1.0
Point 27 359.0 715.0 1.0 27.0 1.0
Point 28 359.0 716.0 1.0 28.0 1.0
Point 29 358.0 722.0 1.0 29.0 1.0
Point 30 360.0 713.0 1.0 30.0 1.0
Point 31 365.0 705.0 1.0 31.0 1.0
Point 32 364.0 699.0 1.0 32.0 1.0
Point 33 362.0 693.0 1.0 33.0 1.0
Point 34 362.0 691.0 1.0 34.0 1.0
Point 35 365.0 693.0 1.0 35.0 1.0
Point 36 362.0 687.0 1.0 36.0 1.0
Point 37 361.0 686.0 1.0 37.0 1.0
Point 38 343.0 681.0 1.0 38.0 1.0
Point 39 331.0 681.0 1.0 39.0 1.0
Point 40 327.0 689.0 1.0 40.0 1.0
Point 41 327.0 692.0 1.0 41.0 1.0
Point 42 327.0 697.0 1.0 42.0 1.0
Point 43 328.0 707.0 1.0 43.0 1.0
Point 44 332.0 708.0 1.0 44.0 1.0
Point 45 330.0 704.0 1.0 45.0 1.0
Point 46 332.0 709.0 1.0 46.0 1.0
Point 47 337.0 713.0 1.0 47.0 1.0
Point 48 340.0 713.0 1.0 48.0 1.0
Point 49 340.0 709.0 1.0 49.0 1.0
Point 50 342.0 709.0 1.0 50.0 1.0
Point 51 348.0 711.0 1.0 51.0 1.0
Point 52 350.0 709.0 1.0 52.0 1.0
Point 53 356.0 702.0 1.0 53.0 1.0
Point 54 357.0 694.0 1.0 54.0 1.0
Point 55 354.0 694.0 1.0 55.0 1.0
Point 56 370.0 688.0 1.0 56.0 1.0
Point 57 383.0 686.0 1.0 57.0 1.0
Point 58 397.0 686.0 1.0 58.0 1.0
Point 59 404.0 687.0 1.0 59.0 1.0
Point 60 408.0 690.0 1.0 60.0 1.0
Point 61 408.0 690.0 1.0 61.0 1.0
Point 62 407.0 688.0 1.0 62.0 1.0
Point 66 402.0 681.0 1.0 63.0 1.0
Point 67 399.0 678.0 1.0 64.0 1.0
Point 68 385.0 677.0 1.0 65.0 1.0
Point 69 372.0 674.0 1.0 66.0 1.0
Point 70 364.0 673.0 1.0 67.0 1.0
Point 71 372.0 678.0 1.0 68.0 1.0
Point 72 380.0 680.0 1.0 69.0 1.0
Point 73 386.0 673.0 1.0 70.0 1.0
Point 74 384.0 673.0 1.0 71.0 1.0
Point 75 373.0 666.0 1.0 72.0 1.0
Point 76 369.0 666.0 1.0 73.0 1.0
Point 77 376.0 674.0 1.0 74.0 1.0
Point 78 389.0 676.0 1.0 75.0 1.0
Point 79 397.0 669.0 1.0 76.0 1.0
Point 80 397.0 664.0 1.0 77.0 1.0
Point 81 397.0 665.0 1.0 78.0 1.0
Point 82 400.0 664.0 1.0 79.0 1.0
Point 83 399.0 668.0 1.0 80.0 1.0
Point 84 398.0 666.0 1.0 81.0 1.0
Point 85 399.0 668.0 1.0 82.0 1.0
Point 86 399.0 667.0 1.0 83.0 1.0
Point 87 394.0 668.0 1.0 84.0 1.0
Point 88 403.0 673.0 1.0 85.0 1.0
Point 89 409.0 678.0 1.0 86.0 1.0
Point 90 403.0 674.0 1.0 87.0 1.0
Point 91 397.0 667.0 1.0 88.0 1.0
Point 92 391.0 667.0 1.0 89.0 1.0
Point 93 390.0 665.0 1.0 90.0 1.0
Point 94 387.0 663.0 1.0 91.0 1.0
Point 95 381.0 663.0 1.0 92.0 1.0
Point 96 373.0 661.0 1.0 93.0 1.0
Point 97 372.0 662.0 1.0 94.0 1.0
Point 98 380.0 664.0 1.0 95.0 1.0
Point 99 380.0 664.0 1.0 96.0 1.0
Point 100 380.0 664.0 1.0 97.0 1.0
Point 101 384.0 664.0 1.0 98.0 1.0
Point 102 379.0 665.0 1.0 99.0 1.0
Point 103 376.0 665.0 1.0 100.0 1.0
Point 104 374.0 670.0 1.0 101.0 1.0
Point 105 368.0 668.0 1.0 102.0 1.0
Point 106 370.0 660.0 1.0 103.0 1.0
Point 107 375.0 662.0 1.0 104.0 1.0
Point 108 387.0 664.0 1.0 105.0 1.0
Point 109 390.0 656.0 1.0 106.0 1.0
Point 110 400.0 663.0 1.0 107.0 1.0
Point 111 407.0 663.0 1.0 108.0 1.0
Point 112 398.0 665.0 1.0 109.0 1.0
Point 113 402.0 664.0 1.0 110.0 1.0
Point 114 404.0 659.0 1.0 111.0 1.0
Point 115 414.0 663.0 1.0 112.0 1.0
Point 116 423.0 671.0 1.0 113.0 1.0
Point 117 424.0 665.0 1.0 114.0 1.0
Point 118 419.0 660.0 1.0 115.0 1.0
Point 119 405.0 653.0 1.0 116.0 1.0
Point 120 403.0 656.0 1.0 117.0 1.0
Point 121 402.0 656.0 1.0 118.0 1.0
Point 122 407.0 657.0 1.0 119.0 1.0
Point 123 408.0 658.0 1.0 120.0 1.0
Point 124 403.0 655.0 1.0 121.0 1.0
Point 125 409.0 657.0 1.0 122.0 1.0
Point 126 425.0 672.0 1.0 123.0 1.0
Point 127 426.0 663.0 1.0 124.0 1.0
Point 128 422.0 663.0 1.0 125.0 1.0
Point 129 418.0 665.0 1.0 126.0 1.0
Point 130 409.0 654.0 1.0 127.0 1.0
Point 131 398.0 648.0 1.0 128.0 1.0
Point 132 384.0 651.0 1.0 129.0 1.0
Point 133 367.0 668.0 1.0 130.0 1.0
Point 134 357.0 679.0 1.0 131.0 1.0
End of MTrackJ Data File
