MTrackJ 1.5.1 Data File
Displaying false true true 1 2 0 0 95 8 0 1 0 0 1 0 0 false true true false
Assembly 1 FF0000
Cluster 1 FF0000
Track 1 FF0000 true
Point 1 378.0 797.0 1.0 1.0 2.0
Point 2 387.0 784.0 1.0 2.0 2.0
Point 3 388.0 777.0 1.0 3.0 2.0
Point 4 400.0 764.0 1.0 4.0 2.0
Point 5 403.0 750.0 1.0 5.0 2.0
Point 6 400.0 755.0 1.0 6.0 2.0
Point 7 395.0 752.0 1.0 7.0 2.0
Point 8 391.0 750.0 1.0 8.0 2.0
Point 9 382.0 748.0 1.0 9.0 2.0
Point 10 389.0 746.0 1.0 10.0 2.0
Point 11 360.0 747.0 1.0 11.0 2.0
Point 12 356.0 745.0 1.0 12.0 2.0
Point 13 352.0 740.0 1.0 13.0 2.0
Point 14 351.0 744.0 1.0 14.0 2.0
Point 15 358.0 725.0 1.0 15.0 2.0
Point 16 362.0 713.0 1.0 16.0 2.0
Point 17 356.0 716.0 1.0 17.0 2.0
Point 18 354.0 714.0 1.0 18.0 2.0
Point 19 353.0 716.0 1.0 19.0 2.0
Point 20 366.0 729.0 1.0 20.0 2.0
Point 21 380.0 732.0 1.0 21.0 2.0
Point 22 374.0 740.0 1.0 22.0 2.0
Point 23 365.0 748.0 1.0 23.0 2.0
Point 24 365.0 744.0 1.0 24.0 2.0
Point 25 366.0 737.0 1.0 25.0 2.0
Point 26 364.0 742.0 1.0 26.0 2.0
Point 27 376.0 712.0 1.0 27.0 2.0
Point 28 375.0 711.0 1.0 28.0 2.0
Point 30 375.0 705.0 1.0 29.0 2.0
Point 31 379.0 713.0 1.0 30.0 2.0
Point 32 374.0 713.0 1.0 31.0 2.0
Point 33 365.0 699.0 1.0 32.0 2.0
Point 34 344.0 660.0 1.0 33.0 2.0
Point 35 333.0 665.0 1.0 34.0 2.0
Point 36 333.0 667.0 1.0 35.0 2.0
Point 37 315.0 702.0 1.0 36.0 2.0
Point 38 313.0 715.0 1.0 37.0 2.0
Point 39 313.0 725.0 1.0 38.0 2.0
Point 40 311.0 724.0 1.0 39.0 2.0
Point 41 310.0 726.0 1.0 40.0 2.0
Point 42 310.0 724.0 1.0 41.0 2.0
Point 43 311.0 716.0 1.0 42.0 2.0
Point 44 312.0 708.0 1.0 43.0 2.0
Point 45 315.0 689.0 1.0 44.0 2.0
Point 46 319.0 704.0 1.0 45.0 2.0
Point 47 340.0 709.0 1.0 46.0 2.0
Point 48 342.0 719.0 1.0 47.0 2.0
Point 49 339.0 712.0 1.0 48.0 2.0
Point 50 340.0 689.0 1.0 49.0 2.0
Point 51 339.0 686.0 1.0 50.0 2.0
Point 52 333.0 697.0 1.0 51.0 2.0
End of MTrackJ Data File
