MTrackJ 1.5.1 Data File
Displaying false true true 1 0 0 0 100 16 0 0 0 0 1 0 1 false false true false
Assembly 1 FF0000
Cluster 1 FF0000
Track 1 FF0000 true
Point 1 1512.0 364.0 1.0 1.0 1.0
Point 2 1511.0 362.0 1.0 2.0 1.0
Point 3 1513.0 358.0 1.0 3.0 1.0
Point 4 1512.0 354.0 1.0 4.0 1.0
Point 5 1513.0 356.0 1.0 5.0 1.0
Point 6 1513.0 354.0 1.0 6.0 1.0
Point 7 1513.0 351.0 1.0 7.0 1.0
Point 8 1514.0 349.0 1.0 8.0 1.0
Point 9 1515.0 347.0 1.0 9.0 1.0
Point 10 1513.0 345.0 1.0 10.0 1.0
Point 11 1513.0 344.0 1.0 11.0 1.0
Point 12 1513.0 343.0 1.0 12.0 1.0
Point 13 1517.0 341.0 1.0 13.0 1.0
Point 14 1520.0 339.0 1.0 14.0 1.0
Point 15 1520.0 340.0 1.0 15.0 1.0
Point 16 1520.0 339.0 1.0 16.0 1.0
Point 17 1521.0 339.0 1.0 17.0 1.0
Point 18 1521.0 339.0 1.0 18.0 1.0
Point 19 1521.0 339.0 1.0 19.0 1.0
Point 20 1523.0 339.0 1.0 20.0 1.0
Point 21 1522.0 338.0 1.0 21.0 1.0
Point 22 1522.0 335.0 1.0 22.0 1.0
Point 23 1522.0 335.0 1.0 23.0 1.0
Point 24 1522.0 335.0 1.0 24.0 1.0
Point 25 1523.0 334.0 1.0 25.0 1.0
Point 26 1525.0 333.0 1.0 26.0 1.0
Point 27 1524.0 332.0 1.0 27.0 1.0
Point 28 1523.0 331.0 1.0 28.0 1.0
Point 29 1523.0 327.0 1.0 29.0 1.0
Point 30 1525.0 326.0 1.0 30.0 1.0
Point 31 1527.0 327.0 1.0 31.0 1.0
Point 32 1526.0 327.0 1.0 32.0 1.0
Point 33 1528.0 325.0 1.0 33.0 1.0
Point 34 1526.0 326.0 1.0 34.0 1.0
Point 35 1526.0 325.0 1.0 35.0 1.0
Point 36 1527.0 324.0 1.0 36.0 1.0
Point 37 1527.0 324.0 1.0 37.0 1.0
Point 38 1527.0 323.0 1.0 38.0 1.0
Point 39 1527.0 324.0 1.0 39.0 1.0
Point 40 1528.0 321.0 1.0 40.0 1.0
Point 41 1530.0 321.0 1.0 41.0 1.0
Point 42 1529.0 321.0 1.0 42.0 1.0
Point 43 1529.0 322.0 1.0 43.0 1.0
Point 44 1529.0 321.0 1.0 44.0 1.0
Point 45 1529.0 321.0 1.0 45.0 1.0
Point 46 1530.0 319.0 1.0 46.0 1.0
Point 47 1531.0 319.0 1.0 47.0 1.0
Point 48 1531.0 319.0 1.0 48.0 1.0
Point 49 1531.0 318.0 1.0 49.0 1.0
Point 50 1529.0 318.0 1.0 50.0 1.0
Point 51 1529.0 318.0 1.0 51.0 1.0
Point 52 1528.0 318.0 1.0 52.0 1.0
Point 53 1527.0 318.0 1.0 53.0 1.0
Point 54 1527.0 318.0 1.0 54.0 1.0
Point 55 1525.0 316.0 1.0 55.0 1.0
Point 56 1525.0 315.0 1.0 56.0 1.0
Point 57 1526.0 315.0 1.0 57.0 1.0
Point 58 1525.0 315.0 1.0 58.0 1.0
Point 59 1525.0 313.0 1.0 59.0 1.0
Point 60 1525.0 313.0 1.0 60.0 1.0
Point 61 1525.0 313.0 1.0 61.0 1.0
Point 62 1525.0 312.0 1.0 62.0 1.0
Point 63 1525.0 312.0 1.0 63.0 1.0
Point 64 1525.0 312.0 1.0 64.0 1.0
Point 65 1525.0 312.0 1.0 65.0 1.0
Point 66 1526.0 313.0 1.0 66.0 1.0
Point 67 1528.0 312.0 1.0 67.0 1.0
Point 68 1528.0 312.0 1.0 68.0 1.0
Point 69 1528.0 311.0 1.0 69.0 1.0
Point 70 1529.0 311.0 1.0 70.0 1.0
Point 71 1529.0 310.0 1.0 71.0 1.0
Point 72 1528.0 311.0 1.0 72.0 1.0
Point 73 1529.0 309.0 1.0 73.0 1.0
Point 74 1530.0 309.0 1.0 74.0 1.0
Point 75 1530.0 308.0 1.0 75.0 1.0
Point 76 1532.0 308.0 1.0 76.0 1.0
Point 77 1532.0 308.0 1.0 77.0 1.0
Point 78 1530.0 306.0 1.0 78.0 1.0
Point 79 1530.0 305.0 1.0 79.0 1.0
Point 80 1530.0 305.0 1.0 80.0 1.0
Point 81 1530.0 304.0 1.0 81.0 1.0
Point 82 1529.0 305.0 1.0 82.0 1.0
Point 83 1530.0 304.0 1.0 83.0 1.0
Point 84 1530.0 304.0 1.0 84.0 1.0
Point 85 1530.0 304.0 1.0 85.0 1.0
Point 86 1530.0 304.0 1.0 86.0 1.0
Point 87 1530.0 304.0 1.0 87.0 1.0
Point 88 1530.0 304.0 1.0 88.0 1.0
Point 89 1530.0 304.0 1.0 89.0 1.0
Point 90 1530.0 303.0 1.0 90.0 1.0
Point 91 1531.0 304.0 1.0 91.0 1.0
Point 92 1530.0 304.0 1.0 92.0 1.0
Point 93 1529.0 304.0 1.0 93.0 1.0
Point 94 1529.0 303.0 1.0 94.0 1.0
Point 95 1529.0 301.0 1.0 95.0 1.0
Point 96 1529.0 301.0 1.0 96.0 1.0
Point 97 1529.0 301.0 1.0 97.0 1.0
Point 98 1529.0 301.0 1.0 98.0 1.0
Point 99 1528.0 301.0 1.0 99.0 1.0
Point 100 1526.0 301.0 1.0 100.0 1.0
Point 101 1527.0 300.0 1.0 101.0 1.0
Point 102 1527.0 299.0 1.0 102.0 1.0
Point 103 1527.0 300.0 1.0 103.0 1.0
Point 104 1528.0 299.0 1.0 104.0 1.0
Point 105 1528.0 300.0 1.0 105.0 1.0
Point 106 1528.0 299.0 1.0 106.0 1.0
Point 107 1528.0 298.0 1.0 107.0 1.0
Point 108 1530.0 295.0 1.0 108.0 1.0
Point 109 1524.0 300.0 1.0 109.0 1.0
Point 110 1524.0 300.0 1.0 110.0 1.0
Point 111 1520.0 299.0 1.0 111.0 1.0
Point 112 1521.0 300.0 1.0 112.0 1.0
Point 113 1521.0 299.0 1.0 113.0 1.0
Point 114 1519.0 297.0 1.0 114.0 1.0
Point 115 1518.0 297.0 1.0 115.0 1.0
Point 116 1518.0 297.0 1.0 116.0 1.0
Point 117 1520.0 297.0 1.0 117.0 1.0
Point 118 1520.0 296.0 1.0 118.0 1.0
Point 119 1521.0 296.0 1.0 119.0 1.0
Point 120 1520.0 297.0 1.0 120.0 1.0
Point 121 1521.0 297.0 1.0 121.0 1.0
Point 122 1521.0 297.0 1.0 122.0 1.0
Point 123 1520.0 298.0 1.0 123.0 1.0
Point 124 1521.0 298.0 1.0 124.0 1.0
Point 125 1521.0 298.0 1.0 125.0 1.0
Point 126 1520.0 295.0 1.0 126.0 1.0
Point 127 1521.0 296.0 1.0 127.0 1.0
Point 128 1521.0 295.0 1.0 128.0 1.0
Point 129 1520.0 295.0 1.0 129.0 1.0
Point 130 1520.0 295.0 1.0 130.0 1.0
Point 131 1522.0 295.0 1.0 131.0 1.0
Point 132 1519.0 294.0 1.0 132.0 1.0
Point 133 1519.0 294.0 1.0 133.0 1.0
Point 134 1518.0 294.0 1.0 134.0 1.0
Point 135 1518.0 294.0 1.0 135.0 1.0
Point 136 1519.0 293.0 1.0 136.0 1.0
Point 137 1518.0 293.0 1.0 137.0 1.0
Point 138 1517.0 292.0 1.0 138.0 1.0
Point 139 1516.0 292.0 1.0 139.0 1.0
Point 140 1515.0 292.0 1.0 140.0 1.0
Point 141 1513.0 291.0 1.0 141.0 1.0
Point 142 1513.0 292.0 1.0 142.0 1.0
Point 143 1515.0 293.0 1.0 143.0 1.0
Point 144 1513.0 291.0 1.0 144.0 1.0
Point 145 1513.0 291.0 1.0 145.0 1.0
Point 146 1513.0 291.0 1.0 146.0 1.0
Point 147 1513.0 291.0 1.0 147.0 1.0
Point 148 1514.0 290.0 1.0 148.0 1.0
Point 149 1514.0 290.0 1.0 149.0 1.0
Point 150 1512.0 290.0 1.0 150.0 1.0
Point 151 1513.0 289.0 1.0 151.0 1.0
Point 152 1517.0 289.0 1.0 152.0 1.0
Point 153 1518.0 287.0 1.0 153.0 1.0
Point 154 1517.0 287.0 1.0 154.0 1.0
Point 155 1515.0 286.0 1.0 155.0 1.0
Point 156 1514.0 288.0 1.0 156.0 1.0
Point 157 1514.0 288.0 1.0 157.0 1.0
Point 158 1514.0 288.0 1.0 158.0 1.0
Point 159 1513.0 287.0 1.0 159.0 1.0
Point 160 1513.0 288.0 1.0 160.0 1.0
Point 161 1517.0 289.0 1.0 161.0 1.0
Point 162 1516.0 289.0 1.0 162.0 1.0
Point 163 1516.0 288.0 1.0 163.0 1.0
Point 164 1516.0 286.0 1.0 164.0 1.0
Point 165 1516.0 288.0 1.0 165.0 1.0
Point 166 1516.0 288.0 1.0 166.0 1.0
Point 167 1517.0 286.0 1.0 167.0 1.0
Point 168 1517.0 286.0 1.0 168.0 1.0
Point 169 1517.0 287.0 1.0 169.0 1.0
Point 170 1516.0 286.0 1.0 170.0 1.0
Point 171 1515.0 286.0 1.0 171.0 1.0
Point 172 1513.0 287.0 1.0 172.0 1.0
Point 173 1513.0 288.0 1.0 173.0 1.0
Point 174 1513.0 288.0 1.0 174.0 1.0
Point 175 1512.0 286.0 1.0 175.0 1.0
Point 176 1512.0 286.0 1.0 176.0 1.0
Point 177 1512.0 287.0 1.0 177.0 1.0
Point 178 1513.0 286.0 1.0 178.0 1.0
Point 179 1513.0 286.0 1.0 179.0 1.0
Point 180 1513.0 286.0 1.0 180.0 1.0
Point 181 1514.0 286.0 1.0 181.0 1.0
Point 182 1514.0 286.0 1.0 182.0 1.0
Point 183 1514.0 286.0 1.0 183.0 1.0
Point 184 1513.0 287.0 1.0 184.0 1.0
Point 185 1511.0 287.0 1.0 185.0 1.0
Point 186 1509.0 289.0 1.0 186.0 1.0
Point 187 1509.0 289.0 1.0 187.0 1.0
Point 188 1509.0 289.0 1.0 188.0 1.0
Point 189 1510.0 287.0 1.0 189.0 1.0
Point 190 1510.0 288.0 1.0 190.0 1.0
Point 191 1509.0 289.0 1.0 191.0 1.0
Point 192 1509.0 289.0 1.0 192.0 1.0
Point 193 1507.0 289.0 1.0 193.0 1.0
Point 194 1508.0 287.0 1.0 194.0 1.0
Point 195 1508.0 287.0 1.0 195.0 1.0
Point 196 1508.0 286.0 1.0 196.0 1.0
Point 197 1508.0 286.0 1.0 197.0 1.0
Point 198 1508.0 285.0 1.0 198.0 1.0
Point 199 1508.0 285.0 1.0 199.0 1.0
Point 200 1508.0 283.0 1.0 200.0 1.0
Point 201 1507.0 285.0 1.0 201.0 1.0
Point 202 1506.0 285.0 1.0 202.0 1.0
Point 203 1506.0 286.0 1.0 203.0 1.0
Point 204 1506.0 286.0 1.0 204.0 1.0
Point 205 1506.0 286.0 1.0 205.0 1.0
Point 206 1504.0 286.0 1.0 206.0 1.0
Point 207 1502.0 288.0 1.0 207.0 1.0
Point 208 1501.0 289.0 1.0 208.0 1.0
Point 209 1501.0 289.0 1.0 209.0 1.0
Point 210 1501.0 290.0 1.0 210.0 1.0
Point 211 1501.0 290.0 1.0 211.0 1.0
Point 212 1503.0 289.0 1.0 212.0 1.0
Point 213 1501.0 296.0 1.0 213.0 1.0
Point 214 1499.0 298.0 1.0 214.0 1.0
Point 215 1497.0 297.0 1.0 215.0 1.0
Point 216 1497.0 297.0 1.0 216.0 1.0
Point 217 1497.0 297.0 1.0 217.0 1.0
Point 218 1496.0 297.0 1.0 218.0 1.0
Point 219 1496.0 297.0 1.0 219.0 1.0
Point 220 1496.0 297.0 1.0 220.0 1.0
Point 221 1496.0 297.0 1.0 221.0 1.0
Point 222 1494.0 297.0 1.0 222.0 1.0
Point 223 1493.0 298.0 1.0 223.0 1.0
Point 224 1491.0 299.0 1.0 224.0 1.0
Point 225 1488.0 299.0 1.0 225.0 1.0
Point 226 1486.0 300.0 1.0 226.0 1.0
Point 227 1487.0 298.0 1.0 227.0 1.0
Point 228 1487.0 298.0 1.0 228.0 1.0
Point 229 1487.0 299.0 1.0 229.0 1.0
Point 230 1488.0 304.0 1.0 230.0 1.0
Point 231 1488.0 303.0 1.0 231.0 1.0
Point 232 1488.0 303.0 1.0 232.0 1.0
Point 233 1487.0 302.0 1.0 233.0 1.0
Point 234 1485.0 300.0 1.0 234.0 1.0
Point 235 1483.0 300.0 1.0 235.0 1.0
Point 236 1482.0 303.0 1.0 236.0 1.0
Point 237 1481.0 303.0 1.0 237.0 1.0
Point 238 1483.0 302.0 1.0 238.0 1.0
Point 239 1481.0 303.0 1.0 239.0 1.0
Point 240 1480.0 305.0 1.0 240.0 1.0
End of MTrackJ Data File
