MTrackJ 1.5.1 Data File
Displaying false true true 1 0 0 0 100 16 0 0 0 0 1 0 1 false false true false
Assembly 1 FF0000
Cluster 1 FF0000
Track 1 FF0000 true
Point 1 1534.0 370.0 1.0 1.0 1.0
Point 2 1534.0 365.0 1.0 2.0 1.0
Point 3 1534.0 363.0 1.0 3.0 1.0
Point 4 1533.0 360.0 1.0 4.0 1.0
Point 5 1535.0 359.0 1.0 5.0 1.0
Point 6 1534.0 360.0 1.0 6.0 1.0
Point 7 1534.0 356.0 1.0 7.0 1.0
Point 8 1536.0 348.0 1.0 8.0 1.0
Point 9 1531.0 356.0 1.0 9.0 1.0
Point 10 1534.0 356.0 1.0 10.0 1.0
Point 11 1534.0 352.0 1.0 11.0 1.0
Point 12 1531.0 353.0 1.0 12.0 1.0
Point 13 1534.0 356.0 1.0 13.0 1.0
Point 14 1537.0 371.0 1.0 14.0 1.0
Point 15 1540.0 379.0 1.0 15.0 1.0
Point 16 1542.0 372.0 1.0 16.0 1.0
Point 17 1541.0 363.0 1.0 17.0 1.0
Point 18 1541.0 372.0 1.0 18.0 1.0
Point 19 1540.0 364.0 1.0 19.0 1.0
Point 20 1539.0 363.0 1.0 20.0 1.0
Point 21 1539.0 353.0 1.0 21.0 1.0
Point 22 1531.0 356.0 1.0 22.0 1.0
Point 23 1541.0 353.0 1.0 23.0 1.0
Point 24 1537.0 355.0 1.0 24.0 1.0
Point 25 1541.0 358.0 1.0 25.0 1.0
Point 26 1538.0 353.0 1.0 26.0 1.0
Point 27 1539.0 348.0 1.0 27.0 1.0
Point 28 1548.0 345.0 1.0 28.0 1.0
Point 29 1552.0 339.0 1.0 29.0 1.0
Point 30 1552.0 338.0 1.0 30.0 1.0
Point 31 1548.0 338.0 1.0 31.0 1.0
Point 32 1554.0 332.0 1.0 32.0 1.0
Point 33 1553.0 328.0 1.0 33.0 1.0
Point 34 1551.0 330.0 1.0 34.0 1.0
Point 35 1553.0 331.0 1.0 35.0 1.0
Point 36 1551.0 334.0 1.0 36.0 1.0
Point 37 1550.0 338.0 1.0 37.0 1.0
Point 38 1550.0 337.0 1.0 38.0 1.0
Point 39 1553.0 326.0 1.0 39.0 1.0
Point 40 1555.0 326.0 1.0 40.0 1.0
Point 41 1552.0 323.0 1.0 41.0 1.0
Point 42 1553.0 325.0 1.0 42.0 1.0
Point 43 1551.0 320.0 1.0 43.0 1.0
Point 44 1546.0 317.0 1.0 44.0 1.0
Point 46 1546.0 316.0 1.0 45.0 1.0
Point 47 1543.0 314.0 1.0 46.0 1.0
Point 48 1546.0 312.0 1.0 47.0 1.0
Point 49 1550.0 307.0 1.0 48.0 1.0
Point 50 1551.0 311.0 1.0 49.0 1.0
Point 51 1550.0 316.0 1.0 50.0 1.0
Point 52 1548.0 315.0 1.0 51.0 1.0
Point 53 1551.0 319.0 1.0 52.0 1.0
Point 54 1552.0 323.0 1.0 53.0 1.0
Point 55 1549.0 324.0 1.0 54.0 1.0
Point 56 1547.0 327.0 1.0 55.0 1.0
Point 57 1547.0 329.0 1.0 56.0 1.0
Point 58 1548.0 327.0 1.0 57.0 1.0
Point 59 1546.0 329.0 1.0 58.0 1.0
Point 60 1546.0 332.0 1.0 59.0 1.0
Point 61 1542.0 333.0 1.0 60.0 1.0
Point 62 1539.0 332.0 1.0 61.0 1.0
Point 63 1545.0 327.0 1.0 62.0 1.0
Point 64 1538.0 332.0 1.0 63.0 1.0
Point 65 1543.0 327.0 1.0 64.0 1.0
Point 66 1545.0 327.0 1.0 65.0 1.0
Point 67 1539.0 326.0 1.0 66.0 1.0
Point 68 1544.0 325.0 1.0 67.0 1.0
Point 70 1539.0 326.0 1.0 68.0 1.0
Point 71 1535.0 331.0 1.0 69.0 1.0
Point 72 1533.0 331.0 1.0 70.0 1.0
Point 73 1536.0 328.0 1.0 71.0 1.0
Point 74 1536.0 327.0 1.0 72.0 1.0
Point 75 1537.0 331.0 1.0 73.0 1.0
Point 76 1534.0 330.0 1.0 74.0 1.0
Point 77 1537.0 332.0 1.0 75.0 1.0
Point 78 1541.0 329.0 1.0 76.0 1.0
Point 79 1537.0 334.0 1.0 77.0 1.0
Point 80 1540.0 335.0 1.0 78.0 1.0
Point 81 1545.0 331.0 1.0 79.0 1.0
Point 82 1547.0 333.0 1.0 80.0 1.0
Point 83 1542.0 335.0 1.0 81.0 1.0
Point 84 1538.0 333.0 1.0 82.0 1.0
Point 85 1540.0 334.0 1.0 83.0 1.0
Point 86 1536.0 332.0 1.0 84.0 1.0
Point 87 1528.0 333.0 1.0 85.0 1.0
Point 88 1525.0 327.0 1.0 86.0 1.0
Point 89 1519.0 323.0 1.0 87.0 1.0
Point 90 1504.0 307.0 1.0 88.0 1.0
Point 91 1479.0 296.0 1.0 89.0 1.0
Point 92 1486.0 297.0 1.0 90.0 1.0
Point 93 1493.0 300.0 1.0 91.0 1.0
Point 94 1483.0 293.0 1.0 92.0 1.0
Point 95 1489.0 302.0 1.0 93.0 1.0
Point 96 1489.0 300.0 1.0 94.0 1.0
Point 97 1486.0 297.0 1.0 95.0 1.0
Point 98 1493.0 302.0 1.0 96.0 1.0
Point 99 1486.0 297.0 1.0 97.0 1.0
Point 100 1487.0 296.0 1.0 98.0 1.0
Point 101 1480.0 296.0 1.0 99.0 1.0
Point 102 1480.0 299.0 1.0 100.0 1.0
Point 103 1484.0 297.0 1.0 101.0 1.0
Point 104 1488.0 300.0 1.0 102.0 1.0
Point 105 1482.0 298.0 1.0 103.0 1.0
Point 106 1481.0 298.0 1.0 104.0 1.0
Point 107 1474.0 297.0 1.0 105.0 1.0
Point 108 1477.0 296.0 1.0 106.0 1.0
Point 109 1480.0 293.0 1.0 107.0 1.0
Point 110 1479.0 294.0 1.0 108.0 1.0
Point 111 1480.0 297.0 1.0 109.0 1.0
Point 112 1478.0 295.0 1.0 110.0 1.0
Point 113 1481.0 298.0 1.0 111.0 1.0
Point 114 1479.0 294.0 1.0 112.0 1.0
Point 115 1482.0 302.0 1.0 113.0 1.0
Point 116 1483.0 304.0 1.0 114.0 1.0
Point 117 1491.0 303.0 1.0 115.0 1.0
Point 118 1493.0 306.0 1.0 116.0 1.0
Point 119 1494.0 306.0 1.0 117.0 1.0
Point 120 1494.0 305.0 1.0 118.0 1.0
Point 121 1488.0 299.0 1.0 119.0 1.0
Point 122 1493.0 308.0 1.0 120.0 1.0
Point 123 1496.0 310.0 1.0 121.0 1.0
Point 124 1492.0 309.0 1.0 122.0 1.0
Point 125 1494.0 307.0 1.0 123.0 1.0
Point 126 1493.0 302.0 1.0 124.0 1.0
Point 127 1493.0 303.0 1.0 125.0 1.0
Point 128 1494.0 304.0 1.0 126.0 1.0
Point 129 1494.0 300.0 1.0 127.0 1.0
Point 130 1493.0 300.0 1.0 128.0 1.0
Point 131 1492.0 301.0 1.0 129.0 1.0
Point 132 1495.0 306.0 1.0 130.0 1.0
Point 133 1492.0 302.0 1.0 131.0 1.0
Point 134 1492.0 305.0 1.0 132.0 1.0
Point 135 1484.0 295.0 1.0 133.0 1.0
Point 136 1489.0 303.0 1.0 134.0 1.0
Point 137 1487.0 298.0 1.0 135.0 1.0
Point 138 1491.0 302.0 1.0 136.0 1.0
Point 139 1484.0 295.0 1.0 137.0 1.0
Point 140 1485.0 295.0 1.0 138.0 1.0
Point 141 1488.0 298.0 1.0 139.0 1.0
Point 142 1486.0 295.0 1.0 140.0 1.0
Point 143 1486.0 288.0 1.0 141.0 1.0
Point 144 1489.0 292.0 1.0 142.0 1.0
Point 145 1487.0 286.0 1.0 143.0 1.0
Point 146 1486.0 285.0 1.0 144.0 1.0
Point 147 1487.0 284.0 1.0 145.0 1.0
Point 148 1486.0 294.0 1.0 146.0 1.0
Point 149 1486.0 286.0 1.0 147.0 1.0
Point 150 1488.0 270.0 1.0 148.0 1.0
Point 151 1489.0 273.0 1.0 149.0 1.0
Point 152 1488.0 278.0 1.0 150.0 1.0
Point 153 1494.0 264.0 1.0 151.0 1.0
Point 154 1496.0 264.0 1.0 152.0 1.0
Point 155 1496.0 260.0 1.0 153.0 1.0
Point 156 1502.0 257.0 1.0 154.0 1.0
Point 157 1494.0 263.0 1.0 155.0 1.0
Point 158 1498.0 262.0 1.0 156.0 1.0
Point 159 1510.0 253.0 1.0 157.0 1.0
Point 160 1496.0 262.0 1.0 158.0 1.0
Point 161 1492.0 271.0 1.0 159.0 1.0
Point 162 1491.0 269.0 1.0 160.0 1.0
Point 163 1487.0 276.0 1.0 161.0 1.0
Point 164 1492.0 267.0 1.0 162.0 1.0
Point 165 1487.0 274.0 1.0 163.0 1.0
Point 166 1487.0 284.0 1.0 164.0 1.0
Point 167 1489.0 298.0 1.0 165.0 1.0
Point 168 1491.0 300.0 1.0 166.0 1.0
Point 169 1495.0 301.0 1.0 167.0 1.0
Point 171 1496.0 305.0 1.0 168.0 1.0
Point 172 1503.0 310.0 1.0 169.0 1.0
Point 173 1506.0 315.0 1.0 170.0 1.0
Point 174 1509.0 322.0 1.0 171.0 1.0
Point 175 1509.0 318.0 1.0 172.0 1.0
Point 176 1507.0 321.0 1.0 173.0 1.0
Point 177 1505.0 318.0 1.0 174.0 1.0
Point 178 1500.0 316.0 1.0 175.0 1.0
Point 179 1499.0 314.0 1.0 176.0 1.0
Point 180 1505.0 315.0 1.0 177.0 1.0
Point 181 1507.0 315.0 1.0 178.0 1.0
Point 182 1508.0 312.0 1.0 179.0 1.0
Point 183 1503.0 316.0 1.0 180.0 1.0
Point 184 1505.0 312.0 1.0 181.0 1.0
Point 185 1508.0 314.0 1.0 182.0 1.0
Point 186 1508.0 320.0 1.0 183.0 1.0
Point 187 1512.0 319.0 1.0 184.0 1.0
Point 188 1505.0 325.0 1.0 185.0 1.0
Point 189 1507.0 331.0 1.0 186.0 1.0
Point 190 1504.0 337.0 1.0 187.0 1.0
Point 191 1501.0 324.0 1.0 188.0 1.0
Point 192 1505.0 343.0 1.0 189.0 1.0
Point 193 1505.0 329.0 1.0 190.0 1.0
Point 194 1502.0 326.0 1.0 191.0 1.0
Point 195 1502.0 330.0 1.0 192.0 1.0
Point 196 1500.0 317.0 1.0 193.0 1.0
Point 197 1498.0 320.0 1.0 194.0 1.0
Point 198 1500.0 321.0 1.0 195.0 1.0
Point 199 1500.0 317.0 1.0 196.0 1.0
Point 200 1499.0 318.0 1.0 197.0 1.0
Point 201 1498.0 317.0 1.0 198.0 1.0
Point 202 1502.0 323.0 1.0 199.0 1.0
Point 203 1500.0 326.0 1.0 200.0 1.0
Point 204 1500.0 333.0 1.0 201.0 1.0
Point 205 1499.0 330.0 1.0 202.0 1.0
Point 206 1491.0 331.0 1.0 203.0 1.0
Point 207 1489.0 329.0 1.0 204.0 1.0
Point 208 1481.0 317.0 1.0 205.0 1.0
Point 209 1477.0 316.0 1.0 206.0 1.0
Point 210 1474.0 307.0 1.0 207.0 1.0
Point 211 1470.0 306.0 1.0 208.0 1.0
Point 212 1473.0 309.0 1.0 209.0 1.0
Point 213 1476.0 316.0 1.0 210.0 1.0
Point 214 1472.0 319.0 1.0 211.0 1.0
Point 215 1472.0 322.0 1.0 212.0 1.0
Point 216 1476.0 327.0 1.0 213.0 1.0
Point 217 1473.0 325.0 1.0 214.0 1.0
Point 218 1474.0 327.0 1.0 215.0 1.0
Point 219 1469.0 320.0 1.0 216.0 1.0
Point 220 1473.0 324.0 1.0 217.0 1.0
Point 221 1477.0 328.0 1.0 218.0 1.0
Point 222 1479.0 327.0 1.0 219.0 1.0
Point 223 1477.0 328.0 1.0 220.0 1.0
Point 224 1468.0 322.0 1.0 221.0 1.0
Point 225 1471.0 324.0 1.0 222.0 1.0
Point 226 1472.0 329.0 1.0 223.0 1.0
Point 227 1469.0 329.0 1.0 224.0 1.0
Point 228 1472.0 328.0 1.0 225.0 1.0
Point 229 1468.0 327.0 1.0 226.0 1.0
Point 230 1465.0 322.0 1.0 227.0 1.0
Point 231 1474.0 331.0 1.0 228.0 1.0
Point 232 1474.0 330.0 1.0 229.0 1.0
Point 233 1477.0 334.0 1.0 230.0 1.0
Point 234 1471.0 328.0 1.0 231.0 1.0
Point 235 1470.0 328.0 1.0 232.0 1.0
Point 236 1468.0 328.0 1.0 233.0 1.0
Point 237 1465.0 327.0 1.0 234.0 1.0
Point 238 1463.0 334.0 1.0 235.0 1.0
Point 239 1470.0 343.0 1.0 236.0 1.0
Point 240 1470.0 343.0 1.0 237.0 1.0
Point 241 1478.0 337.0 1.0 238.0 1.0
Point 242 1471.0 336.0 1.0 239.0 1.0
Point 243 1467.0 332.0 1.0 240.0 1.0
End of MTrackJ Data File
