MTrackJ 1.5.1 Data File
Displaying true true true 2 0 0 0 100 10 0 0 0 0 1 12 0 true true true false
Assembly 1 FF0000
Cluster 1 FF0000
Track 1 FF0000 true
Point 1 824.8333333333333 607.8333333333334 1.0 1.0 3.0
Point 2 834.1666666666667 603.1666666666667 1.0 2.0 3.0
Point 3 836.8333333333333 597.1666666666667 1.0 3.0 3.0
Point 4 841.5 593.8333333333333 1.0 4.0 3.0
Point 5 845.5 591.1666666666667 1.0 5.0 3.0
Point 6 843.5 579.1666666666667 1.0 6.0 3.0
Point 7 844.1666666666667 575.8333333333333 1.0 7.0 3.0
Point 8 848.1666666666667 573.1666666666667 1.0 8.0 3.0
Point 9 846.1666666666667 573.8333333333333 1.0 9.0 3.0
Point 10 847.5 568.5 1.0 10.0 3.0
Point 11 849.5 560.5 1.0 11.0 3.0
Point 12 849.5 560.5 1.0 12.0 3.0
Point 13 849.5 563.8333333333333 1.0 13.0 3.0
Point 14 848.8333333333333 561.8333333333333 1.0 14.0 3.0
Point 15 846.8333333333333 555.1666666666667 1.0 15.0 3.0
Point 16 849.5 554.5 1.0 16.0 3.0
Point 17 846.8333333333333 549.8333333333333 1.0 17.0 3.0
Point 18 850.8333333333333 544.5 1.0 18.0 3.0
Point 19 848.8333333333333 547.8333333333333 1.0 19.0 3.0
Point 20 849.5 542.5 1.0 20.0 3.0
Point 21 853.5 541.1666666666667 1.0 21.0 3.0
Point 22 853.5 538.5 1.0 22.0 3.0
Point 23 854.1666666666667 535.1666666666667 1.0 23.0 3.0
Point 24 856.1666666666667 530.5 1.0 24.0 3.0
Point 25 854.1666666666667 525.1666666666667 1.0 25.0 3.0
Point 26 855.5 523.1666666666667 1.0 26.0 3.0
Point 27 854.1666666666667 522.5 1.0 27.0 3.0
Point 28 852.8333333333333 518.5 1.0 28.0 3.0
Point 29 856.8333333333333 517.1666666666667 1.0 29.0 3.0
Point 30 857.5 515.8333333333333 1.0 30.0 3.0
Point 31 860.1666666666667 506.5 1.0 31.0 3.0
Point 32 854.8333333333333 511.83333333333326 1.0 32.0 3.0
Point 33 856.8333333333333 503.8333333333333 1.0 33.0 3.0
Point 34 858.8333333333333 506.5 1.0 34.0 3.0
Point 35 854.8333333333333 506.5 1.0 35.0 3.0
Point 36 854.1666666666667 501.8333333333333 1.0 36.0 3.0
Point 37 854.1666666666667 502.5 1.0 37.0 3.0
Point 38 851.5 501.8333333333333 1.0 38.0 3.0
Point 39 849.5 501.8333333333333 1.0 39.0 3.0
Point 40 850.1666666666667 499.1666666666667 1.0 40.0 3.0
Point 41 848.8333333333333 499.8333333333333 1.0 41.0 3.0
Point 42 842.1666666666667 495.1666666666667 1.0 42.0 3.0
Point 43 845.5 494.5 1.0 43.0 3.0
Point 44 844.1666666666667 495.8333333333333 1.0 44.0 3.0
Point 45 840.8333333333333 493.1666666666667 1.0 45.0 3.0
Point 46 842.1666666666667 493.8333333333333 1.0 46.0 3.0
Point 47 842.8333333333333 491.8333333333333 1.0 47.0 3.0
Point 48 841.5 491.1666666666667 1.0 48.0 3.0
Point 49 844.8333333333333 491.1666666666667 1.0 49.0 3.0
Point 50 841.5 487.8333333333333 1.0 50.0 3.0
Point 51 842.1666666666667 490.5 1.0 51.0 3.0
Point 52 842.8333333333333 487.8333333333333 1.0 52.0 3.0
Point 53 844.8333333333333 486.5 1.0 53.0 3.0
Point 54 842.1666666666667 489.1666666666667 1.0 54.0 3.0
Point 55 836.1666666666667 485.1666666666667 1.0 55.0 3.0
Point 56 833.5 487.1666666666667 1.0 56.0 3.0
Point 57 841.5 487.8333333333333 1.0 57.0 3.0
Point 58 854.8333333333333 497.8333333333333 1.0 58.0 3.0
Point 59 848.8333333333333 496.5 1.0 59.0 3.0
Point 60 868.1666666666667 505.1666666666667 1.0 60.0 3.0
Point 61 860.1666666666667 499.1666666666667 1.0 61.0 3.0
Point 62 844.8333333333333 489.1666666666667 1.0 62.0 3.0
Point 63 836.8333333333333 483.8333333333333 1.0 63.0 3.0
Point 64 861.5 495.1666666666667 1.0 64.0 3.0
Point 65 848.1666666666667 489.8333333333333 1.0 65.0 3.0
Point 66 848.8333333333333 492.5 1.0 66.0 3.0
Point 67 844.8333333333333 491.1666666666667 1.0 67.0 3.0
Point 68 844.8333333333333 485.8333333333333 1.0 68.0 3.0
Point 69 843.5 481.8333333333333 1.0 69.0 3.0
Point 70 838.1666666666667 481.1666666666667 1.0 70.0 3.0
Point 71 838.1666666666667 481.1666666666667 1.0 71.0 3.0
Point 72 838.1666666666667 481.1666666666667 1.0 72.0 3.0
Point 73 844.1666666666667 481.8333333333333 1.0 73.0 3.0
Point 74 837.5 479.1666666666667 1.0 74.0 3.0
Point 75 840.1666666666667 472.5 1.0 75.0 3.0
Point 76 839.5 470.5 1.0 76.0 3.0
Point 77 838.8333333333333 459.1666666666667 1.0 77.0 3.0
Point 78 836.8333333333333 467.1666666666667 1.0 78.0 3.0
Point 79 840.1666666666667 464.5 1.0 79.0 3.0
Point 80 830.8333333333333 443.8333333333333 1.0 80.0 3.0
Point 81 828.1666666666667 447.8333333333333 1.0 81.0 3.0
Point 82 832.1666666666667 451.1666666666667 1.0 82.0 3.0
Point 83 835.5 463.8333333333333 1.0 83.0 3.0
Point 84 831.5 462.5 1.0 84.0 3.0
Point 85 832.1666666666667 459.1666666666667 1.0 85.0 3.0
Point 86 827.5 439.1666666666667 1.0 86.0 3.0
Point 87 832.1666666666667 453.1666666666667 1.0 87.0 3.0
Point 88 832.1666666666667 457.8333333333333 1.0 88.0 3.0
Point 89 832.1666666666667 439.8333333333333 1.0 89.0 3.0
Point 90 832.1666666666667 463.1666666666667 1.0 90.0 3.0
Point 91 831.5 454.5 1.0 91.0 3.0
Point 92 833.5 455.8333333333333 1.0 92.0 3.0
Point 93 834.1666666666667 455.8333333333333 1.0 93.0 3.0
Point 94 832.1666666666667 453.1666666666667 1.0 94.0 3.0
Point 95 822.8333333333333 442.5 1.0 95.0 3.0
Point 96 827.5 454.5 1.0 96.0 3.0
Point 97 829.5 457.1666666666667 1.0 97.0 3.0
Point 98 828.8333333333333 459.8333333333333 1.0 98.0 3.0
Point 99 818.1666666666667 467.1666666666667 1.0 99.0 3.0
Point 100 808.8333333333333 473.1666666666667 1.0 100.0 3.0
Point 101 811.5 470.5 1.0 101.0 3.0
Point 102 810.8333333333333 455.8333333333333 1.0 102.0 3.0
Point 103 816.1666666666667 457.1666666666667 1.0 103.0 3.0
Point 104 815.5 451.8333333333333 1.0 104.0 3.0
Point 105 815.5 454.5 1.0 105.0 3.0
Point 106 812.1666666666667 451.8333333333333 1.0 106.0 3.0
Point 107 814.1666666666667 451.8333333333333 1.0 107.0 3.0
Point 108 813.5 457.8333333333333 1.0 108.0 3.0
Point 109 813.5 453.1666666666667 1.0 109.0 3.0
Point 110 813.5 449.1666666666667 1.0 110.0 3.0
Point 111 811.5 446.5 1.0 111.0 3.0
Point 112 812.1666666666667 446.5 1.0 112.0 3.0
Point 113 816.1666666666667 449.1666666666667 1.0 113.0 3.0
Point 114 812.8333333333333 445.8333333333333 1.0 114.0 3.0
Point 115 814.1666666666667 446.5 1.0 115.0 3.0
Point 116 814.8333333333333 447.8333333333333 1.0 116.0 3.0
Point 117 817.5 445.8333333333333 1.0 117.0 3.0
Point 118 814.1666666666667 449.1666666666667 1.0 118.0 3.0
Point 119 823.5 444.5 1.0 119.0 3.0
Point 120 826.8333333333333 441.1666666666667 1.0 120.0 3.0
Point 121 826.8333333333333 441.1666666666667 1.0 121.0 3.0
Point 122 824.1666666666667 446.5 1.0 122.0 3.0
Point 123 824.1666666666667 445.1666666666667 1.0 123.0 3.0
Point 124 826.8333333333333 443.1666666666667 1.0 124.0 3.0
Point 125 827.5 443.8333333333333 1.0 125.0 3.0
Point 126 829.5 444.5 1.0 126.0 3.0
Point 127 834.8333333333333 445.8333333333333 1.0 127.0 3.0
Point 128 830.1666666666667 443.8333333333333 1.0 128.0 3.0
Point 129 831.5 442.5 1.0 129.0 3.0
Point 130 851.5 462.5 1.0 130.0 3.0
Point 131 866.8333333333333 468.5 1.0 131.0 3.0
Point 132 859.5 465.1666666666667 1.0 132.0 3.0
Point 133 883.5 471.8333333333333 1.0 133.0 3.0
Point 134 852.1666666666667 459.8333333333333 1.0 134.0 3.0
Point 135 858.8333333333333 463.1666666666667 1.0 135.0 3.0
Point 136 862.8333333333333 465.8333333333333 1.0 136.0 3.0
Point 137 859.5 461.8333333333333 1.0 137.0 3.0
Point 138 832.8333333333333 436.5 1.0 138.0 3.0
Point 139 838.8333333333333 439.8333333333333 1.0 139.0 3.0
Point 140 860.1666666666667 459.8333333333333 1.0 140.0 3.0
Point 141 840.1666666666667 445.1666666666667 1.0 141.0 3.0
Point 142 837.5 443.1666666666667 1.0 142.0 3.0
Point 143 838.1666666666667 442.5 1.0 143.0 3.0
Point 144 838.1666666666667 442.5 1.0 144.0 3.0
Point 145 832.8333333333333 445.8333333333333 1.0 145.0 3.0
Point 146 835.5 447.1666666666667 1.0 146.0 3.0
Point 147 838.1666666666667 448.5 1.0 147.0 3.0
Point 148 833.5 448.5 1.0 148.0 3.0
Point 149 830.8333333333333 445.1666666666667 1.0 149.0 3.0
Point 150 833.5 441.1666666666667 1.0 150.0 3.0
Point 151 829.5 445.8333333333333 1.0 151.0 3.0
Point 152 834.1666666666667 440.5 1.0 152.0 3.0
Point 153 824.1666666666667 443.1666666666667 1.0 153.0 3.0
Point 154 826.1666666666667 438.5 1.0 154.0 3.0
Point 155 825.5 439.8333333333333 1.0 155.0 3.0
Point 156 828.8333333333333 437.8333333333333 1.0 156.0 3.0
Point 157 830.8333333333333 437.8333333333333 1.0 157.0 3.0
Point 158 830.8333333333333 438.5 1.0 158.0 3.0
Point 159 856.1666666666667 449.8333333333333 1.0 159.0 3.0
Point 160 853.5 451.8333333333333 1.0 160.0 3.0
Point 161 848.1666666666667 445.8333333333333 1.0 161.0 3.0
Point 162 854.1666666666667 449.8333333333333 1.0 162.0 3.0
Point 163 875.5 465.8333333333333 1.0 163.0 3.0
Point 164 861.5 457.8333333333333 1.0 164.0 3.0
Point 165 843.5 451.8333333333333 1.0 165.0 3.0
Point 166 840.8333333333333 450.5 1.0 166.0 3.0
Point 167 842.8333333333333 447.1666666666667 1.0 167.0 3.0
Point 168 834.8333333333333 437.8333333333333 1.0 168.0 3.0
Point 169 838.1666666666667 431.8333333333333 1.0 169.0 3.0
Point 170 836.1666666666667 427.8333333333333 1.0 170.0 3.0
Point 171 835.5 423.8333333333333 1.0 171.0 3.0
Point 172 834.1666666666667 417.8333333333333 1.0 172.0 3.0
Point 173 837.5 408.5 1.0 173.0 3.0
Point 174 837.5 401.8333333333333 1.0 174.0 3.0
Point 175 841.5 392.5 1.0 175.0 3.0
Point 176 844.8333333333333 387.1666666666667 1.0 176.0 3.0
Point 177 847.5 383.8333333333333 1.0 177.0 3.0
Point 178 839.5 388.5 1.0 178.0 3.0
Point 179 837.5 389.1666666666667 1.0 179.0 3.0
Point 180 836.1666666666667 392.5 1.0 180.0 3.0
Point 181 834.8333333333333 397.8333333333333 1.0 181.0 3.0
Point 182 832.1666666666667 401.8333333333333 1.0 182.0 3.0
Point 183 832.1666666666667 401.8333333333333 1.0 183.0 3.0
Point 184 830.8333333333333 405.1666666666667 1.0 184.0 3.0
Point 185 826.8333333333333 408.5 1.0 185.0 3.0
Point 186 826.8333333333333 408.5 1.0 186.0 3.0
Point 187 826.8333333333333 408.5 1.0 187.0 3.0
Point 188 826.8333333333333 408.5 1.0 188.0 3.0
Point 189 826.8333333333333 408.5 1.0 189.0 3.0
Point 190 825.5 404.5 1.0 190.0 3.0
Point 191 825.5 404.5 1.0 191.0 3.0
Point 192 825.5 404.5 1.0 192.0 3.0
Point 193 825.5 404.5 1.0 193.0 3.0
Point 194 824.8333333333333 405.1666666666667 1.0 194.0 3.0
Point 195 824.1666666666667 405.1666666666667 1.0 195.0 3.0
Point 196 823.5 404.5 1.0 196.0 3.0
Point 197 824.1666666666667 401.1666666666667 1.0 197.0 3.0
Point 198 824.8333333333333 401.1666666666667 1.0 198.0 3.0
Point 199 832.1666666666667 401.8333333333333 1.0 199.0 3.0
Point 200 832.8333333333333 400.5 1.0 200.0 3.0
Point 201 835.5 398.5 1.0 201.0 3.0
Point 202 829.5 395.1666666666667 1.0 202.0 3.0
Point 203 830.8333333333333 393.1666666666667 1.0 203.0 3.0
Point 204 828.1666666666667 391.1666666666667 1.0 204.0 3.0
Point 205 828.1666666666667 390.5 1.0 205.0 3.0
Point 206 828.8333333333333 383.8333333333333 1.0 206.0 3.0
Point 207 828.8333333333333 383.8333333333333 1.0 207.0 3.0
Point 208 828.1666666666667 383.8333333333333 1.0 208.0 3.0
Point 209 816.8333333333333 370.5 1.0 209.0 3.0
Point 210 821.5 389.1666666666667 1.0 210.0 3.0
Point 211 821.5 381.8333333333333 1.0 211.0 3.0
Point 212 821.5 383.1666666666667 1.0 212.0 3.0
Point 213 822.8333333333333 380.5 1.0 213.0 3.0
Point 214 819.5 377.8333333333333 1.0 214.0 3.0
Point 215 817.5 373.8333333333333 1.0 215.0 3.0
Point 216 818.1666666666667 373.8333333333333 1.0 216.0 3.0
Point 217 818.1666666666667 373.8333333333333 1.0 217.0 3.0
Point 218 814.8333333333333 369.1666666666667 1.0 218.0 3.0
Point 219 814.8333333333333 369.1666666666667 1.0 219.0 3.0
Point 220 814.8333333333333 369.1666666666667 1.0 220.0 3.0
Point 221 814.8333333333333 369.1666666666667 1.0 221.0 3.0
Point 222 814.8333333333333 369.1666666666667 1.0 222.0 3.0
Point 223 810.8333333333333 356.5 1.0 223.0 3.0
Point 227 810.8333333333333 361.8333333333333 1.0 224.0 3.0
End of MTrackJ Data File
