MTrackJ 1.5.1 Data File
Displaying true true true 2 0 0 0 100 10 0 0 0 0 1 12 0 true true true false
Assembly 1 FF0000
Cluster 1 FF0000
Track 1 FF0000 true
Point 1 824.1666666666667 593.1666666666667 1.0 1.0 3.0
Point 2 825.5 591.8333333333333 1.0 2.0 3.0
Point 3 832.1666666666667 585.1666666666667 1.0 3.0 3.0
Point 4 834.1666666666667 580.5 1.0 4.0 3.0
Point 5 836.8333333333333 579.1666666666667 1.0 5.0 3.0
Point 6 840.8333333333333 571.8333333333333 1.0 6.0 3.0
Point 7 844.8333333333333 567.8333333333333 1.0 7.0 3.0
Point 8 844.1666666666667 565.1666666666667 1.0 8.0 3.0
Point 9 845.5 563.1666666666667 1.0 9.0 3.0
Point 10 846.1666666666667 557.8333333333333 1.0 10.0 3.0
Point 11 846.1666666666667 553.8333333333333 1.0 11.0 3.0
Point 12 846.1666666666667 551.8333333333333 1.0 12.0 3.0
Point 13 846.1666666666667 550.5 1.0 13.0 3.0
Point 14 846.1666666666667 547.8333333333333 1.0 14.0 3.0
Point 15 844.8333333333333 547.1666666666667 1.0 15.0 3.0
Point 16 846.1666666666667 541.8333333333333 1.0 16.0 3.0
Point 17 846.1666666666667 538.5 1.0 17.0 3.0
Point 18 848.1666666666667 535.1666666666667 1.0 18.0 3.0
Point 19 848.1666666666667 535.1666666666667 1.0 19.0 3.0
Point 20 848.1666666666667 535.1666666666667 1.0 20.0 3.0
Point 21 851.5 531.8333333333333 1.0 21.0 3.0
Point 22 853.5 529.8333333333333 1.0 22.0 3.0
Point 23 854.8333333333333 526.5 1.0 23.0 3.0
Point 24 854.8333333333333 525.8333333333333 1.0 24.0 3.0
Point 25 854.8333333333333 525.1666666666667 1.0 25.0 3.0
Point 26 854.1666666666667 521.1666666666667 1.0 26.0 3.0
Point 27 856.1666666666667 517.8333333333333 1.0 27.0 3.0
Point 28 857.5 513.8333333333333 1.0 28.0 3.0
Point 29 857.5 513.8333333333333 1.0 29.0 3.0
Point 30 856.8333333333333 513.8333333333333 1.0 30.0 3.0
Point 31 855.5 513.1666666666667 1.0 31.0 3.0
Point 32 856.1666666666667 511.1666666666667 1.0 32.0 3.0
Point 33 855.5 509.1666666666667 1.0 33.0 3.0
Point 34 855.5 507.1666666666667 1.0 34.0 3.0
Point 35 855.5 507.1666666666667 1.0 35.0 3.0
Point 36 855.5 506.5 1.0 36.0 3.0
Point 37 853.5 502.5 1.0 37.0 3.0
Point 38 852.8333333333333 503.8333333333333 1.0 38.0 3.0
Point 39 852.8333333333333 504.5 1.0 39.0 3.0
Point 40 852.8333333333333 504.5 1.0 40.0 3.0
Point 41 851.5 501.1666666666667 1.0 41.0 3.0
Point 42 848.1666666666667 497.8333333333333 1.0 42.0 3.0
Point 43 848.1666666666667 497.8333333333333 1.0 43.0 3.0
Point 44 848.1666666666667 496.5 1.0 44.0 3.0
Point 45 847.5 492.5 1.0 45.0 3.0
Point 46 847.5 492.5 1.0 46.0 3.0
Point 47 848.1666666666667 489.8333333333333 1.0 47.0 3.0
Point 48 848.1666666666667 489.1666666666667 1.0 48.0 3.0
Point 49 848.1666666666667 490.5 1.0 49.0 3.0
Point 50 848.1666666666667 491.1666666666667 1.0 50.0 3.0
Point 51 848.8333333333333 488.5 1.0 51.0 3.0
Point 52 848.8333333333333 488.5 1.0 52.0 3.0
Point 53 848.8333333333333 486.5 1.0 53.0 3.0
Point 54 848.1666666666667 485.8333333333333 1.0 54.0 3.0
Point 55 848.1666666666667 485.8333333333333 1.0 55.0 3.0
Point 56 846.8333333333333 484.5 1.0 56.0 3.0
Point 57 843.5 485.1666666666667 1.0 57.0 3.0
Point 58 843.5 485.1666666666667 1.0 58.0 3.0
Point 59 843.5 485.1666666666667 1.0 59.0 3.0
Point 60 839.5 479.8333333333333 1.0 60.0 3.0
Point 61 840.8333333333333 481.8333333333333 1.0 61.0 3.0
Point 62 842.1666666666667 481.1666666666667 1.0 62.0 3.0
Point 63 840.8333333333333 479.8333333333333 1.0 63.0 3.0
Point 64 839.5 479.1666666666667 1.0 64.0 3.0
Point 65 839.5 480.5 1.0 65.0 3.0
Point 66 840.8333333333333 478.5 1.0 66.0 3.0
Point 67 840.8333333333333 478.5 1.0 67.0 3.0
Point 68 838.8333333333333 477.8333333333333 1.0 68.0 3.0
Point 69 838.1666666666667 477.8333333333333 1.0 69.0 3.0
Point 70 837.5 475.8333333333333 1.0 70.0 3.0
Point 71 837.5 475.8333333333333 1.0 71.0 3.0
Point 72 837.5 475.8333333333333 1.0 72.0 3.0
Point 73 837.5 475.8333333333333 1.0 73.0 3.0
Point 74 837.5 475.8333333333333 1.0 74.0 3.0
Point 75 837.5 475.8333333333333 1.0 75.0 3.0
Point 76 836.8333333333333 473.8333333333333 1.0 76.0 3.0
Point 77 837.5 471.8333333333333 1.0 77.0 3.0
Point 78 836.8333333333333 470.5 1.0 78.0 3.0
Point 79 834.8333333333333 469.1666666666667 1.0 79.0 3.0
Point 80 833.5 467.8333333333333 1.0 80.0 3.0
Point 81 833.5 467.8333333333333 1.0 81.0 3.0
Point 82 832.1666666666667 467.1666666666667 1.0 82.0 3.0
Point 83 830.1666666666667 466.5 1.0 83.0 3.0
Point 84 830.1666666666667 466.5 1.0 84.0 3.0
Point 85 830.1666666666667 466.5 1.0 85.0 3.0
Point 86 827.5 463.8333333333333 1.0 86.0 3.0
Point 87 826.1666666666667 463.1666666666667 1.0 87.0 3.0
Point 88 826.1666666666667 463.1666666666667 1.0 88.0 3.0
Point 89 826.1666666666667 463.1666666666667 1.0 89.0 3.0
Point 90 826.1666666666667 463.1666666666667 1.0 90.0 3.0
Point 91 826.1666666666667 463.1666666666667 1.0 91.0 3.0
Point 92 825.5 461.1666666666667 1.0 92.0 3.0
Point 93 823.5 460.5 1.0 93.0 3.0
Point 94 823.5 458.5 1.0 94.0 3.0
Point 95 824.1666666666667 457.8333333333333 1.0 95.0 3.0
Point 96 824.1666666666667 457.8333333333333 1.0 96.0 3.0
Point 97 824.1666666666667 457.8333333333333 1.0 97.0 3.0
Point 98 821.5 458.5 1.0 98.0 3.0
Point 99 821.5 458.5 1.0 99.0 3.0
Point 100 821.5 458.5 1.0 100.0 3.0
Point 101 820.1666666666667 459.1666666666667 1.0 101.0 3.0
Point 102 819.5 459.1666666666667 1.0 102.0 3.0
Point 103 819.5 459.1666666666667 1.0 103.0 3.0
Point 104 819.5 459.1666666666667 1.0 104.0 3.0
Point 105 822.1666666666667 458.5 1.0 105.0 3.0
Point 106 824.1666666666667 457.8333333333333 1.0 106.0 3.0
Point 107 824.8333333333333 457.8333333333333 1.0 107.0 3.0
Point 108 823.5 457.1666666666667 1.0 108.0 3.0
Point 109 823.5 457.1666666666667 1.0 109.0 3.0
Point 110 823.5 457.1666666666667 1.0 110.0 3.0
Point 111 820.1666666666667 456.5 1.0 111.0 3.0
Point 112 820.8333333333333 455.1666666666667 1.0 112.0 3.0
Point 113 821.5 453.8333333333333 1.0 113.0 3.0
Point 114 821.5 453.8333333333333 1.0 114.0 3.0
Point 115 821.5 453.8333333333333 1.0 115.0 3.0
Point 116 821.5 453.8333333333333 1.0 116.0 3.0
Point 117 821.5 453.8333333333333 1.0 117.0 3.0
Point 118 821.5 453.8333333333333 1.0 118.0 3.0
Point 119 822.1666666666667 452.5 1.0 119.0 3.0
Point 120 822.1666666666667 451.8333333333333 1.0 120.0 3.0
Point 121 823.5 450.5 1.0 121.0 3.0
Point 122 823.5 449.8333333333333 1.0 122.0 3.0
Point 123 824.8333333333333 447.8333333333333 1.0 123.0 3.0
Point 124 825.5 446.5 1.0 124.0 3.0
Point 125 825.5 446.5 1.0 125.0 3.0
Point 126 825.5 446.5 1.0 126.0 3.0
Point 127 825.5 446.5 1.0 127.0 3.0
Point 128 825.5 446.5 1.0 128.0 3.0
Point 129 825.5 446.5 1.0 129.0 3.0
Point 130 827.5 446.5 1.0 130.0 3.0
Point 131 831.5 449.1666666666667 1.0 131.0 3.0
Point 132 834.8333333333333 450.5 1.0 132.0 3.0
Point 133 835.5 450.5 1.0 133.0 3.0
Point 134 834.8333333333333 450.5 1.0 134.0 3.0
Point 135 829.5 447.1666666666667 1.0 135.0 3.0
Point 136 829.5 447.1666666666667 1.0 136.0 3.0
Point 137 829.5 447.1666666666667 1.0 137.0 3.0
Point 138 830.8333333333333 446.5 1.0 138.0 3.0
Point 139 830.1666666666667 445.8333333333333 1.0 139.0 3.0
Point 140 830.1666666666667 445.1666666666667 1.0 140.0 3.0
Point 141 830.1666666666667 445.1666666666667 1.0 141.0 3.0
Point 142 828.1666666666667 443.1666666666667 1.0 142.0 3.0
Point 143 827.5 442.5 1.0 143.0 3.0
Point 144 828.1666666666667 442.5 1.0 144.0 3.0
Point 145 825.5 441.1666666666667 1.0 145.0 3.0
Point 146 825.5 441.1666666666667 1.0 146.0 3.0
Point 147 824.8333333333333 444.5 1.0 147.0 3.0
Point 148 826.8333333333333 441.8333333333333 1.0 148.0 3.0
Point 149 826.8333333333333 443.1666666666667 1.0 149.0 3.0
Point 150 826.1666666666667 443.1666666666667 1.0 150.0 3.0
Point 151 825.5 443.8333333333333 1.0 151.0 3.0
Point 152 825.5 443.8333333333333 1.0 152.0 3.0
Point 153 825.5 443.8333333333333 1.0 153.0 3.0
Point 154 822.8333333333333 441.8333333333333 1.0 154.0 3.0
Point 155 822.8333333333333 437.8333333333333 1.0 155.0 3.0
Point 156 818.1666666666667 433.8333333333333 1.0 156.0 3.0
Point 157 819.5 431.8333333333333 1.0 157.0 3.0
Point 158 818.8333333333333 431.8333333333333 1.0 158.0 3.0
Point 159 818.8333333333333 431.8333333333333 1.0 159.0 3.0
Point 160 823.5 438.5 1.0 160.0 3.0
Point 161 825.5 434.5 1.0 161.0 3.0
Point 162 825.5 434.5 1.0 162.0 3.0
Point 163 825.5 435.1666666666667 1.0 163.0 3.0
Point 164 830.1666666666667 439.8333333333333 1.0 164.0 3.0
Point 165 830.1666666666667 437.8333333333333 1.0 165.0 3.0
Point 166 827.5 437.1666666666667 1.0 166.0 3.0
Point 167 826.1666666666667 434.5 1.0 167.0 3.0
Point 168 826.1666666666667 434.5 1.0 168.0 3.0
Point 169 822.8333333333333 434.5 1.0 169.0 3.0
Point 170 822.8333333333333 431.1666666666667 1.0 170.0 3.0
Point 171 822.8333333333333 429.8333333333333 1.0 171.0 3.0
Point 172 821.5 427.8333333333333 1.0 172.0 3.0
Point 173 827.5 421.8333333333333 1.0 173.0 3.0
Point 174 825.5 413.8333333333333 1.0 174.0 3.0
Point 175 831.5 411.1666666666667 1.0 175.0 3.0
Point 176 831.5 411.1666666666667 1.0 176.0 3.0
Point 177 827.5 409.8333333333333 1.0 177.0 3.0
Point 178 826.1666666666667 405.8333333333333 1.0 178.0 3.0
Point 179 816.8333333333333 409.1666666666667 1.0 179.0 3.0
Point 180 817.5 412.5 1.0 180.0 3.0
Point 181 818.8333333333333 411.8333333333333 1.0 181.0 3.0
Point 182 818.8333333333333 411.8333333333333 1.0 182.0 3.0
Point 183 819.5 409.1666666666667 1.0 183.0 3.0
Point 184 819.5 409.1666666666667 1.0 184.0 3.0
Point 185 819.5 409.1666666666667 1.0 185.0 3.0
Point 186 818.8333333333333 408.5 1.0 186.0 3.0
Point 187 818.8333333333333 408.5 1.0 187.0 3.0
Point 188 812.8333333333333 407.8333333333333 1.0 188.0 3.0
Point 189 812.8333333333333 407.8333333333333 1.0 189.0 3.0
Point 190 813.5 407.8333333333333 1.0 190.0 3.0
Point 191 813.5 409.8333333333333 1.0 191.0 3.0
Point 192 813.5 410.5 1.0 192.0 3.0
Point 193 813.5 410.5 1.0 193.0 3.0
Point 194 812.8333333333333 411.8333333333333 1.0 194.0 3.0
Point 195 812.1666666666667 412.5 1.0 195.0 3.0
Point 196 812.1666666666667 412.5 1.0 196.0 3.0
Point 197 812.8333333333333 411.8333333333333 1.0 197.0 3.0
Point 198 814.8333333333333 410.5 1.0 198.0 3.0
Point 199 814.8333333333333 410.5 1.0 199.0 3.0
Point 200 814.8333333333333 410.5 1.0 200.0 3.0
Point 201 819.5 407.8333333333333 1.0 201.0 3.0
Point 202 816.1666666666667 403.1666666666667 1.0 202.0 3.0
Point 203 816.8333333333333 402.5 1.0 203.0 3.0
Point 204 816.8333333333333 402.5 1.0 204.0 3.0
Point 205 815.5 401.8333333333333 1.0 205.0 3.0
Point 206 816.1666666666667 397.8333333333333 1.0 206.0 3.0
Point 207 816.1666666666667 395.8333333333333 1.0 207.0 3.0
Point 208 816.1666666666667 395.8333333333333 1.0 208.0 3.0
Point 209 814.8333333333333 396.5 1.0 209.0 3.0
Point 210 814.8333333333333 396.5 1.0 210.0 3.0
Point 211 814.8333333333333 395.8333333333333 1.0 211.0 3.0
Point 212 812.1666666666667 394.5 1.0 212.0 3.0
Point 213 812.1666666666667 394.5 1.0 213.0 3.0
Point 214 812.1666666666667 394.5 1.0 214.0 3.0
Point 215 812.1666666666667 394.5 1.0 215.0 3.0
Point 216 813.5 390.5 1.0 216.0 3.0
Point 217 810.8333333333333 383.8333333333333 1.0 217.0 3.0
Point 218 810.1666666666667 385.1666666666667 1.0 218.0 3.0
Point 219 810.1666666666667 385.8333333333333 1.0 219.0 3.0
Point 220 810.1666666666667 385.8333333333333 1.0 220.0 3.0
Point 221 809.5 384.5 1.0 221.0 3.0
Point 222 808.1666666666667 384.5 1.0 222.0 3.0
Point 223 808.1666666666667 384.5 1.0 223.0 3.0
Point 225 809.5 380.5 1.0 224.0 3.0
End of MTrackJ Data File
