MTrackJ 1.5.1 Data File
Displaying false true true 1 0 0 0 100 16 0 0 0 0 1 0 1 false false true false
Assembly 1 FF0000
Cluster 1 FF0000
Track 1 FF0000 true
Point 1 901.0 840.0 1.0 1.0 1.0
Point 2 902.0 837.0 1.0 2.0 1.0
Point 3 900.0 830.0 1.0 3.0 1.0
Point 4 903.0 825.0 1.0 4.0 1.0
Point 5 901.0 816.0 1.0 5.0 1.0
Point 6 902.0 814.0 1.0 6.0 1.0
Point 12 905.0 806.0 1.0 7.0 1.0
Point 13 905.0 804.0 1.0 8.0 1.0
Point 14 907.0 800.0 1.0 9.0 1.0
Point 15 907.0 795.0 1.0 10.0 1.0
Point 16 907.0 787.0 1.0 11.0 1.0
Point 17 905.0 784.0 1.0 12.0 1.0
Point 18 906.0 777.0 1.0 13.0 1.0
Point 19 906.0 773.0 1.0 14.0 1.0
Point 20 908.0 767.0 1.0 15.0 1.0
Point 21 909.0 763.0 1.0 16.0 1.0
Point 22 908.0 760.0 1.0 17.0 1.0
Point 23 909.0 759.0 1.0 18.0 1.0
Point 24 910.0 756.0 1.0 19.0 1.0
Point 25 908.0 752.0 1.0 20.0 1.0
Point 26 909.0 751.0 1.0 21.0 1.0
Point 27 909.0 747.0 1.0 22.0 1.0
Point 28 909.0 745.0 1.0 23.0 1.0
Point 29 910.0 740.0 1.0 24.0 1.0
Point 30 910.0 735.0 1.0 25.0 1.0
Point 31 910.0 732.0 1.0 26.0 1.0
Point 32 907.0 729.0 1.0 27.0 1.0
Point 33 909.0 726.0 1.0 28.0 1.0
Point 34 907.0 726.0 1.0 29.0 1.0
Point 63 908.0 727.0 1.0 30.0 1.0
Point 64 909.0 728.0 1.0 31.0 1.0
Point 65 911.0 726.0 1.0 32.0 1.0
Point 66 911.0 725.0 1.0 33.0 1.0
Point 67 911.0 723.0 1.0 34.0 1.0
Point 68 910.0 722.0 1.0 35.0 1.0
Point 69 910.0 721.0 1.0 36.0 1.0
Point 70 911.0 721.0 1.0 37.0 1.0
Point 71 912.0 720.0 1.0 38.0 1.0
Point 72 911.0 720.0 1.0 39.0 1.0
Point 73 912.0 718.0 1.0 40.0 1.0
Point 74 913.0 716.0 1.0 41.0 1.0
Point 48 912.0 714.0 1.0 42.0 1.0
Point 49 912.0 711.0 1.0 43.0 1.0
Point 50 912.0 711.0 1.0 44.0 1.0
Point 51 910.0 710.0 1.0 45.0 1.0
Point 52 910.0 710.0 1.0 46.0 1.0
Point 53 909.0 709.0 1.0 47.0 1.0
Point 54 909.0 708.0 1.0 48.0 1.0
Point 55 910.0 711.0 1.0 49.0 1.0
Point 56 912.0 709.0 1.0 50.0 1.0
Point 57 913.0 710.0 1.0 51.0 1.0
Point 58 913.0 709.0 1.0 52.0 1.0
Point 59 914.0 707.0 1.0 53.0 1.0
Point 75 914.0 704.0 1.0 54.0 1.0
Point 76 914.0 704.0 1.0 55.0 1.0
Point 77 912.0 702.0 1.0 56.0 1.0
Point 78 913.0 699.0 1.0 57.0 1.0
Point 79 910.0 698.0 1.0 58.0 1.0
Point 80 910.0 697.0 1.0 59.0 1.0
Point 81 911.0 697.0 1.0 60.0 1.0
Point 82 911.0 697.0 1.0 61.0 1.0
Point 83 911.0 696.0 1.0 62.0 1.0
Point 84 911.0 696.0 1.0 63.0 1.0
Point 85 911.0 696.0 1.0 64.0 1.0
Point 86 911.0 697.0 1.0 65.0 1.0
Point 87 911.0 696.0 1.0 66.0 1.0
Point 88 911.0 696.0 1.0 67.0 1.0
Point 89 912.0 695.0 1.0 68.0 1.0
Point 90 912.0 693.0 1.0 69.0 1.0
Point 91 914.0 693.0 1.0 70.0 1.0
Point 92 912.0 692.0 1.0 71.0 1.0
Point 93 911.0 688.0 1.0 72.0 1.0
Point 94 908.0 685.0 1.0 73.0 1.0
Point 95 907.0 681.0 1.0 74.0 1.0
Point 96 907.0 679.0 1.0 75.0 1.0
Point 97 906.0 679.0 1.0 76.0 1.0
Point 98 906.0 679.0 1.0 77.0 1.0
Point 99 906.0 678.0 1.0 78.0 1.0
Point 100 905.0 679.0 1.0 79.0 1.0
Point 101 905.0 678.0 1.0 80.0 1.0
Point 102 905.0 678.0 1.0 81.0 1.0
Point 103 906.0 676.0 1.0 82.0 1.0
Point 104 907.0 675.0 1.0 83.0 1.0
Point 105 907.0 675.0 1.0 84.0 1.0
Point 106 909.0 672.0 1.0 85.0 1.0
Point 107 908.0 673.0 1.0 86.0 1.0
Point 108 907.0 672.0 1.0 87.0 1.0
Point 109 908.0 671.0 1.0 88.0 1.0
Point 110 908.0 669.0 1.0 89.0 1.0
Point 111 907.0 667.0 1.0 90.0 1.0
Point 112 907.0 666.0 1.0 91.0 1.0
Point 113 907.0 665.0 1.0 92.0 1.0
Point 114 906.0 664.0 1.0 93.0 1.0
Point 115 906.0 664.0 1.0 94.0 1.0
Point 116 906.0 664.0 1.0 95.0 1.0
Point 117 908.0 665.0 1.0 96.0 1.0
Point 118 909.0 665.0 1.0 97.0 1.0
Point 119 911.0 666.0 1.0 98.0 1.0
Point 120 911.0 666.0 1.0 99.0 1.0
Point 121 912.0 666.0 1.0 100.0 1.0
Point 122 912.0 665.0 1.0 101.0 1.0
Point 123 912.0 665.0 1.0 102.0 1.0
Point 124 913.0 664.0 1.0 103.0 1.0
Point 125 913.0 664.0 1.0 104.0 1.0
Point 126 913.0 663.0 1.0 105.0 1.0
Point 127 913.0 660.0 1.0 106.0 1.0
Point 128 913.0 658.0 1.0 107.0 1.0
Point 129 913.0 658.0 1.0 108.0 1.0
Point 130 913.0 659.0 1.0 109.0 1.0
Point 131 912.0 658.0 1.0 110.0 1.0
Point 132 912.0 656.0 1.0 111.0 1.0
Point 133 912.0 655.0 1.0 112.0 1.0
Point 134 913.0 655.0 1.0 113.0 1.0
Point 135 914.0 654.0 1.0 114.0 1.0
Point 136 914.0 652.0 1.0 115.0 1.0
Point 137 912.0 652.0 1.0 116.0 1.0
Point 138 912.0 651.0 1.0 117.0 1.0
Point 139 912.0 651.0 1.0 118.0 1.0
Point 140 910.0 649.0 1.0 119.0 1.0
Point 141 909.0 649.0 1.0 120.0 1.0
Point 142 909.0 647.0 1.0 121.0 1.0
Point 143 908.0 647.0 1.0 122.0 1.0
Point 144 909.0 648.0 1.0 123.0 1.0
Point 145 907.0 645.0 1.0 124.0 1.0
Point 146 907.0 646.0 1.0 125.0 1.0
Point 147 907.0 645.0 1.0 126.0 1.0
Point 148 907.0 646.0 1.0 127.0 1.0
Point 149 905.0 645.0 1.0 128.0 1.0
Point 150 906.0 644.0 1.0 129.0 1.0
Point 151 906.0 644.0 1.0 130.0 1.0
Point 152 906.0 643.0 1.0 131.0 1.0
Point 153 905.0 641.0 1.0 132.0 1.0
Point 154 907.0 639.0 1.0 133.0 1.0
Point 155 907.0 638.0 1.0 134.0 1.0
Point 156 908.0 638.0 1.0 135.0 1.0
Point 157 909.0 638.0 1.0 136.0 1.0
Point 158 910.0 638.0 1.0 137.0 1.0
Point 159 910.0 638.0 1.0 138.0 1.0
Point 160 911.0 638.0 1.0 139.0 1.0
Point 161 910.0 637.0 1.0 140.0 1.0
Point 162 910.0 637.0 1.0 141.0 1.0
Point 163 910.0 636.0 1.0 142.0 1.0
Point 164 909.0 636.0 1.0 143.0 1.0
Point 165 909.0 636.0 1.0 144.0 1.0
Point 166 910.0 635.0 1.0 145.0 1.0
Point 167 910.0 634.0 1.0 146.0 1.0
Point 168 910.0 634.0 1.0 147.0 1.0
Point 169 910.0 633.0 1.0 148.0 1.0
Point 170 910.0 632.0 1.0 149.0 1.0
Point 171 911.0 632.0 1.0 150.0 1.0
Point 172 912.0 632.0 1.0 151.0 1.0
Point 173 912.0 632.0 1.0 152.0 1.0
Point 174 912.0 632.0 1.0 153.0 1.0
Point 175 912.0 632.0 1.0 154.0 1.0
Point 176 913.0 632.0 1.0 155.0 1.0
Point 177 914.0 632.0 1.0 156.0 1.0
Point 178 916.0 633.0 1.0 157.0 1.0
Point 179 916.0 632.0 1.0 158.0 1.0
Point 180 916.0 633.0 1.0 159.0 1.0
Point 181 917.0 633.0 1.0 160.0 1.0
Point 182 916.0 633.0 1.0 161.0 1.0
Point 183 916.0 633.0 1.0 162.0 1.0
Point 184 916.0 633.0 1.0 163.0 1.0
Point 185 916.0 633.0 1.0 164.0 1.0
Point 186 916.0 634.0 1.0 165.0 1.0
Point 187 917.0 635.0 1.0 166.0 1.0
Point 188 917.0 637.0 1.0 167.0 1.0
Point 189 917.0 637.0 1.0 168.0 1.0
Point 190 917.0 638.0 1.0 169.0 1.0
Point 191 917.0 638.0 1.0 170.0 1.0
Point 192 917.0 638.0 1.0 171.0 1.0
Point 193 917.0 640.0 1.0 172.0 1.0
Point 194 916.0 640.0 1.0 173.0 1.0
Point 195 915.0 640.0 1.0 174.0 1.0
Point 196 915.0 639.0 1.0 175.0 1.0
Point 197 915.0 640.0 1.0 176.0 1.0
Point 198 915.0 639.0 1.0 177.0 1.0
Point 199 914.0 640.0 1.0 178.0 1.0
Point 200 913.0 641.0 1.0 179.0 1.0
Point 201 912.0 640.0 1.0 180.0 1.0
Point 202 913.0 639.0 1.0 181.0 1.0
Point 203 913.0 639.0 1.0 182.0 1.0
Point 204 917.0 639.0 1.0 183.0 1.0
Point 205 915.0 640.0 1.0 184.0 1.0
Point 206 916.0 640.0 1.0 185.0 1.0
Point 207 916.0 639.0 1.0 186.0 1.0
Point 208 916.0 639.0 1.0 187.0 1.0
Point 209 916.0 639.0 1.0 188.0 1.0
Point 210 916.0 640.0 1.0 189.0 1.0
Point 211 917.0 639.0 1.0 190.0 1.0
Point 212 917.0 639.0 1.0 191.0 1.0
Point 213 921.0 638.0 1.0 192.0 1.0
Point 214 922.0 636.0 1.0 193.0 1.0
Point 215 921.0 634.0 1.0 194.0 1.0
Point 216 920.0 634.0 1.0 195.0 1.0
Point 217 920.0 634.0 1.0 196.0 1.0
Point 218 919.0 634.0 1.0 197.0 1.0
Point 219 919.0 633.0 1.0 198.0 1.0
Point 220 919.0 632.0 1.0 199.0 1.0
Point 221 919.0 631.0 1.0 200.0 1.0
Point 222 918.0 630.0 1.0 201.0 1.0
Point 223 917.0 629.0 1.0 202.0 1.0
Point 224 918.0 628.0 1.0 203.0 1.0
Point 225 917.0 628.0 1.0 204.0 1.0
Point 226 918.0 627.0 1.0 205.0 1.0
Point 227 918.0 628.0 1.0 206.0 1.0
Point 228 919.0 626.0 1.0 207.0 1.0
Point 229 917.0 625.0 1.0 208.0 1.0
Point 230 916.0 624.0 1.0 209.0 1.0
Point 231 918.0 623.0 1.0 210.0 1.0
Point 232 917.0 622.0 1.0 211.0 1.0
Point 233 914.0 621.0 1.0 212.0 1.0
Point 234 914.0 621.0 1.0 213.0 1.0
Point 235 913.0 619.0 1.0 214.0 1.0
Point 236 913.0 617.0 1.0 215.0 1.0
Point 237 911.0 616.0 1.0 216.0 1.0
Point 238 912.0 615.0 1.0 217.0 1.0
Point 239 912.0 614.0 1.0 218.0 1.0
Point 240 912.0 613.0 1.0 219.0 1.0
Point 241 913.0 611.0 1.0 220.0 1.0
Point 242 912.0 610.0 1.0 221.0 1.0
Point 243 912.0 610.0 1.0 222.0 1.0
Point 244 912.0 609.0 1.0 223.0 1.0
Point 245 913.0 609.0 1.0 224.0 1.0
Point 246 914.0 608.0 1.0 225.0 1.0
Point 247 914.0 608.0 1.0 226.0 1.0
Point 248 914.0 608.0 1.0 227.0 1.0
Point 249 914.0 608.0 1.0 228.0 1.0
Point 250 913.0 610.0 1.0 229.0 1.0
Point 251 914.0 610.0 1.0 230.0 1.0
Point 252 914.0 610.0 1.0 231.0 1.0
Point 253 913.0 608.0 1.0 232.0 1.0
Point 254 912.0 610.0 1.0 233.0 1.0
Point 255 913.0 608.0 1.0 234.0 1.0
Point 256 913.0 608.0 1.0 235.0 1.0
Point 257 913.0 609.0 1.0 236.0 1.0
Point 258 914.0 608.0 1.0 237.0 1.0
Point 259 914.0 609.0 1.0 238.0 1.0
Point 260 913.0 608.0 1.0 239.0 1.0
Point 261 913.0 607.0 1.0 240.0 1.0
End of MTrackJ Data File
