MTrackJ 1.5.1 Data File
Displaying false true true 1 0 0 0 100 16 0 0 0 0 1 0 1 false false true false
Assembly 1 FF0000
Cluster 1 FF0000
Track 1 FF0000 true
Point 1 883.0 917.0 1.0 1.0 1.0
Point 2 880.0 896.0 1.0 2.0 1.0
Point 3 886.0 894.0 1.0 3.0 1.0
Point 4 888.0 887.0 1.0 4.0 1.0
Point 5 887.0 867.0 1.0 5.0 1.0
Point 6 891.0 849.0 1.0 6.0 1.0
Point 7 893.0 843.0 1.0 7.0 1.0
Point 8 890.0 843.0 1.0 8.0 1.0
Point 9 894.0 823.0 1.0 9.0 1.0
Point 10 898.0 816.0 1.0 10.0 1.0
Point 11 899.0 817.0 1.0 11.0 1.0
Point 12 901.0 809.0 1.0 12.0 1.0
Point 15 902.0 798.0 1.0 13.0 1.0
Point 16 899.0 783.0 1.0 14.0 1.0
Point 17 902.0 776.0 1.0 15.0 1.0
Point 18 903.0 773.0 1.0 16.0 1.0
Point 19 904.0 774.0 1.0 17.0 1.0
Point 20 901.0 767.0 1.0 18.0 1.0
Point 21 903.0 765.0 1.0 19.0 1.0
Point 22 899.0 759.0 1.0 20.0 1.0
Point 23 899.0 757.0 1.0 21.0 1.0
Point 24 899.0 757.0 1.0 22.0 1.0
Point 25 900.0 753.0 1.0 23.0 1.0
Point 26 900.0 746.0 1.0 24.0 1.0
Point 27 895.0 743.0 1.0 25.0 1.0
Point 28 900.0 745.0 1.0 26.0 1.0
Point 29 900.0 747.0 1.0 27.0 1.0
Point 30 903.0 748.0 1.0 28.0 1.0
Point 31 904.0 745.0 1.0 29.0 1.0
Point 32 902.0 742.0 1.0 30.0 1.0
Point 33 905.0 742.0 1.0 31.0 1.0
Point 34 905.0 743.0 1.0 32.0 1.0
Point 35 901.0 739.0 1.0 33.0 1.0
Point 36 903.0 742.0 1.0 34.0 1.0
Point 37 903.0 742.0 1.0 35.0 1.0
Point 38 907.0 746.0 1.0 36.0 1.0
Point 39 905.0 737.0 1.0 37.0 1.0
Point 40 901.0 733.0 1.0 38.0 1.0
Point 41 906.0 742.0 1.0 39.0 1.0
Point 42 906.0 750.0 1.0 40.0 1.0
Point 43 906.0 756.0 1.0 41.0 1.0
Point 44 903.0 748.0 1.0 42.0 1.0
Point 45 900.0 736.0 1.0 43.0 1.0
Point 46 902.0 741.0 1.0 44.0 1.0
Point 47 902.0 768.0 1.0 45.0 1.0
Point 48 902.0 770.0 1.0 46.0 1.0
Point 49 904.0 764.0 1.0 47.0 1.0
Point 50 906.0 753.0 1.0 48.0 1.0
Point 51 906.0 752.0 1.0 49.0 1.0
Point 52 909.0 759.0 1.0 50.0 1.0
Point 53 908.0 758.0 1.0 51.0 1.0
Point 54 910.0 744.0 1.0 52.0 1.0
Point 55 910.0 734.0 1.0 53.0 1.0
Point 56 911.0 735.0 1.0 54.0 1.0
Point 57 911.0 751.0 1.0 55.0 1.0
Point 58 909.0 752.0 1.0 56.0 1.0
Point 59 910.0 741.0 1.0 57.0 1.0
Point 60 911.0 746.0 1.0 58.0 1.0
Point 61 907.0 767.0 1.0 59.0 1.0
Point 62 909.0 750.0 1.0 60.0 1.0
Point 63 908.0 736.0 1.0 61.0 1.0
Point 64 912.0 730.0 1.0 62.0 1.0
Point 65 912.0 753.0 1.0 63.0 1.0
Point 66 914.0 747.0 1.0 64.0 1.0
Point 67 908.0 759.0 1.0 65.0 1.0
Point 68 911.0 747.0 1.0 66.0 1.0
Point 69 913.0 743.0 1.0 67.0 1.0
Point 70 908.0 719.0 1.0 68.0 1.0
Point 71 910.0 743.0 1.0 69.0 1.0
Point 72 905.0 722.0 1.0 70.0 1.0
Point 73 900.0 708.0 1.0 71.0 1.0
Point 74 896.0 706.0 1.0 72.0 1.0
Point 75 872.0 672.0 1.0 73.0 1.0
Point 76 872.0 672.0 1.0 74.0 1.0
Point 77 871.0 672.0 1.0 75.0 1.0
Point 78 869.0 670.0 1.0 76.0 1.0
Point 79 853.0 665.0 1.0 77.0 1.0
Point 80 830.0 659.0 1.0 78.0 1.0
Point 81 830.0 659.0 1.0 79.0 1.0
Point 82 820.0 661.0 1.0 80.0 1.0
Point 83 836.0 658.0 1.0 81.0 1.0
Point 84 846.0 658.0 1.0 82.0 1.0
Point 85 851.0 661.0 1.0 83.0 1.0
Point 86 868.0 672.0 1.0 84.0 1.0
Point 87 877.0 671.0 1.0 85.0 1.0
Point 88 879.0 674.0 1.0 86.0 1.0
Point 89 890.0 680.0 1.0 87.0 1.0
Point 90 886.0 674.0 1.0 88.0 1.0
Point 91 881.0 666.0 1.0 89.0 1.0
Point 92 870.0 664.0 1.0 90.0 1.0
Point 93 872.0 665.0 1.0 91.0 1.0
Point 94 873.0 659.0 1.0 92.0 1.0
Point 95 872.0 661.0 1.0 93.0 1.0
Point 96 888.0 667.0 1.0 94.0 1.0
Point 97 893.0 676.0 1.0 95.0 1.0
Point 98 896.0 678.0 1.0 96.0 1.0
Point 99 893.0 671.0 1.0 97.0 1.0
Point 100 893.0 670.0 1.0 98.0 1.0
Point 101 902.0 666.0 1.0 99.0 1.0
Point 102 905.0 663.0 1.0 100.0 1.0
Point 103 889.0 660.0 1.0 101.0 1.0
Point 104 898.0 669.0 1.0 102.0 1.0
Point 105 897.0 665.0 1.0 103.0 1.0
Point 106 897.0 668.0 1.0 104.0 1.0
Point 107 899.0 668.0 1.0 105.0 1.0
Point 108 895.0 657.0 1.0 106.0 1.0
Point 109 896.0 658.0 1.0 107.0 1.0
Point 110 889.0 650.0 1.0 108.0 1.0
Point 111 883.0 654.0 1.0 109.0 1.0
Point 112 882.0 650.0 1.0 110.0 1.0
Point 113 887.0 645.0 1.0 111.0 1.0
Point 114 891.0 649.0 1.0 112.0 1.0
Point 115 895.0 648.0 1.0 113.0 1.0
Point 116 880.0 645.0 1.0 114.0 1.0
Point 117 840.0 644.0 1.0 115.0 1.0
Point 118 806.0 643.0 1.0 116.0 1.0
Point 119 798.0 643.0 1.0 117.0 1.0
Point 120 812.0 639.0 1.0 118.0 1.0
Point 121 844.0 640.0 1.0 119.0 1.0
Point 122 849.0 641.0 1.0 120.0 1.0
Point 123 857.0 643.0 1.0 121.0 1.0
Point 124 826.0 637.0 1.0 122.0 1.0
Point 125 834.0 636.0 1.0 123.0 1.0
Point 126 847.0 638.0 1.0 124.0 1.0
Point 127 853.0 641.0 1.0 125.0 1.0
Point 128 856.0 642.0 1.0 126.0 1.0
Point 129 857.0 642.0 1.0 127.0 1.0
Point 130 851.0 639.0 1.0 128.0 1.0
Point 131 849.0 641.0 1.0 129.0 1.0
Point 132 855.0 638.0 1.0 130.0 1.0
Point 133 853.0 639.0 1.0 131.0 1.0
Point 134 852.0 638.0 1.0 132.0 1.0
Point 135 858.0 639.0 1.0 133.0 1.0
Point 136 863.0 639.0 1.0 134.0 1.0
Point 137 870.0 642.0 1.0 135.0 1.0
Point 138 872.0 641.0 1.0 136.0 1.0
Point 139 868.0 637.0 1.0 137.0 1.0
Point 140 874.0 635.0 1.0 138.0 1.0
Point 141 881.0 639.0 1.0 139.0 1.0
Point 142 885.0 642.0 1.0 140.0 1.0
Point 143 885.0 640.0 1.0 141.0 1.0
Point 144 890.0 647.0 1.0 142.0 1.0
Point 145 898.0 655.0 1.0 143.0 1.0
Point 146 898.0 655.0 1.0 144.0 1.0
Point 147 900.0 660.0 1.0 145.0 1.0
Point 148 900.0 652.0 1.0 146.0 1.0
Point 149 898.0 647.0 1.0 147.0 1.0
Point 150 896.0 648.0 1.0 148.0 1.0
Point 151 903.0 656.0 1.0 149.0 1.0
Point 152 903.0 666.0 1.0 150.0 1.0
Point 153 904.0 671.0 1.0 151.0 1.0
Point 154 907.0 668.0 1.0 152.0 1.0
Point 155 909.0 669.0 1.0 153.0 1.0
Point 156 907.0 669.0 1.0 154.0 1.0
Point 157 910.0 668.0 1.0 155.0 1.0
Point 158 905.0 663.0 1.0 156.0 1.0
Point 159 905.0 662.0 1.0 157.0 1.0
Point 160 908.0 673.0 1.0 158.0 1.0
Point 161 909.0 676.0 1.0 159.0 1.0
Point 162 912.0 676.0 1.0 160.0 1.0
Point 163 911.0 676.0 1.0 161.0 1.0
Point 164 910.0 686.0 1.0 162.0 1.0
Point 165 911.0 683.0 1.0 163.0 1.0
Point 166 910.0 687.0 1.0 164.0 1.0
Point 167 910.0 698.0 1.0 165.0 1.0
Point 168 911.0 709.0 1.0 166.0 1.0
Point 169 911.0 718.0 1.0 167.0 1.0
Point 170 909.0 721.0 1.0 168.0 1.0
Point 171 910.0 709.0 1.0 169.0 1.0
Point 172 909.0 708.0 1.0 170.0 1.0
Point 173 908.0 715.0 1.0 171.0 1.0
Point 174 907.0 710.0 1.0 172.0 1.0
Point 175 908.0 715.0 1.0 173.0 1.0
Point 176 906.0 701.0 1.0 174.0 1.0
Point 177 911.0 693.0 1.0 175.0 1.0
Point 178 910.0 690.0 1.0 176.0 1.0
Point 179 906.0 695.0 1.0 177.0 1.0
Point 180 908.0 681.0 1.0 178.0 1.0
Point 181 909.0 686.0 1.0 179.0 1.0
Point 182 910.0 691.0 1.0 180.0 1.0
Point 183 910.0 693.0 1.0 181.0 1.0
Point 184 908.0 692.0 1.0 182.0 1.0
Point 185 908.0 693.0 1.0 183.0 1.0
Point 186 910.0 691.0 1.0 184.0 1.0
Point 187 912.0 691.0 1.0 185.0 1.0
Point 188 912.0 694.0 1.0 186.0 1.0
Point 189 912.0 687.0 1.0 187.0 1.0
Point 190 914.0 679.0 1.0 188.0 1.0
Point 191 908.0 668.0 1.0 189.0 1.0
Point 192 907.0 658.0 1.0 190.0 1.0
Point 193 911.0 659.0 1.0 191.0 1.0
Point 194 906.0 656.0 1.0 192.0 1.0
Point 195 908.0 656.0 1.0 193.0 1.0
Point 196 907.0 658.0 1.0 194.0 1.0
Point 197 903.0 652.0 1.0 195.0 1.0
Point 198 899.0 647.0 1.0 196.0 1.0
Point 199 905.0 650.0 1.0 197.0 1.0
Point 200 908.0 653.0 1.0 198.0 1.0
Point 201 905.0 649.0 1.0 199.0 1.0
Point 202 906.0 656.0 1.0 200.0 1.0
Point 203 909.0 658.0 1.0 201.0 1.0
Point 204 909.0 657.0 1.0 202.0 1.0
Point 205 904.0 657.0 1.0 203.0 1.0
Point 206 902.0 654.0 1.0 204.0 1.0
Point 207 900.0 653.0 1.0 205.0 1.0
Point 208 902.0 648.0 1.0 206.0 1.0
Point 209 896.0 646.0 1.0 207.0 1.0
Point 210 894.0 643.0 1.0 208.0 1.0
Point 211 893.0 640.0 1.0 209.0 1.0
Point 212 893.0 626.0 1.0 210.0 1.0
Point 213 891.0 620.0 1.0 211.0 1.0
Point 214 885.0 613.0 1.0 212.0 1.0
Point 215 886.0 607.0 1.0 213.0 1.0
Point 216 883.0 601.0 1.0 214.0 1.0
Point 217 879.0 591.0 1.0 215.0 1.0
Point 218 877.0 586.0 1.0 216.0 1.0
Point 219 877.0 583.0 1.0 217.0 1.0
Point 220 876.0 586.0 1.0 218.0 1.0
Point 221 876.0 582.0 1.0 219.0 1.0
Point 222 874.0 575.0 1.0 220.0 1.0
Point 223 876.0 579.0 1.0 221.0 1.0
Point 224 881.0 580.0 1.0 222.0 1.0
Point 225 876.0 577.0 1.0 223.0 1.0
Point 226 873.0 577.0 1.0 224.0 1.0
Point 227 877.0 576.0 1.0 225.0 1.0
Point 228 876.0 575.0 1.0 226.0 1.0
Point 229 872.0 574.0 1.0 227.0 1.0
Point 230 877.0 575.0 1.0 228.0 1.0
Point 231 879.0 578.0 1.0 229.0 1.0
Point 232 877.0 578.0 1.0 230.0 1.0
Point 233 880.0 578.0 1.0 231.0 1.0
Point 234 878.0 576.0 1.0 232.0 1.0
Point 235 879.0 579.0 1.0 233.0 1.0
Point 236 879.0 579.0 1.0 234.0 1.0
Point 237 876.0 581.0 1.0 235.0 1.0
Point 238 876.0 578.0 1.0 236.0 1.0
Point 239 878.0 576.0 1.0 237.0 1.0
Point 240 878.0 575.0 1.0 238.0 1.0
Point 241 877.0 577.0 1.0 239.0 1.0
Point 242 881.0 575.0 1.0 240.0 1.0
End of MTrackJ Data File
