MTrackJ 1.5.1 Data File
Displaying true true true 1 2 0 0 100 10 0 0 0 0 1 12 0 false true true false
Assembly 1 FF0000
Cluster 1 FF0000
Track 1 FF0000 true
Point 1 1055.5 565.5 1.0 1.0 1.0
Point 2 1054.8333333333333 561.5 1.0 2.0 1.0
Point 3 1052.8333333333333 562.1666666666666 1.0 3.0 1.0
Point 4 1054.1666666666667 558.1666666666666 1.0 4.0 1.0
Point 5 1066.1666666666667 560.1666666666666 1.0 5.0 1.0
Point 6 1052.8333333333333 554.8333333333334 1.0 6.0 1.0
Point 7 1051.5 555.5 1.0 7.0 1.0
Point 8 1061.5 552.8333333333334 1.0 8.0 1.0
Point 9 1060.8333333333333 552.8333333333334 1.0 9.0 1.0
Point 10 1074.1666666666667 560.8333333333334 1.0 10.0 1.0
Point 11 1082.8333333333333 556.8333333333334 1.0 11.0 1.0
Point 12 1071.5 554.1666666666666 1.0 12.0 1.0
Point 13 1078.1666666666667 555.5 1.0 13.0 1.0
Point 14 1068.1666666666667 555.5 1.0 14.0 1.0
Point 15 1058.1666666666667 543.5 1.0 15.0 1.0
Point 16 1071.5 553.5 1.0 16.0 1.0
Point 17 1079.5 549.5 1.0 17.0 1.0
Point 18 1082.1666666666667 553.5 1.0 18.0 1.0
Point 19 1083.5 556.8333333333334 1.0 19.0 1.0
Point 20 1086.8333333333333 554.1666666666666 1.0 20.0 1.0
Point 21 1086.8333333333333 551.5 1.0 21.0 1.0
Point 22 1078.8333333333333 542.1666666666666 1.0 22.0 1.0
Point 23 1081.5 548.8333333333334 1.0 23.0 1.0
Point 24 1082.1666666666667 549.5 1.0 24.0 1.0
Point 25 1091.5 555.5 1.0 25.0 1.0
Point 26 1093.5 554.8333333333334 1.0 26.0 1.0
Point 27 1100.1666666666667 554.8333333333334 1.0 27.0 1.0
Point 28 1100.8333333333333 557.5 1.0 28.0 1.0
Point 29 1096.8333333333333 553.5 1.0 29.0 1.0
Point 30 1100.1666666666667 554.1666666666666 1.0 30.0 1.0
Point 31 1078.8333333333333 541.5 1.0 31.0 1.0
Point 32 1098.8333333333333 551.5 1.0 32.0 1.0
Point 33 1087.5 534.8333333333334 1.0 33.0 1.0
Point 34 1078.1666666666667 534.1666666666666 1.0 34.0 1.0
Point 35 1078.8333333333333 531.5 1.0 35.0 1.0
Point 36 1090.1666666666667 540.1666666666666 1.0 36.0 1.0
Point 37 1078.8333333333333 533.5 1.0 37.0 1.0
Point 38 1071.5 530.1666666666666 1.0 38.0 1.0
Point 39 1072.1666666666667 526.8333333333334 1.0 39.0 1.0
Point 40 1090.1666666666667 535.5 1.0 40.0 1.0
Point 41 1084.8333333333333 530.1666666666666 1.0 41.0 1.0
Point 42 1086.1666666666667 532.1666666666666 1.0 42.0 1.0
Point 43 1071.5 521.5 1.0 43.0 1.0
Point 44 1082.1666666666667 526.1666666666666 1.0 44.0 1.0
Point 45 1079.5 523.5 1.0 45.0 1.0
Point 46 1064.1666666666667 516.8333333333334 1.0 46.0 1.0
Point 47 1066.8333333333333 518.1666666666666 1.0 47.0 1.0
Point 48 1079.5 519.5 1.0 48.0 1.0
Point 49 1066.1666666666667 515.5 1.0 49.0 1.0
Point 50 1062.8333333333333 510.83333333333337 1.0 50.0 1.0
Point 51 1082.8333333333333 517.5 1.0 51.0 1.0
Point 52 1084.1666666666667 514.8333333333334 1.0 52.0 1.0
Point 53 1070.8333333333333 517.5 1.0 53.0 1.0
Point 54 1068.1666666666667 508.83333333333337 1.0 54.0 1.0
Point 55 1064.8333333333333 504.16666666666663 1.0 55.0 1.0
Point 56 1068.8333333333333 506.83333333333337 1.0 56.0 1.0
Point 57 1068.1666666666667 507.5 1.0 57.0 1.0
Point 58 1068.8333333333333 503.5 1.0 58.0 1.0
Point 59 1078.1666666666667 516.8333333333334 1.0 59.0 1.0
Point 60 1086.1666666666667 514.8333333333334 1.0 60.0 1.0
Point 61 1090.1666666666667 518.1666666666666 1.0 61.0 1.0
Point 62 1086.1666666666667 506.83333333333337 1.0 62.0 1.0
Point 63 1080.8333333333333 507.5 1.0 63.0 1.0
Point 64 1084.8333333333333 512.1666666666666 1.0 64.0 1.0
Point 65 1082.8333333333333 506.16666666666663 1.0 65.0 1.0
Point 66 1082.8333333333333 504.83333333333337 1.0 66.0 1.0
Point 67 1092.1666666666667 512.8333333333334 1.0 67.0 1.0
Point 68 1094.8333333333333 520.1666666666666 1.0 68.0 1.0
Point 69 1098.1666666666667 526.1666666666666 1.0 69.0 1.0
Point 70 1101.5 528.1666666666666 1.0 70.0 1.0
Point 71 1095.5 519.5 1.0 71.0 1.0
Point 72 1098.8333333333333 518.8333333333334 1.0 72.0 1.0
Point 73 1102.1666666666667 517.5 1.0 73.0 1.0
Point 74 1102.8333333333333 519.5 1.0 74.0 1.0
Point 75 1096.8333333333333 524.1666666666666 1.0 75.0 1.0
Point 76 1097.5 526.8333333333334 1.0 76.0 1.0
Point 77 1102.1666666666667 520.1666666666666 1.0 77.0 1.0
Point 78 1103.5 518.1666666666666 1.0 78.0 1.0
Point 79 1102.8333333333333 521.5 1.0 79.0 1.0
Point 80 1108.8333333333333 518.1666666666666 1.0 80.0 1.0
Point 81 1115.5 513.5 1.0 81.0 1.0
Point 82 1106.1666666666667 517.5 1.0 82.0 1.0
Point 83 1106.1666666666667 511.5 1.0 83.0 1.0
Point 84 1104.1666666666667 523.5 1.0 84.0 1.0
Point 85 1106.1666666666667 516.1666666666666 1.0 85.0 1.0
Point 86 1106.8333333333333 514.1666666666666 1.0 86.0 1.0
Point 87 1106.8333333333333 513.5 1.0 87.0 1.0
Point 88 1108.1666666666667 515.5 1.0 88.0 1.0
Point 89 1102.8333333333333 514.1666666666666 1.0 89.0 1.0
Point 90 1104.1666666666667 515.5 1.0 90.0 1.0
Point 91 1108.1666666666667 511.5 1.0 91.0 1.0
Point 92 1105.5 510.16666666666663 1.0 92.0 1.0
Point 93 1111.5 508.83333333333337 1.0 93.0 1.0
Point 94 1114.8333333333333 504.16666666666663 1.0 94.0 1.0
Point 95 1116.8333333333333 505.5 1.0 95.0 1.0
Point 96 1119.5 505.5 1.0 96.0 1.0
Point 97 1119.5 504.16666666666663 1.0 97.0 1.0
Point 98 1112.8333333333333 506.83333333333337 1.0 98.0 1.0
Point 99 1104.8333333333333 497.5 1.0 99.0 1.0
Point 100 1105.5 499.5 1.0 100.0 1.0
Point 101 1106.1666666666667 495.5 1.0 101.0 1.0
Point 102 1094.8333333333333 499.5 1.0 102.0 1.0
Point 103 1101.5 495.5 1.0 103.0 1.0
Point 104 1089.5 488.8333333333333 1.0 104.0 1.0
Point 105 1090.1666666666667 490.1666666666667 1.0 105.0 1.0
Point 106 1092.8333333333333 486.8333333333333 1.0 106.0 1.0
Point 107 1071.5 468.1666666666667 1.0 107.0 1.0
Point 108 1065.5 471.5 1.0 108.0 1.0
Point 109 1075.5 476.1666666666667 1.0 109.0 1.0
Point 110 1092.1666666666667 486.8333333333333 1.0 110.0 1.0
Point 111 1092.1666666666667 488.8333333333333 1.0 111.0 1.0
Point 112 1095.5 496.1666666666667 1.0 112.0 1.0
Point 113 1095.5 490.1666666666667 1.0 113.0 1.0
Point 114 1085.5 488.1666666666667 1.0 114.0 1.0
Point 115 1081.5 484.1666666666667 1.0 115.0 1.0
Point 116 1077.5 469.5 1.0 116.0 1.0
Point 117 1084.1666666666667 483.5 1.0 117.0 1.0
Point 118 1077.5 473.5 1.0 118.0 1.0
Point 119 1079.5 471.5 1.0 119.0 1.0
Point 120 1078.8333333333333 476.8333333333333 1.0 120.0 1.0
Point 121 1073.5 470.8333333333333 1.0 121.0 1.0
Point 122 1086.1666666666667 485.5 1.0 122.0 1.0
Point 123 1082.8333333333333 482.8333333333333 1.0 123.0 1.0
Point 124 1082.1666666666667 484.1666666666667 1.0 124.0 1.0
Point 125 1082.1666666666667 487.5 1.0 125.0 1.0
Point 126 1082.8333333333333 492.8333333333333 1.0 126.0 1.0
Point 127 1084.1666666666667 491.5 1.0 127.0 1.0
Point 128 1081.5 487.5 1.0 128.0 1.0
Point 129 1082.1666666666667 489.5 1.0 129.0 1.0
Point 130 1094.8333333333333 486.8333333333333 1.0 130.0 1.0
Point 131 1104.1666666666667 488.8333333333333 1.0 131.0 1.0
Point 132 1096.1666666666667 487.5 1.0 132.0 1.0
Point 133 1110.1666666666667 490.8333333333333 1.0 133.0 1.0
Point 134 1106.1666666666667 490.1666666666667 1.0 134.0 1.0
Point 135 1089.5 480.1666666666667 1.0 135.0 1.0
Point 136 1094.1666666666667 480.1666666666667 1.0 136.0 1.0
Point 137 1104.1666666666667 490.1666666666667 1.0 137.0 1.0
Point 138 1111.5 495.5 1.0 138.0 1.0
Point 139 1101.5 478.8333333333333 1.0 139.0 1.0
Point 140 1093.5 473.5 1.0 140.0 1.0
Point 141 1111.5 497.5 1.0 141.0 1.0
Point 142 1112.1666666666667 490.8333333333333 1.0 142.0 1.0
Point 143 1110.1666666666667 488.8333333333333 1.0 143.0 1.0
Point 144 1110.1666666666667 490.8333333333333 1.0 144.0 1.0
Point 145 1112.1666666666667 491.5 1.0 145.0 1.0
Point 146 1125.5 508.16666666666663 1.0 146.0 1.0
Point 147 1118.8333333333333 502.83333333333337 1.0 147.0 1.0
Point 148 1122.8333333333333 506.83333333333337 1.0 148.0 1.0
Point 149 1130.8333333333333 516.1666666666666 1.0 149.0 1.0
Point 150 1128.1666666666667 512.1666666666666 1.0 150.0 1.0
Point 151 1126.8333333333333 508.83333333333337 1.0 151.0 1.0
Point 152 1126.8333333333333 509.5 1.0 152.0 1.0
Point 153 1127.5 510.16666666666663 1.0 153.0 1.0
Point 154 1126.8333333333333 509.5 1.0 154.0 1.0
Point 155 1122.1666666666667 504.16666666666663 1.0 155.0 1.0
Point 156 1138.8333333333333 516.8333333333334 1.0 156.0 1.0
Point 157 1132.8333333333333 514.8333333333334 1.0 157.0 1.0
Point 158 1124.8333333333333 504.83333333333337 1.0 158.0 1.0
Point 159 1120.8333333333333 503.5 1.0 159.0 1.0
Point 160 1140.1666666666667 517.5 1.0 160.0 1.0
Point 161 1152.8333333333333 530.1666666666666 1.0 161.0 1.0
Point 162 1147.5 524.1666666666666 1.0 162.0 1.0
Point 163 1146.8333333333333 521.5 1.0 163.0 1.0
Point 164 1152.8333333333333 526.8333333333334 1.0 164.0 1.0
Point 165 1144.1666666666667 519.5 1.0 165.0 1.0
Point 166 1140.8333333333333 518.8333333333334 1.0 166.0 1.0
Point 167 1145.5 524.1666666666666 1.0 167.0 1.0
Point 168 1152.8333333333333 527.5 1.0 168.0 1.0
Point 169 1150.1666666666667 520.8333333333334 1.0 169.0 1.0
Point 170 1156.1666666666667 533.5 1.0 170.0 1.0
Point 171 1151.5 530.8333333333334 1.0 171.0 1.0
Point 172 1178.1666666666667 548.1666666666666 1.0 172.0 1.0
Point 173 1173.5 566.8333333333334 1.0 173.0 1.0
Point 174 1172.8333333333333 571.5 1.0 174.0 1.0
Point 175 1171.5 556.1666666666666 1.0 175.0 1.0
Point 176 1176.8333333333333 570.8333333333334 1.0 176.0 1.0
Point 177 1178.1666666666667 558.1666666666666 1.0 177.0 1.0
Point 178 1175.5 565.5 1.0 178.0 1.0
Point 179 1176.8333333333333 568.8333333333334 1.0 179.0 1.0
Point 180 1171.5 566.8333333333334 1.0 180.0 1.0
Point 181 1172.8333333333333 555.5 1.0 181.0 1.0
Point 182 1174.1666666666667 556.8333333333334 1.0 182.0 1.0
Point 183 1167.5 549.5 1.0 183.0 1.0
Point 184 1154.8333333333333 536.1666666666666 1.0 184.0 1.0
Point 185 1154.1666666666667 534.1666666666666 1.0 185.0 1.0
Point 186 1154.1666666666667 535.5 1.0 186.0 1.0
Point 187 1157.5 532.8333333333334 1.0 187.0 1.0
Point 188 1159.5 538.1666666666666 1.0 188.0 1.0
Point 189 1159.5 539.5 1.0 189.0 1.0
Point 190 1155.5 533.5 1.0 190.0 1.0
Point 191 1160.1666666666667 543.5 1.0 191.0 1.0
Point 192 1152.1666666666667 529.5 1.0 192.0 1.0
Point 193 1151.5 526.8333333333334 1.0 193.0 1.0
Point 194 1156.1666666666667 538.8333333333334 1.0 194.0 1.0
Point 195 1161.5 546.1666666666666 1.0 195.0 1.0
Point 196 1165.5 560.1666666666666 1.0 196.0 1.0
Point 197 1164.1666666666667 548.8333333333334 1.0 197.0 1.0
Point 198 1156.8333333333333 532.8333333333334 1.0 198.0 1.0
Point 199 1146.8333333333333 523.5 1.0 199.0 1.0
Point 200 1144.8333333333333 519.5 1.0 200.0 1.0
Point 201 1140.1666666666667 514.8333333333334 1.0 201.0 1.0
Point 202 1149.5 528.1666666666666 1.0 202.0 1.0
Point 203 1151.5 522.8333333333334 1.0 203.0 1.0
Point 204 1152.1666666666667 523.5 1.0 204.0 1.0
Point 205 1149.5 520.1666666666666 1.0 205.0 1.0
Point 206 1148.8333333333333 518.8333333333334 1.0 206.0 1.0
Point 207 1144.1666666666667 522.8333333333334 1.0 207.0 1.0
Point 208 1146.8333333333333 520.1666666666666 1.0 208.0 1.0
Point 209 1147.5 520.1666666666666 1.0 209.0 1.0
Point 210 1147.5 523.5 1.0 210.0 1.0
Point 211 1148.1666666666667 520.8333333333334 1.0 211.0 1.0
Point 212 1146.8333333333333 521.5 1.0 212.0 1.0
Point 213 1146.1666666666667 520.8333333333334 1.0 213.0 1.0
Point 214 1145.5 520.1666666666666 1.0 214.0 1.0
Point 215 1146.1666666666667 524.1666666666666 1.0 215.0 1.0
Point 216 1137.5 508.16666666666663 1.0 216.0 1.0
Point 217 1135.5 502.83333333333337 1.0 217.0 1.0
Point 226 1132.8333333333333 492.8333333333333 1.0 218.0 1.0
Point 227 1133.5 489.5 1.0 219.0 1.0
Point 228 1133.5 490.8333333333333 1.0 220.0 1.0
Point 229 1132.8333333333333 488.8333333333333 1.0 221.0 1.0
Point 230 1131.5 484.1666666666667 1.0 222.0 1.0
Point 231 1134.8333333333333 484.1666666666667 1.0 223.0 1.0
Point 232 1136.1666666666667 483.5 1.0 224.0 1.0
Point 233 1134.1666666666667 484.1666666666667 1.0 225.0 1.0
Point 234 1131.5 484.1666666666667 1.0 226.0 1.0
Point 235 1135.5 483.5 1.0 227.0 1.0
Point 224 1138.8333333333333 484.1666666666667 1.0 228.0 1.0
Point 236 1141.5 490.1666666666667 1.0 229.0 1.0
Point 225 1142.1666666666667 495.5 1.0 230.0 1.0
Point 223 1139.5 490.8333333333333 1.0 231.0 1.0
Point 222 1135.5 485.5 1.0 232.0 1.0
Point 221 1135.5 484.1666666666667 1.0 233.0 1.0
Point 220 1127.5 480.8333333333333 1.0 234.0 1.0
Point 219 1120.1666666666667 470.8333333333333 1.0 235.0 1.0
Point 218 1119.5 463.5 1.0 236.0 1.0
Point 278 1119.5 464.1666666666667 1.0 237.0 1.0
Point 279 1120.8333333333333 471.5 1.0 238.0 1.0
Point 280 1119.5 467.5 1.0 239.0 1.0
Point 277 1129.5 468.8333333333333 1.0 240.0 1.0
Point 281 1130.1666666666667 462.8333333333333 1.0 241.0 1.0
Point 282 1133.5 463.5 1.0 242.0 1.0
Point 268 1131.5 464.8333333333333 1.0 243.0 1.0
Point 269 1134.1666666666667 464.1666666666667 1.0 244.0 1.0
Point 270 1136.8333333333333 462.1666666666667 1.0 245.0 1.0
Point 265 1133.5 462.8333333333333 1.0 246.0 1.0
Point 266 1130.1666666666667 460.8333333333333 1.0 247.0 1.0
Point 267 1131.5 460.8333333333333 1.0 248.0 1.0
Point 271 1144.8333333333333 469.5 1.0 249.0 1.0
Point 272 1140.1666666666667 468.8333333333333 1.0 250.0 1.0
Point 273 1142.1666666666667 464.8333333333333 1.0 251.0 1.0
Point 274 1140.1666666666667 464.8333333333333 1.0 252.0 1.0
Point 275 1147.5 466.8333333333333 1.0 253.0 1.0
Point 276 1142.1666666666667 470.1666666666667 1.0 254.0 1.0
Point 254 1140.1666666666667 462.8333333333333 1.0 255.0 1.0
Point 255 1142.1666666666667 463.5 1.0 256.0 1.0
Point 256 1142.8333333333333 464.1666666666667 1.0 257.0 1.0
Point 257 1156.8333333333333 462.1666666666667 1.0 258.0 1.0
Point 258 1152.8333333333333 462.8333333333333 1.0 259.0 1.0
Point 259 1153.5 464.1666666666667 1.0 260.0 1.0
Point 260 1154.1666666666667 461.5 1.0 261.0 1.0
Point 261 1150.1666666666667 460.8333333333333 1.0 262.0 1.0
Point 262 1149.5 462.1666666666667 1.0 263.0 1.0
Point 263 1149.5 462.8333333333333 1.0 264.0 1.0
Point 264 1136.8333333333333 459.5 1.0 265.0 1.0
Point 252 1131.5 453.5 1.0 266.0 1.0
Point 245 1145.5 462.1666666666667 1.0 267.0 1.0
Point 246 1148.8333333333333 460.1666666666667 1.0 268.0 1.0
Point 247 1151.5 461.5 1.0 269.0 1.0
Point 248 1150.1666666666667 460.1666666666667 1.0 270.0 1.0
Point 249 1154.8333333333333 460.8333333333333 1.0 271.0 1.0
Point 250 1152.1666666666667 456.1666666666667 1.0 272.0 1.0
Point 251 1145.5 456.1666666666667 1.0 273.0 1.0
Point 253 1144.8333333333333 454.1666666666667 1.0 274.0 1.0
Point 238 1151.5 457.5 1.0 275.0 1.0
Point 239 1156.8333333333333 459.5 1.0 276.0 1.0
Point 240 1157.5 458.8333333333333 1.0 277.0 1.0
Point 241 1148.8333333333333 458.1666666666667 1.0 278.0 1.0
Point 242 1162.1666666666667 460.8333333333333 1.0 279.0 1.0
Point 243 1156.8333333333333 458.1666666666667 1.0 280.0 1.0
Point 244 1155.5 460.1666666666667 1.0 281.0 1.0
End of MTrackJ Data File
