MTrackJ 1.5.1 Data File
Displaying true true true 1 2 0 0 100 10 0 0 0 0 1 12 0 false true true false
Assembly 1 FF0000
Cluster 1 FF0000
Track 1 FF0000 true
Point 1 1021.0 546.0 1.0 1.0 1.0
Point 2 1022.0 547.0 1.0 2.0 1.0
Point 3 1020.0 548.0 1.0 3.0 1.0
Point 4 1017.0 542.0 1.0 4.0 1.0
Point 5 1020.0 540.0 1.0 5.0 1.0
Point 6 1021.0 533.0 1.0 6.0 1.0
Point 7 1022.0 533.0 1.0 7.0 1.0
Point 8 1021.0 533.0 1.0 8.0 1.0
Point 9 1021.0 532.0 1.0 9.0 1.0
Point 10 1021.0 527.0 1.0 10.0 1.0
Point 11 1022.0 527.0 1.0 11.0 1.0
Point 12 1024.0 525.0 1.0 12.0 1.0
Point 13 1026.0 525.0 1.0 13.0 1.0
Point 14 1026.0 522.0 1.0 14.0 1.0
Point 15 1025.0 522.0 1.0 15.0 1.0
Point 16 1027.0 525.0 1.0 16.0 1.0
Point 17 1027.0 525.0 1.0 17.0 1.0
Point 18 1029.0 523.0 1.0 18.0 1.0
Point 19 1030.0 522.0 1.0 19.0 1.0
Point 20 1031.0 520.0 1.0 20.0 1.0
Point 21 1030.0 517.0 1.0 21.0 1.0
Point 22 1031.0 518.0 1.0 22.0 1.0
Point 23 1030.0 516.0 1.0 23.0 1.0
Point 24 1030.0 515.0 1.0 24.0 1.0
Point 25 1029.0 515.0 1.0 25.0 1.0
Point 26 1032.0 515.0 1.0 26.0 1.0
Point 27 1030.0 515.0 1.0 27.0 1.0
Point 28 1031.0 514.0 1.0 28.0 1.0
Point 29 1030.0 511.0 1.0 29.0 1.0
Point 30 1033.0 509.0 1.0 30.0 1.0
Point 31 1033.0 509.0 1.0 31.0 1.0
Point 32 1035.0 509.0 1.0 32.0 1.0
Point 33 1034.0 506.0 1.0 33.0 1.0
Point 34 1034.0 506.0 1.0 34.0 1.0
Point 35 1033.0 505.0 1.0 35.0 1.0
Point 36 1033.0 501.0 1.0 36.0 1.0
Point 37 1034.0 501.0 1.0 37.0 1.0
Point 38 1037.0 502.0 1.0 38.0 1.0
Point 39 1036.0 501.0 1.0 39.0 1.0
Point 40 1035.0 500.0 1.0 40.0 1.0
Point 41 1036.0 502.0 1.0 41.0 1.0
Point 42 1038.0 503.0 1.0 42.0 1.0
Point 43 1038.0 500.0 1.0 43.0 1.0
Point 44 1038.0 501.0 1.0 44.0 1.0
Point 45 1038.0 502.0 1.0 45.0 1.0
Point 46 1039.0 502.0 1.0 46.0 1.0
Point 47 1038.0 501.0 1.0 47.0 1.0
Point 48 1038.0 499.0 1.0 48.0 1.0
Point 49 1037.0 498.0 1.0 49.0 1.0
Point 50 1039.0 498.0 1.0 50.0 1.0
Point 51 1038.0 497.0 1.0 51.0 1.0
Point 52 1039.0 497.0 1.0 52.0 1.0
Point 53 1040.0 496.0 1.0 53.0 1.0
Point 54 1040.0 496.0 1.0 54.0 1.0
Point 55 1039.0 496.0 1.0 55.0 1.0
Point 56 1039.0 496.0 1.0 56.0 1.0
Point 57 1039.0 493.0 1.0 57.0 1.0
Point 58 1039.0 491.0 1.0 58.0 1.0
Point 59 1043.0 494.0 1.0 59.0 1.0
Point 60 1045.0 494.0 1.0 60.0 1.0
Point 61 1047.0 494.0 1.0 61.0 1.0
Point 62 1046.0 494.0 1.0 62.0 1.0
Point 63 1045.0 493.0 1.0 63.0 1.0
Point 64 1045.0 493.0 1.0 64.0 1.0
Point 65 1044.0 493.0 1.0 65.0 1.0
Point 66 1044.0 493.0 1.0 66.0 1.0
Point 67 1044.0 494.0 1.0 67.0 1.0
Point 68 1045.0 495.0 1.0 68.0 1.0
Point 69 1047.0 498.0 1.0 69.0 1.0
Point 70 1047.0 498.0 1.0 70.0 1.0
Point 71 1047.0 497.0 1.0 71.0 1.0
Point 72 1049.0 499.0 1.0 72.0 1.0
Point 73 1051.0 497.0 1.0 73.0 1.0
Point 74 1051.0 497.0 1.0 74.0 1.0
Point 75 1051.0 497.0 1.0 75.0 1.0
Point 76 1052.0 496.0 1.0 76.0 1.0
Point 77 1051.0 495.0 1.0 77.0 1.0
Point 78 1051.0 495.0 1.0 78.0 1.0
Point 79 1052.0 495.0 1.0 79.0 1.0
Point 80 1054.0 495.0 1.0 80.0 1.0
Point 81 1056.0 495.0 1.0 81.0 1.0
Point 82 1056.0 492.0 1.0 82.0 1.0
Point 83 1056.0 491.0 1.0 83.0 1.0
Point 84 1057.0 492.0 1.0 84.0 1.0
Point 85 1058.0 492.0 1.0 85.0 1.0
Point 86 1058.0 492.0 1.0 86.0 1.0
Point 87 1058.0 493.0 1.0 87.0 1.0
Point 88 1055.0 488.0 1.0 88.0 1.0
Point 89 1054.0 487.0 1.0 89.0 1.0
Point 90 1054.0 487.0 1.0 90.0 1.0
Point 91 1054.0 486.0 1.0 91.0 1.0
Point 92 1053.0 486.0 1.0 92.0 1.0
Point 93 1053.0 485.0 1.0 93.0 1.0
Point 94 1053.0 483.0 1.0 94.0 1.0
Point 95 1053.0 482.0 1.0 95.0 1.0
Point 96 1053.0 482.0 1.0 96.0 1.0
Point 97 1053.0 480.0 1.0 97.0 1.0
Point 98 1055.0 481.0 1.0 98.0 1.0
Point 99 1055.0 480.0 1.0 99.0 1.0
Point 100 1056.0 478.0 1.0 100.0 1.0
Point 101 1056.0 477.0 1.0 101.0 1.0
Point 102 1054.0 477.0 1.0 102.0 1.0
Point 103 1053.0 476.0 1.0 103.0 1.0
Point 104 1053.0 475.0 1.0 104.0 1.0
Point 105 1053.0 473.0 1.0 105.0 1.0
Point 106 1053.0 473.0 1.0 106.0 1.0
Point 107 1053.0 473.0 1.0 107.0 1.0
Point 108 1052.0 470.0 1.0 108.0 1.0
Point 109 1051.0 469.0 1.0 109.0 1.0
Point 110 1051.0 468.0 1.0 110.0 1.0
Point 111 1051.0 468.0 1.0 111.0 1.0
Point 112 1051.0 468.0 1.0 112.0 1.0
Point 113 1051.0 467.0 1.0 113.0 1.0
Point 114 1053.0 470.0 1.0 114.0 1.0
Point 115 1053.0 466.0 1.0 115.0 1.0
Point 116 1052.0 465.0 1.0 116.0 1.0
Point 117 1052.0 464.0 1.0 117.0 1.0
Point 118 1050.0 462.0 1.0 118.0 1.0
Point 119 1049.0 461.0 1.0 119.0 1.0
Point 120 1049.0 459.0 1.0 120.0 1.0
Point 121 1050.0 457.0 1.0 121.0 1.0
Point 122 1052.0 458.0 1.0 122.0 1.0
Point 123 1052.0 458.0 1.0 123.0 1.0
Point 124 1052.0 457.0 1.0 124.0 1.0
Point 125 1054.0 459.0 1.0 125.0 1.0
Point 126 1055.0 459.0 1.0 126.0 1.0
Point 127 1055.0 458.0 1.0 127.0 1.0
Point 128 1054.0 458.0 1.0 128.0 1.0
Point 129 1053.0 458.0 1.0 129.0 1.0
Point 130 1052.0 457.0 1.0 130.0 1.0
Point 131 1052.0 457.0 1.0 131.0 1.0
Point 132 1051.0 454.0 1.0 132.0 1.0
Point 133 1053.0 457.0 1.0 133.0 1.0
Point 134 1053.0 455.0 1.0 134.0 1.0
Point 135 1054.0 457.0 1.0 135.0 1.0
Point 136 1054.0 455.0 1.0 136.0 1.0
Point 137 1054.0 455.0 1.0 137.0 1.0
Point 138 1052.0 454.0 1.0 138.0 1.0
Point 139 1052.0 454.0 1.0 139.0 1.0
Point 140 1050.0 451.0 1.0 140.0 1.0
Point 141 1050.0 451.0 1.0 141.0 1.0
Point 142 1051.0 452.0 1.0 142.0 1.0
Point 143 1052.0 453.0 1.0 143.0 1.0
Point 144 1052.0 452.0 1.0 144.0 1.0
Point 145 1051.0 452.0 1.0 145.0 1.0
Point 146 1051.0 452.0 1.0 146.0 1.0
Point 147 1050.0 450.0 1.0 147.0 1.0
Point 148 1051.0 452.0 1.0 148.0 1.0
Point 149 1049.0 449.0 1.0 149.0 1.0
Point 150 1050.0 451.0 1.0 150.0 1.0
Point 151 1050.0 450.0 1.0 151.0 1.0
Point 152 1048.0 448.0 1.0 152.0 1.0
Point 153 1048.0 448.0 1.0 153.0 1.0
Point 154 1048.0 448.0 1.0 154.0 1.0
Point 155 1046.0 448.0 1.0 155.0 1.0
Point 156 1050.0 449.0 1.0 156.0 1.0
Point 157 1049.0 448.0 1.0 157.0 1.0
Point 158 1051.0 451.0 1.0 158.0 1.0
Point 159 1049.0 448.0 1.0 159.0 1.0
Point 160 1048.0 446.0 1.0 160.0 1.0
Point 161 1048.0 447.0 1.0 161.0 1.0
Point 162 1048.0 447.0 1.0 162.0 1.0
Point 163 1047.0 445.0 1.0 163.0 1.0
Point 164 1049.0 445.0 1.0 164.0 1.0
Point 165 1048.0 443.0 1.0 165.0 1.0
Point 166 1047.0 443.0 1.0 166.0 1.0
Point 167 1047.0 441.0 1.0 167.0 1.0
Point 168 1046.0 443.0 1.0 168.0 1.0
Point 169 1053.0 446.0 1.0 169.0 1.0
Point 170 1058.0 452.0 1.0 170.0 1.0
Point 171 1073.0 465.0 1.0 171.0 1.0
Point 172 1080.0 469.0 1.0 172.0 1.0
Point 173 1082.0 468.0 1.0 173.0 1.0
Point 174 1097.0 482.0 1.0 174.0 1.0
Point 175 1100.0 482.0 1.0 175.0 1.0
Point 176 1101.0 485.0 1.0 176.0 1.0
Point 177 1100.0 484.0 1.0 177.0 1.0
Point 178 1104.0 487.0 1.0 178.0 1.0
Point 179 1113.0 490.0 1.0 179.0 1.0
Point 180 1118.0 494.0 1.0 180.0 1.0
Point 181 1121.0 495.0 1.0 181.0 1.0
Point 182 1121.0 498.0 1.0 182.0 1.0
Point 183 1118.0 494.0 1.0 183.0 1.0
Point 184 1114.0 492.0 1.0 184.0 1.0
Point 185 1110.0 490.0 1.0 185.0 1.0
Point 186 1107.0 489.0 1.0 186.0 1.0
Point 187 1105.0 488.0 1.0 187.0 1.0
Point 188 1102.0 487.0 1.0 188.0 1.0
Point 189 1101.0 485.0 1.0 189.0 1.0
Point 190 1101.0 487.0 1.0 190.0 1.0
Point 191 1100.0 486.0 1.0 191.0 1.0
Point 192 1101.0 486.0 1.0 192.0 1.0
Point 193 1099.0 485.0 1.0 193.0 1.0
Point 194 1102.0 486.0 1.0 194.0 1.0
Point 195 1104.0 487.0 1.0 195.0 1.0
Point 196 1106.0 487.0 1.0 196.0 1.0
Point 197 1107.0 491.0 1.0 197.0 1.0
Point 198 1105.0 485.0 1.0 198.0 1.0
Point 199 1102.0 485.0 1.0 199.0 1.0
Point 200 1105.0 486.0 1.0 200.0 1.0
Point 201 1103.0 484.0 1.0 201.0 1.0
Point 202 1103.0 484.0 1.0 202.0 1.0
Point 203 1103.0 486.0 1.0 203.0 1.0
Point 204 1105.0 489.0 1.0 204.0 1.0
Point 205 1105.0 489.0 1.0 205.0 1.0
Point 206 1105.0 489.0 1.0 206.0 1.0
Point 207 1104.0 486.0 1.0 207.0 1.0
Point 208 1101.0 483.0 1.0 208.0 1.0
Point 209 1101.0 483.0 1.0 209.0 1.0
Point 210 1101.0 482.0 1.0 210.0 1.0
Point 211 1103.0 482.0 1.0 211.0 1.0
Point 212 1104.0 481.0 1.0 212.0 1.0
Point 213 1105.0 482.0 1.0 213.0 1.0
Point 214 1106.0 481.0 1.0 214.0 1.0
Point 215 1105.0 477.0 1.0 215.0 1.0
Point 216 1103.0 478.0 1.0 216.0 1.0
Point 217 1100.0 477.0 1.0 217.0 1.0
Point 218 1103.0 478.0 1.0 218.0 1.0
Point 219 1098.0 475.0 1.0 219.0 1.0
Point 220 1099.0 476.0 1.0 220.0 1.0
Point 221 1101.0 478.0 1.0 221.0 1.0
Point 222 1105.0 479.0 1.0 222.0 1.0
Point 223 1105.0 478.0 1.0 223.0 1.0
Point 224 1104.0 476.0 1.0 224.0 1.0
Point 225 1105.0 478.0 1.0 225.0 1.0
Point 226 1104.0 476.0 1.0 226.0 1.0
Point 227 1104.0 476.0 1.0 227.0 1.0
Point 228 1104.0 475.0 1.0 228.0 1.0
Point 229 1105.0 476.0 1.0 229.0 1.0
Point 230 1106.0 476.0 1.0 230.0 1.0
Point 231 1105.0 476.0 1.0 231.0 1.0
Point 232 1105.0 475.0 1.0 232.0 1.0
Point 233 1105.0 474.0 1.0 233.0 1.0
Point 234 1105.0 476.0 1.0 234.0 1.0
Point 235 1104.0 474.0 1.0 235.0 1.0
Point 236 1104.0 472.0 1.0 236.0 1.0
Point 237 1104.0 471.0 1.0 237.0 1.0
Point 238 1104.0 471.0 1.0 238.0 1.0
Point 239 1102.0 468.0 1.0 239.0 1.0
Point 240 1101.0 467.0 1.0 240.0 1.0
Point 241 1102.0 469.0 1.0 241.0 1.0
Point 242 1102.0 469.0 1.0 242.0 1.0
Point 243 1103.0 468.0 1.0 243.0 1.0
Point 244 1101.0 463.0 1.0 244.0 1.0
Point 245 1101.0 464.0 1.0 245.0 1.0
Point 246 1099.0 463.0 1.0 246.0 1.0
Point 247 1099.0 464.0 1.0 247.0 1.0
Point 248 1099.0 464.0 1.0 248.0 1.0
Point 249 1099.0 464.0 1.0 249.0 1.0
Point 250 1099.0 463.0 1.0 250.0 1.0
Point 251 1100.0 464.0 1.0 251.0 1.0
Point 252 1100.0 464.0 1.0 252.0 1.0
Point 253 1100.0 464.0 1.0 253.0 1.0
Point 254 1100.0 462.0 1.0 254.0 1.0
Point 255 1101.0 463.0 1.0 255.0 1.0
Point 256 1101.0 463.0 1.0 256.0 1.0
Point 257 1101.0 464.0 1.0 257.0 1.0
Point 258 1101.0 465.0 1.0 258.0 1.0
Point 259 1103.0 464.0 1.0 259.0 1.0
Point 260 1105.0 464.0 1.0 260.0 1.0
Point 261 1104.0 463.0 1.0 261.0 1.0
Point 262 1106.0 462.0 1.0 262.0 1.0
Point 263 1105.0 460.0 1.0 263.0 1.0
Point 264 1102.0 459.0 1.0 264.0 1.0
Point 265 1100.0 459.0 1.0 265.0 1.0
Point 266 1102.0 462.0 1.0 266.0 1.0
Point 267 1100.0 460.0 1.0 267.0 1.0
Point 268 1100.0 457.0 1.0 268.0 1.0
Point 269 1102.0 458.0 1.0 269.0 1.0
Point 270 1101.0 457.0 1.0 270.0 1.0
Point 271 1101.0 457.0 1.0 271.0 1.0
Point 272 1101.0 457.0 1.0 272.0 1.0
Point 273 1103.0 458.0 1.0 273.0 1.0
Point 274 1102.0 456.0 1.0 274.0 1.0
Point 275 1102.0 455.0 1.0 275.0 1.0
Point 276 1103.0 457.0 1.0 276.0 1.0
Point 277 1103.0 457.0 1.0 277.0 1.0
Point 278 1105.0 457.0 1.0 278.0 1.0
Point 279 1108.0 458.0 1.0 279.0 1.0
Point 280 1110.0 458.0 1.0 280.0 1.0
Point 281 1110.0 458.0 1.0 281.0 1.0
End of MTrackJ Data File
