MTrackJ 1.5.1 Data File
Displaying true true true 1 2 0 0 100 10 0 0 0 0 1 12 0 false true true false
Assembly 1 FF0000
Cluster 1 FF0000
Track 1 FF0000 true
Point 1 1138.8333333333333 466.8333333333333 1.0 78.0 1.0
Point 2 1011.8333333333333 385.5 1.0 105.0 1.0
Point 3 1107.1666666666667 513.5 1.0 118.0 1.0
Point 4 1234.5 571.5 1.0 165.0 1.0
Point 5 1181.1666666666667 590.8333333333333 1.0 179.0 1.0
Point 6 1169.8333333333333 620.8333333333333 1.0 194.0 1.0
Point 7 1188.5 619.5 1.0 197.0 1.0
Point 9 1230.5 492.83333333333337 1.0 251.0 1.0
Point 8 1201.1666666666667 446.16666666666663 1.0 254.0 1.0
Point 10 1230.5 488.83333333333337 1.0 258.0 1.0
Point 11 1281.8333333333335 500.83333333333337 1.0 280.0 1.0
End of MTrackJ Data File
