MTrackJ 1.5.1 Data File
Displaying true true true 1 2 0 0 100 10 0 0 0 0 1 12 0 false true true false
Assembly 1 FF0000
Cluster 1 FF0000
Track 1 FF0000 true
Point 1 1197.1666666666667 608.1666666666667 1.0 30.0 1.0
Point 2 1111.1666666666667 522.1666666666666 1.0 107.0 1.0
Point 3 1187.1666666666667 574.8333333333333 1.0 135.0 1.0
Point 4 1234.5 554.8333333333333 1.0 150.0 1.0
Point 5 1062.5 380.1666666666667 1.0 156.0 1.0
Point 6 1185.8333333333333 593.5 1.0 164.0 1.0
Point 7 1179.1666666666667 633.5 1.0 178.0 1.0
Point 8 1215.1666666666667 646.8333333333333 1.0 181.0 1.0
Point 9 1063.8333333333333 422.83333333333337 1.0 241.0 1.0
Point 11 1224.5 455.5 1.0 258.0 1.0
Point 10 1277.1666666666665 506.83333333333337 1.0 262.0 1.0
End of MTrackJ Data File
