MTrackJ 1.5.1 Data File
Displaying false true true 1 0 0 0 100 16 0 0 0 0 1 0 1 false false true false
Assembly 1 FF0000
Cluster 1 FF0000
Track 1 FF0000 true
Point 1 938.5 902.5 1.0 1.0 1.0
Point 2 934.5 893.1666666666667 1.0 2.0 1.0
Point 3 931.1666666666666 883.8333333333333 1.0 3.0 1.0
Point 4 933.8333333333334 878.5 1.0 4.0 1.0
Point 5 941.1666666666666 872.5 1.0 5.0 1.0
Point 6 944.5 865.1666666666666 1.0 6.0 1.0
Point 7 945.1666666666666 859.8333333333334 1.0 7.0 1.0
Point 8 943.1666666666666 855.8333333333334 1.0 8.0 1.0
Point 9 944.5 851.8333333333334 1.0 9.0 1.0
Point 10 941.8333333333334 851.1666666666666 1.0 10.0 1.0
Point 11 943.1666666666666 849.8333333333334 1.0 11.0 1.0
Point 12 944.5 851.8333333333334 1.0 12.0 1.0
Point 13 943.1666666666666 856.5 1.0 13.0 1.0
Point 14 945.8333333333334 861.1666666666666 1.0 14.0 1.0
Point 15 948.5 859.8333333333334 1.0 15.0 1.0
Point 16 948.5 844.5 1.0 16.0 1.0
Point 17 947.1666666666666 842.5 1.0 17.0 1.0
Point 18 947.1666666666666 841.8333333333334 1.0 18.0 1.0
Point 19 946.5 837.8333333333334 1.0 19.0 1.0
Point 20 949.1666666666666 832.5 1.0 20.0 1.0
Point 21 950.5 833.1666666666666 1.0 21.0 1.0
Point 22 950.5 832.5 1.0 22.0 1.0
Point 23 951.8333333333334 831.1666666666666 1.0 23.0 1.0
Point 24 951.8333333333334 829.1666666666666 1.0 24.0 1.0
Point 25 951.8333333333334 827.1666666666666 1.0 25.0 1.0
Point 26 955.8333333333334 824.5 1.0 26.0 1.0
Point 27 956.5 821.1666666666666 1.0 27.0 1.0
Point 28 957.1666666666666 821.1666666666666 1.0 28.0 1.0
Point 29 959.1666666666666 822.5 1.0 29.0 1.0
Point 30 959.1666666666666 821.1666666666666 1.0 30.0 1.0
Point 31 959.8333333333334 824.5 1.0 31.0 1.0
Point 32 963.1666666666666 826.5 1.0 32.0 1.0
Point 33 964.5 839.1666666666666 1.0 33.0 1.0
Point 34 965.1666666666666 834.5 1.0 34.0 1.0
Point 35 964.5 830.5 1.0 35.0 1.0
Point 36 961.1666666666666 833.1666666666666 1.0 36.0 1.0
Point 37 956.5 842.5 1.0 37.0 1.0
Point 38 956.5 848.5 1.0 38.0 1.0
Point 39 959.1666666666666 849.8333333333334 1.0 39.0 1.0
Point 40 960.5 847.1666666666666 1.0 40.0 1.0
Point 41 961.1666666666666 846.5 1.0 41.0 1.0
Point 42 961.8333333333334 849.8333333333334 1.0 42.0 1.0
Point 43 961.8333333333334 852.5 1.0 43.0 1.0
Point 44 959.8333333333334 849.1666666666666 1.0 44.0 1.0
Point 45 959.8333333333334 847.1666666666666 1.0 45.0 1.0
Point 46 959.8333333333334 845.8333333333334 1.0 46.0 1.0
Point 47 957.1666666666666 850.5 1.0 47.0 1.0
Point 48 959.8333333333334 853.8333333333334 1.0 48.0 1.0
Point 49 960.5 846.5 1.0 49.0 1.0
Point 50 961.1666666666666 841.8333333333334 1.0 50.0 1.0
Point 51 962.5 838.5 1.0 51.0 1.0
Point 52 962.5 835.1666666666666 1.0 52.0 1.0
Point 53 962.5 831.1666666666666 1.0 53.0 1.0
Point 54 964.5 831.1666666666666 1.0 54.0 1.0
Point 55 964.5 831.1666666666666 1.0 55.0 1.0
Point 56 964.5 830.5 1.0 56.0 1.0
Point 57 966.5 827.8333333333334 1.0 57.0 1.0
Point 58 966.5 823.1666666666666 1.0 58.0 1.0
Point 59 966.5 821.8333333333334 1.0 59.0 1.0
Point 60 966.5 824.5 1.0 60.0 1.0
Point 61 967.1666666666666 823.8333333333334 1.0 61.0 1.0
Point 62 965.8333333333334 823.8333333333334 1.0 62.0 1.0
Point 63 966.5 825.8333333333334 1.0 63.0 1.0
Point 64 966.5 824.5 1.0 64.0 1.0
Point 65 967.1666666666666 824.5 1.0 65.0 1.0
Point 66 966.5 819.8333333333334 1.0 66.0 1.0
Point 67 968.5 818.5 1.0 67.0 1.0
Point 68 968.5 817.1666666666666 1.0 68.0 1.0
Point 69 968.5 816.5 1.0 69.0 1.0
Point 70 967.8333333333334 817.8333333333334 1.0 70.0 1.0
Point 71 967.8333333333334 820.5 1.0 71.0 1.0
Point 72 967.8333333333334 819.1666666666666 1.0 72.0 1.0
Point 73 967.8333333333334 817.8333333333334 1.0 73.0 1.0
Point 74 967.8333333333334 818.5 1.0 74.0 1.0
Point 75 969.1666666666666 822.5 1.0 75.0 1.0
Point 76 969.8333333333334 826.5 1.0 76.0 1.0
Point 77 971.1666666666666 825.8333333333334 1.0 77.0 1.0
Point 78 971.1666666666666 826.5 1.0 78.0 1.0
Point 79 973.1666666666666 827.8333333333334 1.0 79.0 1.0
Point 80 973.1666666666666 827.8333333333334 1.0 80.0 1.0
Point 81 973.1666666666666 827.8333333333334 1.0 81.0 1.0
Point 82 974.5 832.5 1.0 82.0 1.0
Point 83 976.5 832.5 1.0 83.0 1.0
Point 84 977.8333333333334 832.5 1.0 84.0 1.0
Point 85 978.5 836.5 1.0 85.0 1.0
Point 86 979.8333333333334 838.5 1.0 86.0 1.0
Point 87 977.8333333333334 835.8333333333334 1.0 87.0 1.0
Point 88 978.5 837.1666666666666 1.0 88.0 1.0
Point 89 976.5 836.5 1.0 89.0 1.0
Point 90 977.1666666666666 837.8333333333334 1.0 90.0 1.0
Point 91 977.8333333333334 837.1666666666666 1.0 91.0 1.0
Point 92 977.8333333333334 835.1666666666666 1.0 92.0 1.0
Point 93 977.8333333333334 833.8333333333334 1.0 93.0 1.0
Point 94 977.8333333333334 831.8333333333334 1.0 94.0 1.0
Point 95 977.8333333333334 831.8333333333334 1.0 95.0 1.0
Point 96 977.1666666666666 829.8333333333334 1.0 96.0 1.0
Point 97 977.1666666666666 827.8333333333334 1.0 97.0 1.0
Point 98 976.5 826.5 1.0 98.0 1.0
Point 99 977.1666666666666 823.8333333333334 1.0 99.0 1.0
Point 100 977.8333333333334 823.8333333333334 1.0 100.0 1.0
Point 101 978.5 824.5 1.0 101.0 1.0
Point 102 979.8333333333334 826.5 1.0 102.0 1.0
Point 103 983.1666666666666 828.5 1.0 103.0 1.0
Point 104 979.8333333333334 827.1666666666666 1.0 104.0 1.0
Point 105 981.1666666666666 830.5 1.0 105.0 1.0
Point 106 981.1666666666666 829.8333333333334 1.0 106.0 1.0
Point 107 981.1666666666666 829.8333333333334 1.0 107.0 1.0
Point 108 981.1666666666666 829.8333333333334 1.0 108.0 1.0
Point 109 981.1666666666666 826.5 1.0 109.0 1.0
Point 110 981.1666666666666 825.1666666666666 1.0 110.0 1.0
Point 111 980.5 821.8333333333334 1.0 111.0 1.0
Point 112 979.8333333333334 818.5 1.0 112.0 1.0
Point 113 978.5 817.8333333333334 1.0 113.0 1.0
Point 114 978.5 817.8333333333334 1.0 114.0 1.0
Point 115 978.5 817.1666666666666 1.0 115.0 1.0
Point 116 979.8333333333334 817.1666666666666 1.0 116.0 1.0
Point 117 979.8333333333334 815.8333333333334 1.0 117.0 1.0
Point 118 979.8333333333334 815.8333333333334 1.0 118.0 1.0
Point 119 979.8333333333334 814.5 1.0 119.0 1.0
Point 120 979.8333333333334 815.8333333333334 1.0 120.0 1.0
Point 121 979.8333333333334 815.1666666666666 1.0 121.0 1.0
Point 122 979.8333333333334 815.1666666666666 1.0 122.0 1.0
Point 123 979.8333333333334 815.8333333333334 1.0 123.0 1.0
Point 124 979.1666666666666 814.5 1.0 124.0 1.0
Point 125 982.5 813.8333333333334 1.0 125.0 1.0
Point 126 983.8333333333334 815.1666666666666 1.0 126.0 1.0
Point 127 983.8333333333334 814.5 1.0 127.0 1.0
Point 128 983.8333333333334 813.8333333333334 1.0 128.0 1.0
Point 129 983.8333333333334 813.1666666666666 1.0 129.0 1.0
Point 130 985.8333333333334 813.1666666666666 1.0 130.0 1.0
Point 131 988.5 813.1666666666666 1.0 131.0 1.0
Point 132 988.5 811.8333333333334 1.0 132.0 1.0
Point 133 988.5 811.8333333333334 1.0 133.0 1.0
Point 134 987.8333333333334 812.5 1.0 134.0 1.0
Point 135 987.8333333333334 812.5 1.0 135.0 1.0
Point 136 987.8333333333334 811.8333333333334 1.0 136.0 1.0
Point 137 987.1666666666666 811.1666666666666 1.0 137.0 1.0
Point 138 986.5 811.1666666666666 1.0 138.0 1.0
Point 139 986.5 810.5 1.0 139.0 1.0
Point 140 989.1666666666666 809.8333333333334 1.0 140.0 1.0
Point 141 988.5 809.8333333333334 1.0 141.0 1.0
Point 142 988.5 809.1666666666666 1.0 142.0 1.0
Point 143 988.5 809.1666666666666 1.0 143.0 1.0
Point 144 988.5 807.8333333333334 1.0 144.0 1.0
Point 145 987.8333333333334 810.5 1.0 145.0 1.0
Point 146 987.8333333333334 810.5 1.0 146.0 1.0
Point 147 987.8333333333334 810.5 1.0 147.0 1.0
Point 148 987.8333333333334 810.5 1.0 148.0 1.0
Point 149 987.8333333333334 810.5 1.0 149.0 1.0
Point 150 988.5 808.5 1.0 150.0 1.0
Point 151 987.1666666666666 809.1666666666666 1.0 151.0 1.0
Point 152 987.1666666666666 807.1666666666666 1.0 152.0 1.0
Point 153 987.1666666666666 807.8333333333334 1.0 153.0 1.0
Point 154 986.5 807.8333333333334 1.0 154.0 1.0
Point 155 983.1666666666666 807.8333333333334 1.0 155.0 1.0
Point 156 985.8333333333334 807.8333333333334 1.0 156.0 1.0
Point 157 986.5 807.8333333333334 1.0 157.0 1.0
Point 158 987.1666666666666 807.8333333333334 1.0 158.0 1.0
Point 159 987.1666666666666 807.8333333333334 1.0 159.0 1.0
Point 160 987.1666666666666 807.8333333333334 1.0 160.0 1.0
Point 161 987.1666666666666 807.8333333333334 1.0 161.0 1.0
Point 162 987.8333333333334 807.8333333333334 1.0 162.0 1.0
Point 163 987.8333333333334 807.8333333333334 1.0 163.0 1.0
Point 164 990.5 809.8333333333334 1.0 164.0 1.0
Point 165 990.5 810.5 1.0 165.0 1.0
Point 166 990.5 806.5 1.0 166.0 1.0
Point 167 987.1666666666666 804.5 1.0 167.0 1.0
Point 168 988.5 805.8333333333334 1.0 168.0 1.0
Point 169 986.5 803.8333333333334 1.0 169.0 1.0
Point 170 983.1666666666666 801.8333333333334 1.0 170.0 1.0
Point 171 980.5 797.8333333333334 1.0 171.0 1.0
Point 172 980.5 797.1666666666666 1.0 172.0 1.0
Point 173 981.8333333333334 798.5 1.0 173.0 1.0
Point 174 983.8333333333334 800.5 1.0 174.0 1.0
Point 175 982.5 797.8333333333334 1.0 175.0 1.0
Point 176 982.5 797.8333333333334 1.0 176.0 1.0
Point 177 988.5 801.8333333333334 1.0 177.0 1.0
Point 178 987.1666666666666 801.1666666666666 1.0 178.0 1.0
Point 179 991.1666666666666 803.8333333333334 1.0 179.0 1.0
Point 180 991.1666666666666 803.8333333333334 1.0 180.0 1.0
Point 181 991.8333333333334 803.8333333333334 1.0 181.0 1.0
Point 182 991.1666666666666 802.5 1.0 182.0 1.0
Point 183 990.5 800.5 1.0 183.0 1.0
Point 184 988.5 799.1666666666666 1.0 184.0 1.0
Point 185 991.1666666666666 802.5 1.0 185.0 1.0
Point 186 995.8333333333334 803.8333333333334 1.0 186.0 1.0
Point 187 997.1666666666666 804.5 1.0 187.0 1.0
Point 188 999.1666666666667 803.8333333333334 1.0 188.0 1.0
Point 189 1011.8333333333333 808.5 1.0 189.0 1.0
Point 190 1037.1666666666667 819.8333333333334 1.0 190.0 1.0
Point 191 1048.5 818.5 1.0 191.0 1.0
Point 192 1053.1666666666667 828.5 1.0 192.0 1.0
Point 193 1055.8333333333333 831.1666666666666 1.0 193.0 1.0
Point 194 1049.1666666666667 827.1666666666666 1.0 194.0 1.0
Point 195 1051.1666666666667 829.1666666666666 1.0 195.0 1.0
Point 196 1051.1666666666667 829.1666666666666 1.0 196.0 1.0
Point 197 1047.8333333333333 829.1666666666666 1.0 197.0 1.0
Point 198 1050.5 829.1666666666666 1.0 198.0 1.0
Point 199 1054.5 830.5 1.0 199.0 1.0
Point 200 1064.5 833.8333333333334 1.0 200.0 1.0
Point 201 1069.8333333333333 834.5 1.0 201.0 1.0
Point 202 1077.1666666666667 833.8333333333334 1.0 202.0 1.0
Point 203 1081.8333333333333 835.1666666666666 1.0 203.0 1.0
Point 204 1083.1666666666667 835.1666666666666 1.0 204.0 1.0
Point 205 1083.8333333333333 835.1666666666666 1.0 205.0 1.0
Point 206 1080.5 835.1666666666666 1.0 206.0 1.0
Point 207 1080.5 835.1666666666666 1.0 207.0 1.0
Point 208 1081.8333333333333 835.8333333333334 1.0 208.0 1.0
Point 209 1082.5 837.1666666666666 1.0 209.0 1.0
Point 210 1084.5 835.8333333333334 1.0 210.0 1.0
Point 211 1086.5 835.8333333333334 1.0 211.0 1.0
Point 212 1083.1666666666667 835.8333333333334 1.0 212.0 1.0
Point 213 1078.5 834.5 1.0 213.0 1.0
Point 214 1075.1666666666667 834.5 1.0 214.0 1.0
Point 215 1076.5 834.5 1.0 215.0 1.0
Point 216 1078.5 834.5 1.0 216.0 1.0
Point 217 1085.1666666666667 831.8333333333334 1.0 217.0 1.0
Point 218 1090.5 830.5 1.0 218.0 1.0
Point 219 1091.8333333333333 830.5 1.0 219.0 1.0
Point 220 1087.1666666666667 831.1666666666666 1.0 220.0 1.0
Point 221 1083.1666666666667 829.8333333333334 1.0 221.0 1.0
Point 222 1075.8333333333333 829.8333333333334 1.0 222.0 1.0
Point 223 1077.1666666666667 830.5 1.0 223.0 1.0
Point 224 1079.1666666666667 830.5 1.0 224.0 1.0
Point 225 1077.8333333333333 830.5 1.0 225.0 1.0
Point 226 1076.5 830.5 1.0 226.0 1.0
Point 227 1072.5 830.5 1.0 227.0 1.0
Point 228 1069.8333333333333 829.1666666666666 1.0 228.0 1.0
Point 229 1089.8333333333333 817.1666666666666 1.0 229.0 1.0
Point 230 1091.8333333333333 813.8333333333334 1.0 230.0 1.0
Point 231 1091.8333333333333 808.5 1.0 231.0 1.0
Point 232 1095.1666666666667 805.1666666666666 1.0 232.0 1.0
Point 233 1107.8333333333333 803.1666666666666 1.0 233.0 1.0
Point 234 1138.5 802.5 1.0 234.0 1.0
Point 235 1150.5 800.5 1.0 235.0 1.0
Point 236 1153.8333333333333 797.8333333333334 1.0 236.0 1.0
Point 237 1157.1666666666667 796.5 1.0 237.0 1.0
Point 238 1160.5 793.8333333333334 1.0 238.0 1.0
Point 239 1163.8333333333333 792.5 1.0 239.0 1.0
Point 240 1163.8333333333333 791.1666666666666 1.0 240.0 1.0
End of MTrackJ Data File
