MTrackJ 1.5.1 Data File
Displaying false true true 1 0 0 0 100 16 0 0 0 0 1 0 1 false false true false
Assembly 1 FF0000
Cluster 1 FF0000
Track 1 FF0000 true
Point 1 934.5 899.8333333333333 1.0 1.0 1.0
Point 2 927.8333333333334 885.1666666666667 1.0 2.0 1.0
Point 3 932.5 887.1666666666667 1.0 3.0 1.0
Point 4 931.8333333333334 873.8333333333333 1.0 4.0 1.0
Point 5 934.5 866.5 1.0 5.0 1.0
Point 6 940.5 863.1666666666666 1.0 6.0 1.0
Point 7 942.5 860.5 1.0 7.0 1.0
Point 8 943.8333333333334 854.5 1.0 8.0 1.0
Point 9 943.1666666666666 853.1666666666666 1.0 9.0 1.0
Point 10 945.1666666666666 856.5 1.0 10.0 1.0
Point 11 945.1666666666666 858.5 1.0 11.0 1.0
Point 12 947.1666666666666 854.5 1.0 12.0 1.0
Point 13 948.5 853.1666666666666 1.0 13.0 1.0
Point 14 947.1666666666666 867.1666666666666 1.0 14.0 1.0
Point 15 945.8333333333334 844.5 1.0 15.0 1.0
Point 16 951.8333333333334 844.5 1.0 16.0 1.0
Point 17 952.5 843.8333333333334 1.0 17.0 1.0
Point 18 955.1666666666666 837.8333333333334 1.0 18.0 1.0
Point 19 954.5 843.8333333333334 1.0 19.0 1.0
Point 20 959.1666666666666 835.8333333333334 1.0 20.0 1.0
Point 21 955.1666666666666 835.8333333333334 1.0 21.0 1.0
Point 22 967.1666666666666 835.8333333333334 1.0 22.0 1.0
Point 23 963.8333333333334 834.5 1.0 23.0 1.0
Point 24 965.1666666666666 828.5 1.0 24.0 1.0
Point 25 969.1666666666666 827.1666666666666 1.0 25.0 1.0
Point 26 971.8333333333334 825.8333333333334 1.0 26.0 1.0
Point 27 969.8333333333334 824.5 1.0 27.0 1.0
Point 28 974.5 827.1666666666666 1.0 28.0 1.0
Point 29 971.1666666666666 825.8333333333334 1.0 29.0 1.0
Point 30 973.1666666666666 829.1666666666666 1.0 30.0 1.0
Point 31 979.1666666666666 834.5 1.0 31.0 1.0
Point 32 983.1666666666666 837.8333333333334 1.0 32.0 1.0
Point 33 983.8333333333334 841.8333333333334 1.0 33.0 1.0
Point 34 982.5 835.8333333333334 1.0 34.0 1.0
Point 35 976.5 830.5 1.0 35.0 1.0
Point 36 967.8333333333334 833.1666666666666 1.0 36.0 1.0
Point 37 962.5 849.1666666666666 1.0 37.0 1.0
Point 38 963.8333333333334 857.8333333333334 1.0 38.0 1.0
Point 39 966.5 864.5 1.0 39.0 1.0
Point 40 967.1666666666666 861.8333333333334 1.0 40.0 1.0
Point 41 959.1666666666666 865.1666666666666 1.0 41.0 1.0
Point 42 963.1666666666666 865.8333333333334 1.0 42.0 1.0
Point 43 957.1666666666666 862.5 1.0 43.0 1.0
Point 44 959.1666666666666 871.1666666666667 1.0 44.0 1.0
Point 45 959.1666666666666 861.1666666666666 1.0 45.0 1.0
Point 46 958.5 861.8333333333334 1.0 46.0 1.0
Point 47 959.8333333333334 857.1666666666666 1.0 47.0 1.0
Point 48 958.5 854.5 1.0 48.0 1.0
Point 49 958.5 847.8333333333334 1.0 49.0 1.0
Point 50 965.8333333333334 839.8333333333334 1.0 50.0 1.0
Point 51 966.5 838.5 1.0 51.0 1.0
Point 52 964.5 835.8333333333334 1.0 52.0 1.0
Point 53 959.8333333333334 831.1666666666666 1.0 53.0 1.0
Point 54 967.8333333333334 834.5 1.0 54.0 1.0
Point 55 973.1666666666666 825.8333333333334 1.0 55.0 1.0
Point 56 968.5 828.5 1.0 56.0 1.0
Point 57 972.5 821.8333333333334 1.0 57.0 1.0
Point 58 976.5 818.5 1.0 58.0 1.0
Point 59 979.1666666666666 817.1666666666666 1.0 59.0 1.0
Point 60 976.5 821.8333333333334 1.0 60.0 1.0
Point 61 972.5 827.1666666666666 1.0 61.0 1.0
Point 62 976.5 817.8333333333334 1.0 62.0 1.0
Point 63 979.1666666666666 819.8333333333334 1.0 63.0 1.0
Point 64 987.1666666666666 817.1666666666666 1.0 64.0 1.0
Point 65 977.8333333333334 816.5 1.0 65.0 1.0
Point 66 985.1666666666666 813.1666666666666 1.0 66.0 1.0
Point 67 983.8333333333334 811.1666666666666 1.0 67.0 1.0
Point 68 983.8333333333334 807.8333333333334 1.0 68.0 1.0
Point 69 979.1666666666666 817.1666666666666 1.0 69.0 1.0
Point 70 974.5 828.5 1.0 70.0 1.0
Point 71 976.5 822.5 1.0 71.0 1.0
Point 72 977.8333333333334 823.1666666666666 1.0 72.0 1.0
Point 73 971.1666666666666 834.5 1.0 73.0 1.0
Point 74 974.5 847.1666666666666 1.0 74.0 1.0
Point 75 975.8333333333334 861.8333333333334 1.0 75.0 1.0
Point 76 982.5 855.1666666666666 1.0 76.0 1.0
Point 77 982.5 861.1666666666666 1.0 77.0 1.0
Point 78 985.1666666666666 867.1666666666666 1.0 78.0 1.0
Point 79 988.5 868.5 1.0 79.0 1.0
Point 80 994.5 861.8333333333334 1.0 80.0 1.0
Point 81 996.5 864.5 1.0 81.0 1.0
Point 82 1000.5 874.5 1.0 82.0 1.0
Point 83 1001.1666666666667 871.8333333333333 1.0 83.0 1.0
Point 84 1005.1666666666667 889.1666666666667 1.0 84.0 1.0
Point 85 999.1666666666667 870.5 1.0 85.0 1.0
Point 86 997.1666666666666 867.8333333333334 1.0 86.0 1.0
Point 87 993.8333333333334 875.8333333333333 1.0 87.0 1.0
Point 88 997.1666666666666 880.5 1.0 88.0 1.0
Point 89 990.5 871.8333333333333 1.0 89.0 1.0
Point 90 990.5 866.5 1.0 90.0 1.0
Point 91 995.8333333333334 871.1666666666667 1.0 91.0 1.0
Point 92 995.8333333333334 870.5 1.0 92.0 1.0
Point 93 991.8333333333334 860.5 1.0 93.0 1.0
Point 94 994.5 860.5 1.0 94.0 1.0
Point 95 992.5 859.8333333333334 1.0 95.0 1.0
Point 96 986.5 848.5 1.0 96.0 1.0
Point 97 988.5 851.8333333333334 1.0 97.0 1.0
Point 98 986.5 846.5 1.0 98.0 1.0
Point 99 983.1666666666666 837.8333333333334 1.0 99.0 1.0
Point 100 981.1666666666666 839.8333333333334 1.0 100.0 1.0
Point 101 983.8333333333334 837.1666666666666 1.0 101.0 1.0
Point 102 985.1666666666666 839.1666666666666 1.0 102.0 1.0
Point 103 973.8333333333334 829.8333333333334 1.0 103.0 1.0
Point 104 975.1666666666666 831.1666666666666 1.0 104.0 1.0
Point 105 976.5 830.5 1.0 105.0 1.0
Point 106 979.8333333333334 831.1666666666666 1.0 106.0 1.0
Point 107 979.1666666666666 827.8333333333334 1.0 107.0 1.0
Point 108 977.8333333333334 824.5 1.0 108.0 1.0
Point 109 974.5 823.1666666666666 1.0 109.0 1.0
Point 110 969.8333333333334 827.1666666666666 1.0 110.0 1.0
Point 111 971.1666666666666 827.8333333333334 1.0 111.0 1.0
Point 112 970.5 825.8333333333334 1.0 112.0 1.0
Point 113 969.1666666666666 827.1666666666666 1.0 113.0 1.0
Point 114 973.8333333333334 823.1666666666666 1.0 114.0 1.0
Point 115 971.8333333333334 825.1666666666666 1.0 115.0 1.0
Point 116 975.8333333333334 825.1666666666666 1.0 116.0 1.0
Point 117 979.8333333333334 827.1666666666666 1.0 117.0 1.0
Point 118 979.1666666666666 824.5 1.0 118.0 1.0
Point 119 974.5 828.5 1.0 119.0 1.0
Point 120 975.1666666666666 827.1666666666666 1.0 120.0 1.0
Point 121 975.1666666666666 825.8333333333334 1.0 121.0 1.0
Point 122 975.8333333333334 825.1666666666666 1.0 122.0 1.0
Point 123 977.1666666666666 823.1666666666666 1.0 123.0 1.0
Point 124 979.1666666666666 823.8333333333334 1.0 124.0 1.0
Point 125 991.1666666666666 821.1666666666666 1.0 125.0 1.0
Point 126 993.1666666666666 815.8333333333334 1.0 126.0 1.0
Point 127 987.8333333333334 814.5 1.0 127.0 1.0
Point 128 987.1666666666666 809.8333333333334 1.0 128.0 1.0
Point 129 1000.5 809.1666666666666 1.0 129.0 1.0
Point 130 996.5 801.8333333333334 1.0 130.0 1.0
Point 131 998.5 805.1666666666666 1.0 131.0 1.0
Point 132 1009.1666666666667 811.8333333333334 1.0 132.0 1.0
Point 133 1003.8333333333333 807.1666666666666 1.0 133.0 1.0
Point 134 996.5 795.8333333333334 1.0 134.0 1.0
Point 135 995.1666666666666 801.1666666666666 1.0 135.0 1.0
Point 136 994.5 794.5 1.0 136.0 1.0
Point 137 989.8333333333334 786.5 1.0 137.0 1.0
Point 138 987.8333333333334 779.1666666666666 1.0 138.0 1.0
Point 139 993.1666666666666 788.5 1.0 139.0 1.0
Point 140 993.8333333333334 788.5 1.0 140.0 1.0
Point 141 997.1666666666666 795.1666666666666 1.0 141.0 1.0
Point 142 994.5 798.5 1.0 142.0 1.0
Point 143 989.1666666666666 803.8333333333334 1.0 143.0 1.0
Point 144 987.8333333333334 807.1666666666666 1.0 144.0 1.0
Point 145 987.8333333333334 805.8333333333334 1.0 145.0 1.0
Point 146 985.8333333333334 810.5 1.0 146.0 1.0
Point 147 985.8333333333334 805.1666666666666 1.0 147.0 1.0
Point 148 1015.1666666666667 806.5 1.0 148.0 1.0
Point 149 1002.5 805.8333333333334 1.0 149.0 1.0
Point 150 995.8333333333334 809.1666666666666 1.0 150.0 1.0
Point 151 996.5 807.1666666666666 1.0 151.0 1.0
Point 152 1007.8333333333333 803.1666666666666 1.0 152.0 1.0
Point 153 1008.5 803.1666666666666 1.0 153.0 1.0
Point 154 1007.8333333333333 801.8333333333334 1.0 154.0 1.0
Point 155 998.5 806.5 1.0 155.0 1.0
Point 156 988.5 807.1666666666666 1.0 156.0 1.0
Point 157 989.8333333333334 806.5 1.0 157.0 1.0
Point 158 989.1666666666666 811.1666666666666 1.0 158.0 1.0
Point 159 983.1666666666666 809.8333333333334 1.0 159.0 1.0
Point 160 986.5 810.5 1.0 160.0 1.0
Point 161 981.8333333333334 809.8333333333334 1.0 161.0 1.0
Point 162 983.1666666666666 813.8333333333334 1.0 162.0 1.0
Point 163 979.8333333333334 818.5 1.0 163.0 1.0
Point 164 980.5 810.5 1.0 164.0 1.0
Point 165 982.5 804.5 1.0 165.0 1.0
Point 166 981.8333333333334 803.1666666666666 1.0 166.0 1.0
Point 167 980.5 802.5 1.0 167.0 1.0
Point 168 990.5 803.8333333333334 1.0 168.0 1.0
Point 169 987.1666666666666 799.1666666666666 1.0 169.0 1.0
Point 170 989.1666666666666 799.1666666666666 1.0 170.0 1.0
Point 171 987.8333333333334 792.5 1.0 171.0 1.0
Point 172 1002.5 807.8333333333334 1.0 172.0 1.0
Point 173 1027.1666666666667 821.8333333333334 1.0 173.0 1.0
Point 174 1041.8333333333333 827.1666666666666 1.0 174.0 1.0
Point 175 1047.8333333333333 830.5 1.0 175.0 1.0
Point 176 1056.5 830.5 1.0 176.0 1.0
Point 177 1068.5 845.1666666666666 1.0 177.0 1.0
Point 178 1057.1666666666667 842.5 1.0 178.0 1.0
Point 179 1057.8333333333333 843.1666666666666 1.0 179.0 1.0
Point 180 1053.1666666666667 844.5 1.0 180.0 1.0
Point 181 1055.1666666666667 841.1666666666666 1.0 181.0 1.0
Point 182 1052.5 836.5 1.0 182.0 1.0
Point 183 1061.8333333333333 831.8333333333334 1.0 183.0 1.0
Point 184 1070.5 833.8333333333334 1.0 184.0 1.0
Point 185 1080.5 834.5 1.0 185.0 1.0
Point 186 1084.5 834.5 1.0 186.0 1.0
Point 187 1105.1666666666667 840.5 1.0 187.0 1.0
Point 188 1089.8333333333333 837.1666666666666 1.0 188.0 1.0
Point 189 1109.8333333333333 839.8333333333334 1.0 189.0 1.0
Point 190 1148.5 852.5 1.0 190.0 1.0
Point 191 1166.5 859.8333333333334 1.0 191.0 1.0
Point 192 1158.5 855.1666666666666 1.0 192.0 1.0
Point 193 1117.1666666666667 844.5 1.0 193.0 1.0
Point 194 1101.1666666666667 847.1666666666666 1.0 194.0 1.0
Point 195 1102.5 847.1666666666666 1.0 195.0 1.0
Point 196 1103.8333333333333 845.1666666666666 1.0 196.0 1.0
Point 197 1099.8333333333333 847.1666666666666 1.0 197.0 1.0
Point 198 1106.5 849.8333333333334 1.0 198.0 1.0
Point 199 1103.1666666666667 849.8333333333334 1.0 199.0 1.0
Point 200 1161.1666666666667 861.8333333333334 1.0 200.0 1.0
Point 201 1177.1666666666667 869.1666666666667 1.0 201.0 1.0
Point 202 1180.5 865.1666666666666 1.0 202.0 1.0
Point 203 1185.8333333333333 868.5 1.0 203.0 1.0
Point 204 1173.8333333333333 862.5 1.0 204.0 1.0
Point 205 1163.1666666666667 854.5 1.0 205.0 1.0
Point 206 1157.1666666666667 854.5 1.0 206.0 1.0
Point 207 1153.1666666666667 853.1666666666666 1.0 207.0 1.0
Point 208 1163.1666666666667 857.1666666666666 1.0 208.0 1.0
Point 209 1156.5 853.1666666666666 1.0 209.0 1.0
Point 210 1134.5 843.8333333333334 1.0 210.0 1.0
Point 211 1133.1666666666667 843.8333333333334 1.0 211.0 1.0
Point 212 1126.5 835.1666666666666 1.0 212.0 1.0
Point 213 1115.8333333333333 839.1666666666666 1.0 213.0 1.0
Point 214 1118.5 838.5 1.0 214.0 1.0
Point 215 1134.5 844.5 1.0 215.0 1.0
Point 216 1121.8333333333333 831.1666666666666 1.0 216.0 1.0
Point 217 1117.1666666666667 817.8333333333334 1.0 217.0 1.0
Point 218 1119.8333333333333 819.1666666666666 1.0 218.0 1.0
Point 219 1115.8333333333333 815.8333333333334 1.0 219.0 1.0
Point 220 1112.5 813.1666666666666 1.0 220.0 1.0
Point 221 1109.1666666666667 823.1666666666666 1.0 221.0 1.0
Point 222 1107.1666666666667 822.5 1.0 222.0 1.0
Point 223 1115.8333333333333 823.1666666666666 1.0 223.0 1.0
Point 224 1120.5 813.8333333333334 1.0 224.0 1.0
Point 225 1113.8333333333333 823.8333333333334 1.0 225.0 1.0
Point 226 1105.8333333333333 820.5 1.0 226.0 1.0
Point 227 1101.1666666666667 821.8333333333334 1.0 227.0 1.0
Point 228 1120.5 825.1666666666666 1.0 228.0 1.0
Point 229 1131.1666666666667 820.5 1.0 229.0 1.0
Point 230 1127.8333333333333 808.5 1.0 230.0 1.0
Point 231 1130.5 808.5 1.0 231.0 1.0
Point 232 1148.5 807.1666666666666 1.0 232.0 1.0
Point 233 1160.5 807.1666666666666 1.0 233.0 1.0
Point 234 1167.8333333333333 797.8333333333334 1.0 234.0 1.0
Point 235 1183.8333333333333 799.1666666666666 1.0 235.0 1.0
Point 236 1199.1666666666667 799.1666666666666 1.0 236.0 1.0
Point 237 1197.1666666666667 796.5 1.0 237.0 1.0
Point 238 1191.1666666666667 792.5 1.0 238.0 1.0
Point 239 1195.8333333333333 785.1666666666666 1.0 239.0 1.0
Point 240 1199.8333333333333 783.1666666666666 1.0 240.0 1.0
End of MTrackJ Data File
