MTrackJ 1.5.1 Data File
Displaying false true true 1 0 0 0 100 16 0 0 0 0 1 0 1 false false true false
Assembly 1 FF0000
Cluster 1 FF0000
Track 1 FF0000 true
Point 1 946.5 791.1666666666666 1.0 10.0 1.0
Point 2 969.8333333333334 785.1666666666666 1.0 51.0 1.0
Point 4 1033.8333333333333 811.8333333333334 1.0 57.0 1.0
Point 5 1061.8333333333333 870.5 1.0 79.0 1.0
Point 6 1017.1666666666667 923.8333333333333 1.0 84.0 1.0
Point 7 1064.5 887.1666666666667 1.0 92.0 1.0
Point 8 1003.8333333333333 725.8333333333334 1.0 136.0 1.0
Point 9 1146.5 829.8333333333334 1.0 149.0 1.0
Point 10 974.5 846.5 1.0 158.0 1.0
Point 11 1083.8333333333333 777.8333333333334 1.0 168.0 1.0
Point 12 1235.1666666666667 871.1666666666667 1.0 207.0 1.0
End of MTrackJ Data File
