MTrackJ 1.5.1 Data File
Displaying true true true 2 0 0 0 100 10 0 0 0 0 1 12 0 true true true false
Assembly 1 FF0000
Cluster 1 FF0000
Track 1 FF0000 true
Point 1 923.8333333333333 559.5 1.0 1.0 3.0
Point 2 926.5 550.1666666666667 1.0 2.0 3.0
Point 3 931.8333333333333 542.8333333333333 1.0 3.0 3.0
Point 4 931.1666666666667 540.1666666666667 1.0 4.0 3.0
Point 5 927.8333333333333 538.1666666666667 1.0 5.0 3.0
Point 6 937.8333333333333 533.5 1.0 6.0 3.0
Point 7 936.5 543.5 1.0 7.0 3.0
Point 8 940.5 530.8333333333333 1.0 8.0 3.0
Point 9 935.8333333333333 532.1666666666667 1.0 9.0 3.0
Point 10 937.8333333333333 531.5 1.0 10.0 3.0
Point 11 938.5 530.8333333333333 1.0 11.0 3.0
Point 12 937.1666666666667 522.8333333333333 1.0 12.0 3.0
Point 13 937.8333333333333 519.5 1.0 13.0 3.0
Point 14 940.5 522.1666666666667 1.0 14.0 3.0
Point 15 941.1666666666667 518.1666666666667 1.0 15.0 3.0
Point 16 943.8333333333333 530.8333333333333 1.0 16.0 3.0
Point 17 942.5 518.1666666666667 1.0 17.0 3.0
Point 18 947.8333333333333 504.8333333333333 1.0 18.0 3.0
Point 19 937.8333333333333 502.8333333333333 1.0 19.0 3.0
Point 20 943.1666666666667 505.5 1.0 20.0 3.0
Point 21 945.8333333333333 503.5 1.0 21.0 3.0
Point 22 943.1666666666667 512.1666666666667 1.0 22.0 3.0
Point 23 947.8333333333333 512.8333333333333 1.0 23.0 3.0
Point 24 951.8333333333333 508.1666666666667 1.0 24.0 3.0
Point 25 948.5 510.8333333333333 1.0 25.0 3.0
Point 26 951.8333333333333 516.1666666666667 1.0 26.0 3.0
Point 27 949.8333333333333 514.1666666666667 1.0 27.0 3.0
Point 28 945.8333333333333 510.8333333333333 1.0 28.0 3.0
Point 29 939.8333333333333 511.5 1.0 29.0 3.0
Point 30 943.8333333333333 508.8333333333333 1.0 30.0 3.0
Point 31 939.8333333333333 504.8333333333333 1.0 31.0 3.0
Point 32 938.5 500.8333333333333 1.0 32.0 3.0
Point 33 942.5 499.5 1.0 33.0 3.0
Point 34 935.8333333333333 497.5 1.0 34.0 3.0
Point 35 937.8333333333333 497.5 1.0 35.0 3.0
Point 36 935.1666666666667 494.8333333333333 1.0 36.0 3.0
Point 37 935.8333333333333 493.5 1.0 37.0 3.0
Point 38 933.8333333333333 490.8333333333333 1.0 38.0 3.0
Point 39 927.8333333333333 490.8333333333333 1.0 39.0 3.0
Point 40 934.5 486.1666666666667 1.0 40.0 3.0
Point 41 933.1666666666667 491.5 1.0 41.0 3.0
Point 42 931.1666666666667 490.8333333333333 1.0 42.0 3.0
Point 43 933.8333333333333 489.5 1.0 43.0 3.0
Point 44 933.8333333333333 488.1666666666667 1.0 44.0 3.0
Point 45 932.5 486.1666666666667 1.0 45.0 3.0
Point 46 932.5 485.5 1.0 46.0 3.0
Point 47 931.8333333333333 484.1666666666667 1.0 47.0 3.0
Point 48 932.5 486.1666666666667 1.0 48.0 3.0
Point 49 933.1666666666667 484.1666666666667 1.0 49.0 3.0
Point 50 931.8333333333333 481.5 1.0 50.0 3.0
Point 51 931.1666666666667 480.8333333333333 1.0 51.0 3.0
Point 52 943.8333333333333 458.83333333333337 1.0 52.0 3.0
Point 53 928.5 477.5 1.0 53.0 3.0
Point 54 931.1666666666667 470.16666666666663 1.0 54.0 3.0
Point 55 927.8333333333333 468.16666666666663 1.0 55.0 3.0
Point 56 929.1666666666667 470.83333333333337 1.0 56.0 3.0
Point 57 928.5 473.5 1.0 57.0 3.0
Point 58 926.5 470.83333333333337 1.0 58.0 3.0
Point 59 925.1666666666667 468.83333333333337 1.0 59.0 3.0
Point 60 928.5 466.83333333333337 1.0 60.0 3.0
Point 61 923.8333333333333 466.83333333333337 1.0 61.0 3.0
Point 62 924.5 464.16666666666663 1.0 62.0 3.0
Point 63 936.5 454.16666666666663 1.0 63.0 3.0
Point 64 935.1666666666667 450.83333333333337 1.0 64.0 3.0
Point 65 944.5 443.5 1.0 65.0 3.0
Point 66 932.5 446.83333333333337 1.0 66.0 3.0
Point 67 951.1666666666667 431.5 1.0 67.0 3.0
Point 68 937.1666666666667 442.83333333333337 1.0 68.0 3.0
Point 69 931.8333333333333 447.5 1.0 69.0 3.0
Point 70 924.5 450.83333333333337 1.0 70.0 3.0
Point 71 924.5 450.16666666666663 1.0 71.0 3.0
Point 72 928.5 446.83333333333337 1.0 72.0 3.0
Point 73 941.1666666666667 436.16666666666663 1.0 73.0 3.0
Point 74 923.1666666666667 449.5 1.0 74.0 3.0
Point 75 925.1666666666667 449.5 1.0 75.0 3.0
Point 76 921.8333333333333 448.83333333333337 1.0 76.0 3.0
Point 77 926.5 444.16666666666663 1.0 77.0 3.0
Point 78 929.8333333333333 438.83333333333337 1.0 78.0 3.0
Point 79 925.8333333333333 435.5 1.0 79.0 3.0
Point 80 916.5 445.5 1.0 80.0 3.0
Point 81 920.5 444.16666666666663 1.0 81.0 3.0
Point 82 915.8333333333333 444.83333333333337 1.0 82.0 3.0
Point 83 919.8333333333333 451.5 1.0 83.0 3.0
Point 84 916.5 456.16666666666663 1.0 84.0 3.0
Point 85 917.8333333333333 454.16666666666663 1.0 85.0 3.0
Point 86 917.8333333333333 450.16666666666663 1.0 86.0 3.0
Point 87 919.8333333333333 459.5 1.0 87.0 3.0
Point 88 917.8333333333333 455.5 1.0 88.0 3.0
Point 89 916.5 454.16666666666663 1.0 89.0 3.0
Point 90 923.8333333333333 458.83333333333337 1.0 90.0 3.0
Point 91 917.1666666666667 458.16666666666663 1.0 91.0 3.0
Point 92 921.1666666666667 459.5 1.0 92.0 3.0
Point 93 917.8333333333333 458.16666666666663 1.0 93.0 3.0
Point 94 921.8333333333333 459.5 1.0 94.0 3.0
Point 95 921.1666666666667 457.5 1.0 95.0 3.0
Point 96 921.1666666666667 452.16666666666663 1.0 96.0 3.0
Point 97 921.8333333333333 453.5 1.0 97.0 3.0
Point 98 920.5 449.5 1.0 98.0 3.0
Point 99 917.8333333333333 448.83333333333337 1.0 99.0 3.0
Point 100 915.1666666666667 450.83333333333337 1.0 100.0 3.0
Point 101 921.8333333333333 452.16666666666663 1.0 101.0 3.0
Point 102 921.8333333333333 433.5 1.0 102.0 3.0
Point 103 921.1666666666667 440.16666666666663 1.0 103.0 3.0
Point 104 923.1666666666667 446.83333333333337 1.0 104.0 3.0
Point 105 922.5 443.5 1.0 105.0 3.0
Point 106 919.1666666666667 445.5 1.0 106.0 3.0
Point 107 921.8333333333333 441.5 1.0 107.0 3.0
Point 108 925.8333333333333 438.83333333333337 1.0 108.0 3.0
Point 109 922.5 440.16666666666663 1.0 109.0 3.0
Point 110 917.8333333333333 442.16666666666663 1.0 110.0 3.0
Point 111 917.8333333333333 442.16666666666663 1.0 111.0 3.0
Point 112 911.1666666666667 442.83333333333337 1.0 112.0 3.0
Point 113 914.5 443.5 1.0 113.0 3.0
Point 114 915.1666666666667 434.83333333333337 1.0 114.0 3.0
Point 115 913.8333333333333 440.16666666666663 1.0 115.0 3.0
Point 116 912.5 438.83333333333337 1.0 116.0 3.0
Point 117 913.1666666666667 440.83333333333337 1.0 117.0 3.0
Point 118 915.1666666666667 438.83333333333337 1.0 118.0 3.0
Point 119 916.5 428.16666666666663 1.0 119.0 3.0
Point 120 919.1666666666667 433.5 1.0 120.0 3.0
Point 121 921.1666666666667 436.16666666666663 1.0 121.0 3.0
Point 122 904.5 430.83333333333337 1.0 122.0 3.0
Point 123 911.1666666666667 433.5 1.0 123.0 3.0
Point 124 902.5 432.16666666666663 1.0 124.0 3.0
Point 125 909.8333333333333 430.16666666666663 1.0 125.0 3.0
Point 126 907.8333333333333 430.83333333333337 1.0 126.0 3.0
Point 127 909.1666666666667 432.16666666666663 1.0 127.0 3.0
Point 128 899.1666666666667 428.16666666666663 1.0 128.0 3.0
Point 129 913.8333333333333 427.5 1.0 129.0 3.0
Point 130 902.5 425.5 1.0 130.0 3.0
Point 131 905.1666666666667 425.5 1.0 131.0 3.0
Point 132 905.8333333333333 421.5 1.0 132.0 3.0
Point 133 910.5 426.83333333333337 1.0 133.0 3.0
Point 134 904.5 426.83333333333337 1.0 134.0 3.0
Point 135 903.1666666666667 426.16666666666663 1.0 135.0 3.0
Point 136 907.1666666666667 425.5 1.0 136.0 3.0
Point 137 906.5 424.16666666666663 1.0 137.0 3.0
Point 138 911.1666666666667 427.5 1.0 138.0 3.0
Point 139 907.1666666666667 424.83333333333337 1.0 139.0 3.0
Point 140 901.8333333333333 424.16666666666663 1.0 140.0 3.0
Point 141 910.5 424.83333333333337 1.0 141.0 3.0
Point 142 907.8333333333333 423.5 1.0 142.0 3.0
Point 143 906.5 426.16666666666663 1.0 143.0 3.0
Point 144 907.8333333333333 424.83333333333337 1.0 144.0 3.0
Point 145 902.5 420.16666666666663 1.0 145.0 3.0
Point 146 905.1666666666667 420.16666666666663 1.0 146.0 3.0
Point 147 909.1666666666667 419.5 1.0 147.0 3.0
Point 148 909.1666666666667 420.83333333333337 1.0 148.0 3.0
Point 149 913.8333333333333 421.5 1.0 149.0 3.0
Point 150 909.8333333333333 420.83333333333337 1.0 150.0 3.0
Point 151 911.8333333333333 419.5 1.0 151.0 3.0
Point 152 911.1666666666667 418.83333333333337 1.0 152.0 3.0
Point 153 908.5 417.5 1.0 153.0 3.0
Point 154 907.1666666666667 417.5 1.0 154.0 3.0
Point 155 913.8333333333333 417.5 1.0 155.0 3.0
Point 156 914.5 418.16666666666663 1.0 156.0 3.0
Point 157 913.1666666666667 418.83333333333337 1.0 157.0 3.0
Point 158 915.1666666666667 416.16666666666663 1.0 158.0 3.0
Point 159 915.1666666666667 416.16666666666663 1.0 159.0 3.0
Point 160 916.5 415.5 1.0 160.0 3.0
Point 161 915.8333333333333 414.83333333333337 1.0 161.0 3.0
Point 162 916.5 416.83333333333337 1.0 162.0 3.0
End of MTrackJ Data File
