MTrackJ 1.5.1 Data File
Displaying false true true 1 2 0 0 100 90 0 0 0 0 1 8 0 false false true false
Assembly 1 FF0000
Cluster 1 FF0000
Track 1 FF0000 true
Point 1 885.0 563.0 1.0 1.0 3.0
Point 2 887.5 557.5 1.0 2.0 3.0
Point 3 891.0 550.5 1.0 3.0 3.0
Point 4 894.0 546.5 1.0 4.0 3.0
Point 5 898.5 543.0 1.0 5.0 3.0
Point 6 901.5 539.5 1.0 6.0 3.0
Point 7 902.5 536.5 1.0 7.0 3.0
Point 8 903.5 533.0 1.0 8.0 3.0
Point 9 905.5 527.5 1.0 9.0 3.0
Point 10 905.5 525.5 1.0 10.0 3.0
Point 11 908.0 523.5 1.0 11.0 3.0
Point 12 907.0 522.0 1.0 12.0 3.0
Point 13 907.5 519.0 1.0 13.0 3.0
Point 14 908.5 517.0 1.0 14.0 3.0
Point 15 908.5 516.5 1.0 15.0 3.0
Point 16 910.0 514.5 1.0 16.0 3.0
Point 17 913.5 512.5 1.0 17.0 3.0
Point 18 912.5 510.0 1.0 18.0 3.0
Point 19 912.5 508.5 1.0 19.0 3.0
Point 20 911.5 503.0 1.0 20.0 3.0
Point 21 912.0 502.0 1.0 21.0 3.0
Point 22 911.5 498.5 1.0 22.0 3.0
Point 23 914.0 498.0 1.0 23.0 3.0
Point 24 916.5 497.5 1.0 24.0 3.0
Point 25 918.5 495.5 1.0 25.0 3.0
Point 26 922.5 494.5 1.0 26.0 3.0
Point 27 922.0 495.0 1.0 27.0 3.0
Point 28 921.5 494.5 1.0 28.0 3.0
Point 29 916.5 494.0 1.0 29.0 3.0
Point 30 916.0 491.0 1.0 30.0 3.0
Point 31 916.5 489.5 1.0 31.0 3.0
Point 32 918.0 488.0 1.0 32.0 3.0
Point 33 914.0 487.0 1.0 33.0 3.0
Point 34 913.0 487.0 1.0 34.0 3.0
Point 35 914.0 485.5 1.0 35.0 3.0
Point 36 912.5 482.5 1.0 36.0 3.0
Point 37 912.5 478.0 1.0 37.0 3.0
Point 38 914.5 480.5 1.0 38.0 3.0
Point 39 911.5 479.0 1.0 39.0 3.0
Point 40 911.0 477.0 1.0 40.0 3.0
Point 41 908.5 475.5 1.0 41.0 3.0
Point 42 909.0 474.5 1.0 42.0 3.0
Point 43 908.5 473.5 1.0 43.0 3.0
Point 44 907.5 473.0 1.0 44.0 3.0
Point 45 906.5 472.5 1.0 45.0 3.0
Point 46 906.5 472.0 1.0 46.0 3.0
Point 47 906.0 471.5 1.0 47.0 3.0
Point 48 903.5 471.0 1.0 48.0 3.0
Point 49 904.5 469.5 1.0 49.0 3.0
Point 50 905.5 467.5 1.0 50.0 3.0
Point 51 905.5 467.0 1.0 51.0 3.0
Point 52 906.0 467.0 1.0 52.0 3.0
Point 53 906.0 468.0 1.0 53.0 3.0
Point 54 906.0 467.0 1.0 54.0 3.0
Point 55 904.0 466.0 1.0 55.0 3.0
Point 56 904.5 466.0 1.0 56.0 3.0
Point 57 903.0 465.0 1.0 57.0 3.0
Point 58 904.0 464.0 1.0 58.0 3.0
Point 59 903.5 464.5 1.0 59.0 3.0
Point 60 902.5 461.0 1.0 60.0 3.0
Point 61 902.0 459.5 1.0 61.0 3.0
Point 62 902.0 456.5 1.0 62.0 3.0
Point 63 901.5 456.5 1.0 63.0 3.0
Point 64 900.0 455.0 1.0 64.0 3.0
Point 65 900.0 452.0 1.0 65.0 3.0
Point 66 899.0 451.0 1.0 66.0 3.0
Point 67 902.5 450.0 1.0 67.0 3.0
Point 68 906.5 447.5 1.0 68.0 3.0
Point 69 907.0 449.0 1.0 69.0 3.0
Point 70 903.0 448.5 1.0 70.0 3.0
Point 71 902.5 446.0 1.0 71.0 3.0
Point 72 898.5 443.5 1.0 72.0 3.0
Point 73 896.5 439.0 1.0 73.0 3.0
Point 74 899.0 441.0 1.0 74.0 3.0
Point 75 903.0 439.5 1.0 75.0 3.0
Point 76 903.5 439.5 1.0 76.0 3.0
Point 77 899.0 437.5 1.0 77.0 3.0
Point 78 899.5 437.0 1.0 78.0 3.0
Point 79 896.0 437.0 1.0 79.0 3.0
Point 80 894.0 436.0 1.0 80.0 3.0
Point 81 893.0 434.5 1.0 81.0 3.0
Point 82 895.5 435.5 1.0 82.0 3.0
Point 83 895.5 435.5 1.0 83.0 3.0
Point 84 897.0 436.0 1.0 84.0 3.0
Point 85 901.0 434.5 1.0 85.0 3.0
Point 86 905.0 435.0 1.0 86.0 3.0
Point 87 904.5 434.0 1.0 87.0 3.0
Point 88 902.0 433.5 1.0 88.0 3.0
Point 89 901.0 433.5 1.0 89.0 3.0
Point 90 899.0 434.0 1.0 90.0 3.0
Point 91 897.5 431.5 1.0 91.0 3.0
Point 92 897.0 430.5 1.0 92.0 3.0
Point 93 897.0 433.0 1.0 93.0 3.0
Point 94 897.0 431.0 1.0 94.0 3.0
Point 95 897.5 431.0 1.0 95.0 3.0
Point 96 899.0 431.5 1.0 96.0 3.0
Point 97 899.5 431.5 1.0 97.0 3.0
Point 98 899.5 432.0 1.0 98.0 3.0
Point 99 899.0 429.0 1.0 99.0 3.0
Point 100 899.0 428.0 1.0 100.0 3.0
Point 101 900.0 430.0 1.0 101.0 3.0
Point 102 904.5 438.0 1.0 102.0 3.0
Point 103 906.0 446.0 1.0 103.0 3.0
Point 104 896.5 443.5 1.0 104.0 3.0
Point 105 894.0 442.0 1.0 105.0 3.0
Point 106 892.5 441.0 1.0 106.0 3.0
Point 107 892.0 440.5 1.0 107.0 3.0
Point 108 889.5 438.5 1.0 108.0 3.0
Point 109 887.0 440.0 1.0 109.0 3.0
Point 110 878.5 438.5 1.0 110.0 3.0
Point 111 875.5 438.0 1.0 111.0 3.0
Point 112 875.0 438.5 1.0 112.0 3.0
Point 113 876.0 436.5 1.0 113.0 3.0
Point 114 877.5 435.0 1.0 114.0 3.0
Point 115 879.0 433.5 1.0 115.0 3.0
Point 116 877.5 433.5 1.0 116.0 3.0
Point 117 876.0 432.5 1.0 117.0 3.0
Point 118 876.5 430.5 1.0 118.0 3.0
Point 119 877.0 430.0 1.0 119.0 3.0
Point 120 876.5 429.5 1.0 120.0 3.0
Point 121 875.5 429.0 1.0 121.0 3.0
Point 122 873.0 429.0 1.0 122.0 3.0
Point 123 872.5 428.0 1.0 123.0 3.0
Point 124 872.5 425.5 1.0 124.0 3.0
Point 125 872.0 425.5 1.0 125.0 3.0
Point 126 871.5 426.0 1.0 126.0 3.0
Point 127 869.5 425.0 1.0 127.0 3.0
Point 128 868.0 424.0 1.0 128.0 3.0
Point 129 869.0 422.5 1.0 129.0 3.0
Point 130 867.5 422.5 1.0 130.0 3.0
Point 131 866.5 422.5 1.0 131.0 3.0
Point 132 865.0 421.0 1.0 132.0 3.0
Point 133 864.0 419.5 1.0 133.0 3.0
Point 134 865.0 419.5 1.0 134.0 3.0
Point 135 865.0 419.5 1.0 135.0 3.0
Point 136 866.0 419.0 1.0 136.0 3.0
Point 137 866.0 419.0 1.0 137.0 3.0
Point 138 864.5 420.5 1.0 138.0 3.0
Point 139 865.0 420.0 1.0 139.0 3.0
Point 140 864.5 417.0 1.0 140.0 3.0
Point 141 866.5 415.0 1.0 141.0 3.0
Point 142 866.5 416.0 1.0 142.0 3.0
Point 143 868.5 414.5 1.0 143.0 3.0
Point 144 866.0 414.0 1.0 144.0 3.0
Point 145 864.0 413.5 1.0 145.0 3.0
Point 146 862.5 411.5 1.0 146.0 3.0
Point 147 863.5 411.5 1.0 147.0 3.0
Point 148 865.0 412.5 1.0 148.0 3.0
Point 149 865.5 409.0 1.0 149.0 3.0
Point 150 864.5 408.5 1.0 150.0 3.0
Point 151 863.0 407.5 1.0 151.0 3.0
Point 152 863.0 407.5 1.0 152.0 3.0
Point 153 862.0 408.0 1.0 153.0 3.0
Point 154 862.0 408.0 1.0 154.0 3.0
Point 155 863.0 405.0 1.0 155.0 3.0
Point 156 865.5 405.5 1.0 156.0 3.0
Point 157 868.5 407.0 1.0 157.0 3.0
Point 158 869.5 407.0 1.0 158.0 3.0
Point 159 870.0 406.0 1.0 159.0 3.0
Point 160 871.5 406.0 1.0 160.0 3.0
Point 161 873.5 406.5 1.0 161.0 3.0
Point 162 875.5 407.0 1.0 162.0 3.0
Point 163 877.0 407.0 1.0 163.0 3.0
Point 164 880.5 406.0 1.0 164.0 3.0
Point 165 877.0 405.5 1.0 165.0 3.0
Point 166 876.0 405.5 1.0 166.0 3.0
Point 167 874.0 405.0 1.0 167.0 3.0
Point 168 875.5 405.5 1.0 168.0 3.0
Point 169 875.5 406.0 1.0 169.0 3.0
Point 170 875.5 404.5 1.0 170.0 3.0
Point 171 875.5 402.5 1.0 171.0 3.0
Point 172 874.5 402.5 1.0 172.0 3.0
Point 173 874.5 401.5 1.0 173.0 3.0
Point 174 875.0 405.0 1.0 174.0 3.0
Point 175 875.5 404.5 1.0 175.0 3.0
Point 176 874.0 404.0 1.0 176.0 3.0
Point 177 874.0 404.0 1.0 177.0 3.0
Point 178 874.0 404.0 1.0 178.0 3.0
Point 179 873.0 403.5 1.0 179.0 3.0
Point 180 872.5 403.5 1.0 180.0 3.0
Point 181 870.5 403.5 1.0 181.0 3.0
Point 182 869.5 402.5 1.0 182.0 3.0
Point 183 870.5 403.5 1.0 183.0 3.0
Point 184 868.0 402.5 1.0 184.0 3.0
Point 185 867.5 401.0 1.0 185.0 3.0
Point 186 867.0 400.5 1.0 186.0 3.0
Point 187 868.0 402.5 1.0 187.0 3.0
Point 188 866.0 402.0 1.0 188.0 3.0
Point 189 867.5 399.5 1.0 189.0 3.0
Point 190 869.5 399.0 1.0 190.0 3.0
Point 191 869.5 399.5 1.0 191.0 3.0
Point 192 870.5 400.5 1.0 192.0 3.0
Point 193 871.0 400.5 1.0 193.0 3.0
Point 194 869.5 399.5 1.0 194.0 3.0
Point 195 868.0 400.0 1.0 195.0 3.0
Point 196 863.0 396.0 1.0 196.0 3.0
Point 197 861.5 397.0 1.0 197.0 3.0
Point 198 860.5 394.0 1.0 198.0 3.0
Point 199 858.0 393.5 1.0 199.0 3.0
Point 200 858.5 392.5 1.0 200.0 3.0
Point 201 860.5 395.0 1.0 201.0 3.0
Point 202 867.0 397.0 1.0 202.0 3.0
Point 203 867.5 399.0 1.0 203.0 3.0
Point 204 870.0 399.5 1.0 204.0 3.0
Point 205 867.5 397.5 1.0 205.0 3.0
Point 206 862.0 394.5 1.0 206.0 3.0
Point 207 862.5 393.5 1.0 207.0 3.0
Point 208 861.5 394.0 1.0 208.0 3.0
Point 209 860.5 392.5 1.0 209.0 3.0
Point 210 862.0 391.5 1.0 210.0 3.0
Point 211 862.5 392.0 1.0 211.0 3.0
Point 212 862.0 390.5 1.0 212.0 3.0
Point 213 861.0 390.5 1.0 213.0 3.0
Point 214 858.5 390.0 1.0 214.0 3.0
Point 215 858.0 391.0 1.0 215.0 3.0
Point 216 858.0 389.5 1.0 216.0 3.0
Point 217 857.5 389.5 1.0 217.0 3.0
Point 218 860.0 390.5 1.0 218.0 3.0
Point 219 859.5 389.5 1.0 219.0 3.0
Point 220 857.0 387.5 1.0 220.0 3.0
Point 221 857.0 388.5 1.0 221.0 3.0
Point 222 855.0 389.0 1.0 222.0 3.0
Point 223 856.0 388.5 1.0 223.0 3.0
Point 224 855.0 387.0 1.0 224.0 3.0
End of MTrackJ Data File
