MTrackJ 1.5.1 Data File
Displaying true true true 2 0 0 0 100 10 0 0 0 0 1 12 0 true true true false
Assembly 1 FF0000
Cluster 1 FF0000
Track 1 FF0000 true
Point 1 204.0 129.0 1.0 1.0 3.0
Point 2 205.0 122.0 1.0 2.0 3.0
Point 3 208.0 106.0 1.0 3.0 3.0
Point 4 217.0 89.0 1.0 4.0 3.0
Point 5 219.0 76.0 1.0 5.0 3.0
Point 6 216.0 78.0 1.0 6.0 3.0
Point 7 222.0 71.0 1.0 7.0 3.0
Point 8 222.0 71.0 1.0 8.0 3.0
Point 9 213.0 78.0 1.0 9.0 3.0
Point 10 213.0 87.0 1.0 10.0 3.0
Point 11 208.0 89.0 1.0 11.0 3.0
Point 12 210.0 88.0 1.0 12.0 3.0
Point 13 207.0 79.0 1.0 13.0 3.0
Point 14 207.0 80.0 1.0 14.0 3.0
Point 15 218.0 77.0 1.0 15.0 3.0
Point 16 209.0 75.0 1.0 16.0 3.0
Point 17 214.0 76.0 1.0 17.0 3.0
Point 18 220.0 85.0 1.0 18.0 3.0
Point 19 220.0 75.0 1.0 19.0 3.0
Point 20 219.0 71.0 1.0 20.0 3.0
Point 21 222.0 74.0 1.0 21.0 3.0
Point 22 223.0 77.0 1.0 22.0 3.0
Point 23 221.0 69.0 1.0 23.0 3.0
Point 24 225.0 82.0 1.0 24.0 3.0
Point 25 228.0 76.0 1.0 25.0 3.0
Point 26 233.0 76.0 1.0 26.0 3.0
Point 27 224.0 75.0 1.0 27.0 3.0
Point 28 230.0 71.0 1.0 28.0 3.0
Point 29 229.0 74.0 1.0 29.0 3.0
Point 30 230.0 79.0 1.0 30.0 3.0
Point 31 237.0 76.0 1.0 31.0 3.0
Point 32 239.0 72.0 1.0 32.0 3.0
Point 33 246.0 66.0 1.0 33.0 3.0
Point 34 236.0 71.0 1.0 34.0 3.0
Point 35 242.0 71.0 1.0 35.0 3.0
Point 36 240.0 76.0 1.0 36.0 3.0
Point 37 243.0 77.0 1.0 37.0 3.0
Point 38 252.0 67.0 1.0 38.0 3.0
Point 39 248.0 66.0 1.0 39.0 3.0
Point 40 242.0 67.0 1.0 40.0 3.0
Point 41 250.0 68.0 1.0 41.0 3.0
Point 42 255.0 59.0 1.0 42.0 3.0
Point 43 255.0 56.0 1.0 43.0 3.0
Point 44 252.0 57.0 1.0 44.0 3.0
Point 45 257.0 50.0 1.0 45.0 3.0
Point 46 255.0 52.0 1.0 46.0 3.0
Point 47 265.0 46.0 1.0 47.0 3.0
Point 48 258.0 51.0 1.0 48.0 3.0
Point 49 257.0 47.0 1.0 49.0 3.0
Point 50 255.0 51.0 1.0 50.0 3.0
Point 51 264.0 51.0 1.0 51.0 3.0
Point 52 257.0 55.0 1.0 52.0 3.0
Point 53 262.0 52.0 1.0 53.0 3.0
Point 54 244.0 59.0 1.0 54.0 3.0
Point 55 228.0 78.0 1.0 55.0 3.0
Point 56 221.0 84.0 1.0 56.0 3.0
Point 57 216.0 87.0 1.0 57.0 3.0
Point 58 214.0 90.0 1.0 58.0 3.0
Point 59 208.0 102.0 1.0 59.0 3.0
Point 60 200.0 110.0 1.0 60.0 3.0
Point 61 182.0 128.0 1.0 61.0 3.0
Point 62 186.0 126.0 1.0 62.0 3.0
Point 63 186.0 125.0 1.0 63.0 3.0
Point 64 193.0 119.0 1.0 64.0 3.0
Point 65 187.0 122.0 1.0 65.0 3.0
Point 66 202.0 121.0 1.0 66.0 3.0
Point 67 198.0 112.0 1.0 67.0 3.0
Point 68 201.0 114.0 1.0 68.0 3.0
Point 69 202.0 110.0 1.0 69.0 3.0
Point 70 205.0 112.0 1.0 70.0 3.0
Point 71 209.0 102.0 1.0 71.0 3.0
Point 72 206.0 107.0 1.0 72.0 3.0
Point 73 204.0 109.0 1.0 73.0 3.0
Point 74 206.0 112.0 1.0 74.0 3.0
Point 75 212.0 108.0 1.0 75.0 3.0
Point 76 213.0 99.0 1.0 76.0 3.0
Point 77 217.0 96.0 1.0 77.0 3.0
Point 78 225.0 91.0 1.0 78.0 3.0
Point 79 218.0 101.0 1.0 79.0 3.0
Point 80 214.0 106.0 1.0 80.0 3.0
Point 81 225.0 97.0 1.0 81.0 3.0
Point 82 227.0 92.0 1.0 82.0 3.0
Point 83 219.0 98.0 1.0 83.0 3.0
Point 84 223.0 96.0 1.0 84.0 3.0
Point 85 226.0 93.0 1.0 85.0 3.0
Point 86 229.0 91.0 1.0 86.0 3.0
Point 87 230.0 90.0 1.0 87.0 3.0
Point 88 231.0 85.0 1.0 88.0 3.0
Point 89 235.0 80.0 1.0 89.0 3.0
Point 90 238.0 78.0 1.0 90.0 3.0
Point 91 241.0 75.0 1.0 91.0 3.0
Point 92 246.0 79.0 1.0 92.0 3.0
Point 93 251.0 77.0 1.0 93.0 3.0
Point 94 251.0 73.0 1.0 94.0 3.0
Point 95 254.0 74.0 1.0 95.0 3.0
Point 96 252.0 74.0 1.0 96.0 3.0
Point 97 258.0 75.0 1.0 97.0 3.0
Point 98 263.0 78.0 1.0 98.0 3.0
Point 99 260.0 72.0 1.0 99.0 3.0
Point 100 259.0 67.0 1.0 100.0 3.0
Point 101 255.0 61.0 1.0 101.0 3.0
Point 102 254.0 56.0 1.0 102.0 3.0
Point 103 249.0 52.0 1.0 103.0 3.0
Point 104 245.0 49.0 1.0 104.0 3.0
Point 105 248.0 53.0 1.0 105.0 3.0
Point 106 241.0 55.0 1.0 106.0 3.0
Point 107 242.0 52.0 1.0 107.0 3.0
Point 108 234.0 45.0 1.0 108.0 3.0
Point 109 237.0 48.0 1.0 109.0 3.0
Point 110 240.0 49.0 1.0 110.0 3.0
Point 111 237.0 49.0 1.0 111.0 3.0
Point 112 244.0 48.0 1.0 112.0 3.0
Point 113 237.0 50.0 1.0 113.0 3.0
Point 114 240.0 51.0 1.0 114.0 3.0
Point 115 238.0 52.0 1.0 115.0 3.0
Point 116 214.0 57.0 1.0 116.0 3.0
Point 117 208.0 66.0 1.0 117.0 3.0
Point 118 203.0 71.0 1.0 118.0 3.0
Point 119 207.0 71.0 1.0 119.0 3.0
Point 120 192.0 95.0 1.0 120.0 3.0
Point 121 196.0 103.0 1.0 121.0 3.0
Point 122 207.0 82.0 1.0 122.0 3.0
Point 123 222.0 88.0 1.0 123.0 3.0
Point 124 213.0 96.0 1.0 124.0 3.0
Point 125 215.0 97.0 1.0 125.0 3.0
Point 126 212.0 93.0 1.0 126.0 3.0
Point 127 211.0 93.0 1.0 127.0 3.0
Point 128 212.0 77.0 1.0 128.0 3.0
Point 129 201.0 92.0 1.0 129.0 3.0
Point 130 210.0 91.0 1.0 130.0 3.0
Point 131 210.0 83.0 1.0 131.0 3.0
Point 132 211.0 86.0 1.0 132.0 3.0
Point 133 205.0 94.0 1.0 133.0 3.0
Point 134 214.0 109.0 1.0 134.0 3.0
Point 135 211.0 116.0 1.0 135.0 3.0
Point 136 200.0 104.0 1.0 136.0 3.0
Point 137 186.0 97.0 1.0 137.0 3.0
Point 138 191.0 95.0 1.0 138.0 3.0
Point 139 202.0 93.0 1.0 139.0 3.0
Point 140 199.0 95.0 1.0 140.0 3.0
Point 141 198.0 94.0 1.0 141.0 3.0
Point 142 197.0 100.0 1.0 142.0 3.0
End of MTrackJ Data File
