MTrackJ 1.5.1 Data File
Displaying true true true 2 0 0 0 100 10 0 0 0 0 1 12 0 true true true false
Assembly 1 FF0000
Cluster 1 FF0000
Track 1 FF0000 true
Point 1 214.0 140.0 1.0 1.0 1.0
Point 2 211.0 142.0 1.0 2.0 1.0
Point 3 211.0 140.0 1.0 3.0 1.0
Point 4 212.0 131.0 1.0 4.0 1.0
Point 5 217.0 120.0 1.0 5.0 1.0
Point 6 216.0 120.0 1.0 6.0 1.0
Point 7 215.0 109.0 1.0 7.0 1.0
Point 8 215.0 107.0 1.0 8.0 1.0
Point 9 217.0 98.0 1.0 9.0 1.0
Point 10 218.0 92.0 1.0 10.0 1.0
Point 11 216.0 87.0 1.0 11.0 1.0
Point 12 217.0 83.0 1.0 12.0 1.0
Point 13 217.0 83.0 1.0 13.0 1.0
Track 2 FFFF00 true
Point 1 219.0 74.0 1.0 14.0 1.0
Point 2 216.0 67.0 1.0 15.0 1.0
Track 3 00FF00 true
Point 1 218.0 65.0 1.0 16.0 1.0
Point 2 220.0 62.0 1.0 17.0 1.0
Point 3 221.0 60.0 1.0 18.0 1.0
Point 4 223.0 59.0 1.0 19.0 1.0
Point 5 224.0 57.0 1.0 20.0 1.0
Point 6 224.0 57.0 1.0 21.0 1.0
Track 4 00FFFF true
Point 1 231.0 57.0 1.0 22.0 1.0
Point 2 231.0 57.0 1.0 23.0 1.0
Point 3 232.0 58.0 1.0 24.0 1.0
Point 4 233.0 59.0 1.0 25.0 1.0
Point 5 234.0 59.0 1.0 26.0 1.0
Point 6 234.0 59.0 1.0 27.0 1.0
Point 7 235.0 59.0 1.0 28.0 1.0
Point 8 235.0 59.0 1.0 29.0 1.0
Point 9 235.0 59.0 1.0 30.0 1.0
Point 10 235.0 59.0 1.0 31.0 1.0
Point 11 235.0 59.0 1.0 32.0 1.0
Point 12 236.0 59.0 1.0 33.0 1.0
Point 13 238.0 59.0 1.0 34.0 1.0
Point 14 239.0 59.0 1.0 35.0 1.0
Point 15 241.0 60.0 1.0 36.0 1.0
Point 16 242.0 61.0 1.0 37.0 1.0
Track 5 0000FF true
Point 1 251.0 64.0 1.0 38.0 1.0
Point 2 252.0 65.0 1.0 39.0 1.0
Point 3 252.0 65.0 1.0 40.0 1.0
Track 6 FF00FF true
Point 1 253.0 65.0 1.0 41.0 1.0
Track 7 FF9900 true
Point 1 253.0 65.0 1.0 42.0 1.0
Point 2 253.0 65.0 1.0 43.0 1.0
Point 3 253.0 65.0 1.0 44.0 1.0
Point 4 253.0 65.0 1.0 45.0 1.0
Point 5 254.0 64.0 1.0 46.0 1.0
Point 6 256.0 61.0 1.0 47.0 1.0
Point 7 256.0 61.0 1.0 48.0 1.0
Point 8 256.0 58.0 1.0 49.0 1.0
Point 9 256.0 57.0 1.0 50.0 1.0
Point 10 256.0 57.0 1.0 51.0 1.0
Point 11 256.0 57.0 1.0 52.0 1.0
Point 12 256.0 57.0 1.0 53.0 1.0
Point 13 256.0 57.0 1.0 54.0 1.0
Point 14 260.0 55.0 1.0 55.0 1.0
Point 15 260.0 55.0 1.0 56.0 1.0
Point 16 260.0 55.0 1.0 57.0 1.0
Point 17 257.0 58.0 1.0 58.0 1.0
Point 18 256.0 60.0 1.0 59.0 1.0
Point 19 254.0 61.0 1.0 60.0 1.0
Point 20 254.0 61.0 1.0 61.0 1.0
Point 21 247.0 64.0 1.0 62.0 1.0
Track 8 8B05BE true
Point 1 248.0 63.0 1.0 63.0 1.0
Point 2 248.0 63.0 1.0 64.0 1.0
Point 3 249.0 63.0 1.0 65.0 1.0
Point 4 251.0 63.0 1.0 66.0 1.0
Track 9 008B42 true
Point 1 253.0 63.0 1.0 67.0 1.0
Point 2 254.0 63.0 1.0 68.0 1.0
Track 10 FFD18B true
Point 1 255.0 64.0 1.0 69.0 1.0
Point 2 255.0 64.0 1.0 70.0 1.0
Point 3 256.0 63.0 1.0 71.0 1.0
Track 11 00388B true
Point 1 256.0 63.0 1.0 72.0 1.0
Point 2 257.0 62.0 1.0 73.0 1.0
Point 3 258.0 62.0 1.0 74.0 1.0
Track 12 D6FF8B true
Point 1 259.0 62.0 1.0 75.0 1.0
Point 2 256.0 62.0 1.0 76.0 1.0
Point 3 257.0 61.0 1.0 77.0 1.0
Point 4 258.0 60.0 1.0 78.0 1.0
Point 5 260.0 59.0 1.0 79.0 1.0
Point 6 263.0 59.0 1.0 80.0 1.0
Track 13 BE0521 true
Point 1 262.0 60.0 1.0 81.0 1.0
Point 2 263.0 59.0 1.0 82.0 1.0
Point 3 262.0 59.0 1.0 83.0 1.0
Track 14 FF8B9C true
Point 1 267.0 56.0 1.0 84.0 1.0
Point 2 268.0 56.0 1.0 85.0 1.0
Point 3 269.0 55.0 1.0 86.0 1.0
Track 15 8B6E00 true
Point 1 270.0 55.0 1.0 87.0 1.0
Point 2 271.0 55.0 1.0 88.0 1.0
Point 3 271.0 55.0 1.0 89.0 1.0
Track 16 AC55F7 true
Point 1 271.0 55.0 1.0 90.0 1.0
Point 2 271.0 55.0 1.0 91.0 1.0
Point 3 271.0 54.0 1.0 92.0 1.0
Track 17 ABFF8B true
Point 1 269.0 53.0 1.0 93.0 1.0
Point 2 268.0 52.0 1.0 94.0 1.0
Point 3 268.0 52.0 1.0 95.0 1.0
Point 4 267.0 52.0 1.0 96.0 1.0
Point 5 267.0 52.0 1.0 97.0 1.0
Point 6 267.0 52.0 1.0 98.0 1.0
Point 7 270.0 52.0 1.0 99.0 1.0
Point 8 270.0 52.0 1.0 100.0 1.0
Point 9 272.0 51.0 1.0 101.0 1.0
Point 10 272.0 51.0 1.0 102.0 1.0
Point 11 272.0 51.0 1.0 103.0 1.0
Point 12 272.0 51.0 1.0 104.0 1.0
Point 13 272.0 51.0 1.0 105.0 1.0
Point 14 274.0 50.0 1.0 106.0 1.0
Track 18 008B76 true
Point 1 275.0 50.0 1.0 107.0 1.0
Point 2 275.0 49.0 1.0 108.0 1.0
Point 3 273.0 49.0 1.0 109.0 1.0
Point 4 266.0 48.0 1.0 110.0 1.0
Point 5 267.0 47.0 1.0 111.0 1.0
Point 6 267.0 47.0 1.0 112.0 1.0
Track 19 A0BE05 true
Point 1 267.0 47.0 1.0 113.0 1.0
Track 20 FF6900 true
Point 1 267.0 47.0 1.0 114.0 1.0
Track 21 BE0589 true
Point 1 270.0 45.0 1.0 115.0 1.0
Point 2 270.0 45.0 1.0 116.0 1.0
Point 3 252.0 45.0 1.0 117.0 1.0
Point 4 249.0 51.0 1.0 118.0 1.0
Point 5 250.0 52.0 1.0 119.0 1.0
Point 6 254.0 50.0 1.0 120.0 1.0
Point 7 251.0 51.0 1.0 121.0 1.0
Point 8 239.0 55.0 1.0 122.0 1.0
Point 9 240.0 54.0 1.0 123.0 1.0
Point 10 222.0 59.0 1.0 124.0 1.0
Point 11 220.0 62.0 1.0 125.0 1.0
Point 12 221.0 63.0 1.0 126.0 1.0
Point 13 226.0 57.0 1.0 127.0 1.0
Point 14 225.0 58.0 1.0 128.0 1.0
Point 15 227.0 56.0 1.0 129.0 1.0
Point 16 229.0 53.0 1.0 130.0 1.0
Point 17 230.0 51.0 1.0 131.0 1.0
Point 18 228.0 51.0 1.0 132.0 1.0
Point 19 226.0 50.0 1.0 133.0 1.0
Point 20 226.0 50.0 1.0 134.0 1.0
Point 21 223.0 51.0 1.0 135.0 1.0
Track 22 5577F7 true
Point 1 220.0 53.0 1.0 136.0 1.0
Point 2 213.0 55.0 1.0 137.0 1.0
Point 3 213.0 55.0 1.0 138.0 1.0
Track 23 00FF79 true
Point 1 214.0 55.0 1.0 139.0 1.0
Point 2 216.0 53.0 1.0 140.0 1.0
Point 3 214.0 53.0 1.0 141.0 1.0
Track 24 F79855 true
Point 1 210.0 56.0 1.0 142.0 1.0
Point 2 207.0 60.0 1.0 143.0 1.0
Point 3 207.0 61.0 1.0 144.0 1.0
Track 25 8B0063 true
Point 1 210.0 56.0 1.0 145.0 1.0
Point 2 210.0 56.0 1.0 146.0 1.0
Point 3 209.0 53.0 1.0 147.0 1.0
Point 4 210.0 52.0 1.0 148.0 1.0
Track 26 8BB9FF true
Point 1 210.0 52.0 1.0 149.0 1.0
Track 27 8B3900 true
Point 1 210.0 52.0 1.0 150.0 1.0
Track 28 A6FF00 true
Point 1 210.0 52.0 1.0 151.0 1.0
Track 29 6905BE true
Point 1 210.0 52.0 1.0 152.0 1.0
Point 2 210.0 52.0 1.0 153.0 1.0
Point 3 207.0 53.0 1.0 154.0 1.0
Track 30 F58BFF true
Point 1 206.0 54.0 1.0 155.0 1.0
Point 2 190.0 83.0 1.0 156.0 1.0
Point 3 191.0 95.0 1.0 157.0 1.0
Point 4 189.0 102.0 1.0 158.0 1.0
Point 5 188.0 102.0 1.0 159.0 1.0
Track 31 8BFFEE true
Point 1 189.0 101.0 1.0 160.0 1.0
Point 2 192.0 90.0 1.0 161.0 1.0
Point 3 190.0 92.0 1.0 162.0 1.0
Track 32 268B00 true
Point 1 193.0 92.0 1.0 163.0 1.0
Point 2 194.0 89.0 1.0 164.0 1.0
Point 3 194.0 85.0 1.0 165.0 1.0
Track 33 FFFC8B true
Point 1 197.0 72.0 1.0 166.0 1.0
Point 2 197.0 71.0 1.0 167.0 1.0
Point 3 197.0 70.0 1.0 168.0 1.0
Point 4 197.0 71.0 1.0 169.0 1.0
Point 5 196.0 71.0 1.0 170.0 1.0
Point 6 188.0 75.0 1.0 171.0 1.0
Track 34 BE5205 true
Point 1 186.0 78.0 1.0 172.0 1.0
Point 2 187.0 77.0 1.0 173.0 1.0
Point 3 189.0 75.0 1.0 174.0 1.0
Point 4 194.0 71.0 1.0 175.0 1.0
Point 5 193.0 71.0 1.0 176.0 1.0
Point 6 194.0 71.0 1.0 177.0 1.0
Point 7 195.0 70.0 1.0 178.0 1.0
Track 35 054FBE true
Point 1 198.0 67.0 1.0 179.0 1.0
Point 2 198.0 67.0 1.0 180.0 1.0
Point 3 196.0 66.0 1.0 181.0 1.0
Point 4 195.0 66.0 1.0 182.0 1.0
Point 5 193.0 66.0 1.0 183.0 1.0
Point 6 193.0 65.0 1.0 184.0 1.0
Point 7 193.0 65.0 1.0 185.0 1.0
Track 36 7F008B true
Point 1 193.0 65.0 1.0 186.0 1.0
Point 2 193.0 65.0 1.0 187.0 1.0
Point 3 177.0 75.0 1.0 188.0 1.0
Point 4 186.0 72.0 1.0 189.0 1.0
Point 5 186.0 78.0 1.0 190.0 1.0
Point 6 187.0 79.0 1.0 191.0 1.0
Point 7 187.0 80.0 1.0 192.0 1.0
Point 8 187.0 80.0 1.0 193.0 1.0
Point 9 187.0 80.0 1.0 194.0 1.0
Point 10 194.0 71.0 1.0 195.0 1.0
Point 11 193.0 71.0 1.0 196.0 1.0
Point 12 194.0 71.0 1.0 197.0 1.0
Point 13 193.0 72.0 1.0 198.0 1.0
Point 14 193.0 72.0 1.0 199.0 1.0
Track 37 F7556D true
Point 1 199.0 71.0 1.0 200.0 1.0
Point 2 201.0 71.0 1.0 201.0 1.0
Point 3 203.0 67.0 1.0 202.0 1.0
Point 4 203.0 66.0 1.0 203.0 1.0
Point 5 206.0 62.0 1.0 204.0 1.0
Point 6 207.0 61.0 1.0 205.0 1.0
Point 7 204.0 62.0 1.0 206.0 1.0
Point 8 201.0 64.0 1.0 207.0 1.0
Point 9 201.0 64.0 1.0 208.0 1.0
Point 10 201.0 64.0 1.0 209.0 1.0
Track 38 31008B true
Point 1 200.0 64.0 1.0 210.0 1.0
Point 2 198.0 65.0 1.0 211.0 1.0
Point 3 199.0 64.0 1.0 212.0 1.0
Track 39 81F755 true
Point 1 195.0 64.0 1.0 213.0 1.0
Point 2 196.0 63.0 1.0 214.0 1.0
Point 3 195.0 57.0 1.0 215.0 1.0
Track 40 F7F355 true
Point 1 199.0 53.0 1.0 216.0 1.0
Point 2 199.0 55.0 1.0 217.0 1.0
Point 4 204.0 56.0 1.0 218.0 1.0
End of MTrackJ Data File
