MTrackJ 1.5.1 Data File
Displaying true true true 1 2 0 0 100 10 0 0 0 0 1 12 0 false true true false
Assembly 1 FF0000
Cluster 1 FF0000
Track 1 FF0000 true
Point 1 413.1666666666667 332.83333333333337 1.0 5.0 2.0
Point 2 324.5 278.1666666666667 1.0 43.0 2.0
Point 3 507.8333333333333 403.5 1.0 67.0 2.0
Point 4 414.5 326.8333333333333 1.0 90.0 2.0
Point 5 579.1666666666667 292.1666666666667 1.0 115.0 2.0
Point 6 431.8333333333333 284.1666666666667 1.0 142.0 2.0
Point 7 505.8333333333333 258.8333333333333 1.0 162.0 2.0
Point 8 433.1666666666667 290.8333333333333 1.0 169.0 2.0
Point 9 503.1666666666667 261.5 1.0 181.0 2.0
Point 10 439.8333333333333 398.83333333333337 1.0 191.0 2.0
Point 11 464.5 240.83333333333334 1.0 199.0 2.0
End of MTrackJ Data File
