MTrackJ 1.5.1 Data File
Displaying true true true 1 2 0 0 100 10 0 0 0 0 1 12 0 false true true false
Assembly 1 FF0000
Cluster 1 FF0000
Track 1 FF0000 true
Point 1 469.8333333333333 408.83333333333337 1.0 1.0 2.0
Point 2 470.5 408.16666666666663 1.0 2.0 2.0
Point 3 469.8333333333333 406.16666666666663 1.0 3.0 2.0
Point 4 468.5 399.5 1.0 4.0 2.0
Point 5 467.1666666666667 397.5 1.0 5.0 2.0
Point 6 467.1666666666667 394.16666666666663 1.0 6.0 2.0
Point 7 464.5 394.16666666666663 1.0 7.0 2.0
Point 8 464.5 392.16666666666663 1.0 8.0 2.0
Point 9 463.1666666666667 388.16666666666663 1.0 9.0 2.0
Point 10 463.8333333333333 385.5 1.0 10.0 2.0
Point 11 465.1666666666667 384.16666666666663 1.0 11.0 2.0
Point 12 467.8333333333333 382.83333333333337 1.0 12.0 2.0
Point 13 465.1666666666667 383.5 1.0 13.0 2.0
Point 14 463.1666666666667 384.16666666666663 1.0 14.0 2.0
Point 15 466.5 383.5 1.0 15.0 2.0
Point 16 466.5 383.5 1.0 16.0 2.0
Point 17 466.5 382.83333333333337 1.0 17.0 2.0
Point 18 469.1666666666667 381.5 1.0 18.0 2.0
Point 19 469.8333333333333 378.83333333333337 1.0 19.0 2.0
Point 20 471.1666666666667 375.5 1.0 20.0 2.0
Point 21 472.5 374.83333333333337 1.0 21.0 2.0
Point 22 472.5 376.16666666666663 1.0 22.0 2.0
Point 23 471.8333333333333 376.16666666666663 1.0 23.0 2.0
Point 24 471.8333333333333 374.83333333333337 1.0 24.0 2.0
Point 25 471.1666666666667 372.83333333333337 1.0 25.0 2.0
Point 26 471.1666666666667 372.83333333333337 1.0 26.0 2.0
Point 27 470.5 371.5 1.0 27.0 2.0
Point 28 469.8333333333333 371.5 1.0 28.0 2.0
Point 29 471.1666666666667 370.83333333333337 1.0 29.0 2.0
Point 30 472.5 368.83333333333337 1.0 30.0 2.0
Point 31 467.8333333333333 366.16666666666663 1.0 31.0 2.0
Point 32 469.1666666666667 366.16666666666663 1.0 32.0 2.0
Point 33 468.5 366.16666666666663 1.0 33.0 2.0
Point 34 471.1666666666667 364.83333333333337 1.0 34.0 2.0
Point 35 471.8333333333333 363.5 1.0 35.0 2.0
Point 36 472.5 363.5 1.0 36.0 2.0
Point 37 471.8333333333333 362.83333333333337 1.0 37.0 2.0
Point 38 471.8333333333333 363.5 1.0 38.0 2.0
Point 39 471.8333333333333 364.83333333333337 1.0 39.0 2.0
Point 40 472.5 363.5 1.0 40.0 2.0
Point 41 471.8333333333333 362.16666666666663 1.0 41.0 2.0
Point 42 471.1666666666667 362.16666666666663 1.0 42.0 2.0
Point 43 471.8333333333333 362.16666666666663 1.0 43.0 2.0
Point 44 471.8333333333333 362.16666666666663 1.0 44.0 2.0
Point 45 470.5 360.83333333333337 1.0 45.0 2.0
Point 46 469.1666666666667 360.83333333333337 1.0 46.0 2.0
Point 47 469.1666666666667 360.83333333333337 1.0 47.0 2.0
Point 48 469.1666666666667 359.5 1.0 48.0 2.0
Point 49 470.5 359.5 1.0 49.0 2.0
Point 50 473.1666666666667 359.5 1.0 50.0 2.0
Point 51 471.1666666666667 359.5 1.0 51.0 2.0
Point 52 470.5 358.83333333333337 1.0 52.0 2.0
Point 53 470.5 358.83333333333337 1.0 53.0 2.0
Point 54 471.1666666666667 357.5 1.0 54.0 2.0
Point 55 473.8333333333333 357.5 1.0 55.0 2.0
Point 56 473.8333333333333 356.83333333333337 1.0 56.0 2.0
Point 57 473.8333333333333 358.16666666666663 1.0 57.0 2.0
Point 58 473.8333333333333 359.5 1.0 58.0 2.0
Point 59 474.5 359.5 1.0 59.0 2.0
Point 60 474.5 362.83333333333337 1.0 60.0 2.0
Point 61 475.1666666666667 365.5 1.0 61.0 2.0
Point 62 477.1666666666667 364.83333333333337 1.0 62.0 2.0
Point 63 477.8333333333333 367.5 1.0 63.0 2.0
Point 64 479.8333333333333 366.16666666666663 1.0 64.0 2.0
Point 65 479.8333333333333 363.5 1.0 65.0 2.0
Point 66 478.5 362.16666666666663 1.0 66.0 2.0
Point 67 477.1666666666667 362.16666666666663 1.0 67.0 2.0
Point 68 478.5 360.83333333333337 1.0 68.0 2.0
Point 69 478.5 360.16666666666663 1.0 69.0 2.0
Point 70 478.5 360.83333333333337 1.0 70.0 2.0
Point 71 478.5 360.83333333333337 1.0 71.0 2.0
Point 72 479.8333333333333 358.83333333333337 1.0 72.0 2.0
Point 73 479.1666666666667 358.83333333333337 1.0 73.0 2.0
Point 74 479.1666666666667 356.16666666666663 1.0 74.0 2.0
Point 75 475.8333333333333 356.83333333333337 1.0 75.0 2.0
Point 76 473.1666666666667 356.83333333333337 1.0 76.0 2.0
Point 77 477.1666666666667 357.5 1.0 77.0 2.0
Point 78 479.1666666666667 358.16666666666663 1.0 78.0 2.0
Point 79 481.1666666666667 360.16666666666663 1.0 79.0 2.0
Point 80 480.5 359.5 1.0 80.0 2.0
Point 81 479.1666666666667 358.16666666666663 1.0 81.0 2.0
Point 82 480.5 358.83333333333337 1.0 82.0 2.0
Point 83 481.1666666666667 357.5 1.0 83.0 2.0
Point 84 480.5 357.5 1.0 84.0 2.0
Point 85 480.5 358.16666666666663 1.0 85.0 2.0
Point 86 481.1666666666667 357.5 1.0 86.0 2.0
Point 87 481.1666666666667 356.83333333333337 1.0 87.0 2.0
Point 88 481.1666666666667 356.83333333333337 1.0 88.0 2.0
Point 89 482.5 358.16666666666663 1.0 89.0 2.0
Point 90 482.5 358.83333333333337 1.0 90.0 2.0
Point 91 482.5 358.83333333333337 1.0 91.0 2.0
Point 92 484.5 359.5 1.0 92.0 2.0
Point 93 484.5 358.83333333333337 1.0 93.0 2.0
Point 94 483.1666666666667 358.16666666666663 1.0 94.0 2.0
Point 95 483.1666666666667 357.5 1.0 95.0 2.0
Point 96 485.1666666666667 357.5 1.0 96.0 2.0
Point 97 485.8333333333333 354.83333333333337 1.0 97.0 2.0
Point 98 487.1666666666667 355.5 1.0 98.0 2.0
Point 99 486.5 356.16666666666663 1.0 99.0 2.0
Point 100 485.8333333333333 355.5 1.0 100.0 2.0
Point 101 486.5 355.5 1.0 101.0 2.0
Point 102 486.5 356.83333333333337 1.0 102.0 2.0
Point 103 487.1666666666667 356.83333333333337 1.0 103.0 2.0
Point 104 487.8333333333333 358.16666666666663 1.0 104.0 2.0
Point 105 487.1666666666667 355.5 1.0 105.0 2.0
Point 106 488.5 355.5 1.0 106.0 2.0
Point 107 488.5 354.83333333333337 1.0 107.0 2.0
Point 108 487.8333333333333 354.83333333333337 1.0 108.0 2.0
Point 109 487.8333333333333 354.83333333333337 1.0 109.0 2.0
Point 110 488.5 352.16666666666663 1.0 110.0 2.0
Point 111 487.1666666666667 352.16666666666663 1.0 111.0 2.0
Point 112 487.8333333333333 350.16666666666663 1.0 112.0 2.0
Point 113 487.8333333333333 349.5 1.0 113.0 2.0
Point 114 489.1666666666667 349.5 1.0 114.0 2.0
Point 115 488.5 348.83333333333337 1.0 115.0 2.0
Point 116 487.8333333333333 348.16666666666663 1.0 116.0 2.0
Point 117 487.8333333333333 348.16666666666663 1.0 117.0 2.0
Point 118 487.8333333333333 348.16666666666663 1.0 118.0 2.0
Point 119 488.5 346.83333333333337 1.0 119.0 2.0
Point 120 487.8333333333333 345.5 1.0 120.0 2.0
Point 121 487.8333333333333 344.83333333333337 1.0 121.0 2.0
Point 122 487.1666666666667 344.16666666666663 1.0 122.0 2.0
Point 123 487.1666666666667 344.16666666666663 1.0 123.0 2.0
Point 124 487.1666666666667 343.5 1.0 124.0 2.0
Point 125 485.8333333333333 342.83333333333337 1.0 125.0 2.0
Point 126 485.8333333333333 342.83333333333337 1.0 126.0 2.0
Point 127 485.1666666666667 341.5 1.0 127.0 2.0
Point 128 485.1666666666667 341.5 1.0 128.0 2.0
Point 129 485.1666666666667 340.16666666666663 1.0 129.0 2.0
Point 130 485.1666666666667 340.16666666666663 1.0 130.0 2.0
Point 131 483.1666666666667 338.16666666666663 1.0 131.0 2.0
Point 132 483.1666666666667 338.16666666666663 1.0 132.0 2.0
Point 133 483.1666666666667 338.16666666666663 1.0 133.0 2.0
Point 134 483.8333333333333 338.16666666666663 1.0 134.0 2.0
Point 135 483.8333333333333 336.83333333333337 1.0 135.0 2.0
Point 136 483.8333333333333 336.16666666666663 1.0 136.0 2.0
Point 137 483.8333333333333 335.5 1.0 137.0 2.0
Point 138 481.8333333333333 333.5 1.0 138.0 2.0
Point 139 481.8333333333333 333.5 1.0 139.0 2.0
Point 140 485.1666666666667 332.16666666666663 1.0 140.0 2.0
Point 141 484.5 332.16666666666663 1.0 141.0 2.0
Point 142 483.8333333333333 332.16666666666663 1.0 142.0 2.0
Point 143 482.5 332.16666666666663 1.0 143.0 2.0
Point 144 482.5 332.16666666666663 1.0 144.0 2.0
Point 145 481.1666666666667 330.8333333333333 1.0 145.0 2.0
Point 146 481.1666666666667 330.1666666666667 1.0 146.0 2.0
Point 147 481.1666666666667 329.5 1.0 147.0 2.0
Point 148 481.8333333333333 329.5 1.0 148.0 2.0
Point 149 480.5 328.8333333333333 1.0 149.0 2.0
Point 150 480.5 327.5 1.0 150.0 2.0
Point 151 479.8333333333333 327.5 1.0 151.0 2.0
Point 152 478.5 325.5 1.0 152.0 2.0
Point 153 478.5 324.1666666666667 1.0 153.0 2.0
Point 154 479.1666666666667 326.1666666666667 1.0 154.0 2.0
Point 155 479.8333333333333 326.1666666666667 1.0 155.0 2.0
Point 156 480.5 324.8333333333333 1.0 156.0 2.0
Point 157 481.1666666666667 324.1666666666667 1.0 157.0 2.0
Point 158 485.1666666666667 324.1666666666667 1.0 158.0 2.0
Point 159 485.1666666666667 320.8333333333333 1.0 159.0 2.0
Point 160 485.1666666666667 320.8333333333333 1.0 160.0 2.0
Point 161 485.1666666666667 320.8333333333333 1.0 161.0 2.0
Point 162 487.1666666666667 321.5 1.0 162.0 2.0
Point 163 485.1666666666667 321.5 1.0 163.0 2.0
Point 164 485.1666666666667 319.5 1.0 164.0 2.0
Point 165 484.5 320.1666666666667 1.0 165.0 2.0
Point 166 483.8333333333333 318.8333333333333 1.0 166.0 2.0
Point 167 482.5 318.1666666666667 1.0 167.0 2.0
Point 168 482.5 318.1666666666667 1.0 168.0 2.0
Point 169 481.8333333333333 317.5 1.0 169.0 2.0
Point 170 481.1666666666667 317.5 1.0 170.0 2.0
Point 171 479.8333333333333 317.5 1.0 171.0 2.0
Point 172 479.8333333333333 316.1666666666667 1.0 172.0 2.0
Point 173 482.5 316.1666666666667 1.0 173.0 2.0
Point 174 482.5 316.1666666666667 1.0 174.0 2.0
Point 175 482.5 314.8333333333333 1.0 175.0 2.0
Point 176 482.5 314.8333333333333 1.0 176.0 2.0
Point 177 482.5 314.1666666666667 1.0 177.0 2.0
Point 178 482.5 312.8333333333333 1.0 178.0 2.0
Point 179 482.5 310.1666666666667 1.0 179.0 2.0
Point 180 482.5 310.1666666666667 1.0 180.0 2.0
Point 181 482.5 308.8333333333333 1.0 181.0 2.0
Point 182 482.5 308.8333333333333 1.0 182.0 2.0
Point 183 479.8333333333333 308.8333333333333 1.0 183.0 2.0
Point 184 480.5 308.8333333333333 1.0 184.0 2.0
Point 185 481.8333333333333 308.1666666666667 1.0 185.0 2.0
Point 186 481.8333333333333 307.5 1.0 186.0 2.0
Point 187 481.8333333333333 307.5 1.0 187.0 2.0
Point 188 483.8333333333333 307.5 1.0 188.0 2.0
Point 189 483.8333333333333 307.5 1.0 189.0 2.0
Point 190 483.8333333333333 307.5 1.0 190.0 2.0
Point 191 484.5 304.8333333333333 1.0 191.0 2.0
Point 192 482.5 304.8333333333333 1.0 192.0 2.0
Point 193 483.1666666666667 304.8333333333333 1.0 193.0 2.0
Point 194 483.8333333333333 302.1666666666667 1.0 194.0 2.0
Point 195 483.1666666666667 302.8333333333333 1.0 195.0 2.0
Point 196 483.1666666666667 302.8333333333333 1.0 196.0 2.0
Point 197 481.1666666666667 301.5 1.0 197.0 2.0
Point 198 481.1666666666667 302.1666666666667 1.0 198.0 2.0
Point 199 481.1666666666667 301.5 1.0 199.0 2.0
Point 200 480.5 301.5 1.0 200.0 2.0
Point 201 480.5 300.8333333333333 1.0 201.0 2.0
Point 202 480.5 299.5 1.0 202.0 2.0
Point 203 480.5 297.5 1.0 203.0 2.0
Point 204 480.5 297.5 1.0 204.0 2.0
Point 205 480.5 298.8333333333333 1.0 205.0 2.0
Point 206 480.5 299.5 1.0 206.0 2.0
Point 207 479.1666666666667 300.1666666666667 1.0 207.0 2.0
Point 208 480.5 300.8333333333333 1.0 208.0 2.0
Point 209 479.1666666666667 300.8333333333333 1.0 209.0 2.0
Point 210 479.1666666666667 301.5 1.0 210.0 2.0
Point 211 477.8333333333333 302.8333333333333 1.0 211.0 2.0
Point 212 479.8333333333333 302.8333333333333 1.0 212.0 2.0
Point 213 479.1666666666667 301.5 1.0 213.0 2.0
Point 214 479.1666666666667 300.1666666666667 1.0 214.0 2.0
Point 215 479.1666666666667 300.1666666666667 1.0 215.0 2.0
Point 216 479.1666666666667 301.5 1.0 216.0 2.0
Point 217 478.5 301.5 1.0 217.0 2.0
Point 218 477.1666666666667 301.5 1.0 218.0 2.0
Point 219 477.1666666666667 301.5 1.0 219.0 2.0
Point 220 477.1666666666667 300.1666666666667 1.0 220.0 2.0
Point 221 477.1666666666667 300.1666666666667 1.0 221.0 2.0
Point 222 477.1666666666667 299.5 1.0 222.0 2.0
Point 223 477.1666666666667 299.5 1.0 223.0 2.0
Point 224 477.1666666666667 296.1666666666667 1.0 224.0 2.0
Point 225 475.8333333333333 296.1666666666667 1.0 225.0 2.0
Point 226 476.5 296.1666666666667 1.0 226.0 2.0
Point 227 477.8333333333333 296.1666666666667 1.0 227.0 2.0
Point 228 479.1666666666667 294.8333333333333 1.0 228.0 2.0
Point 229 479.1666666666667 295.5 1.0 229.0 2.0
Point 230 479.8333333333333 295.5 1.0 230.0 2.0
Point 231 479.8333333333333 295.5 1.0 231.0 2.0
Point 232 479.8333333333333 294.8333333333333 1.0 232.0 2.0
Point 233 479.1666666666667 294.1666666666667 1.0 233.0 2.0
Point 234 478.5 292.1666666666667 1.0 234.0 2.0
End of MTrackJ Data File
