MTrackJ 1.5.1 Data File
Displaying true true true 1 2 0 0 100 10 0 0 0 0 1 12 0 false true true false
Assembly 1 FF0000
Cluster 1 FF0000
Track 1 FF0000 true
Point 1 427.1666666666667 384.16666666666663 1.0 1.0 2.0
Point 2 427.1666666666667 374.16666666666663 1.0 2.0 2.0
Point 3 421.8333333333333 368.83333333333337 1.0 3.0 2.0
Point 4 414.5 374.83333333333337 1.0 4.0 2.0
Point 5 420.5 371.5 1.0 5.0 2.0
Point 6 408.5 376.16666666666663 1.0 6.0 2.0
Point 7 396.5 378.83333333333337 1.0 7.0 2.0
Point 8 411.8333333333333 375.5 1.0 8.0 2.0
Point 10 401.8333333333333 377.5 1.0 9.0 2.0
Point 11 399.1666666666667 376.83333333333337 1.0 10.0 2.0
Point 12 395.1666666666667 374.16666666666663 1.0 11.0 2.0
Point 13 391.83333333333337 372.83333333333337 1.0 12.0 2.0
Point 14 398.5 368.16666666666663 1.0 13.0 2.0
Point 15 419.8333333333333 374.16666666666663 1.0 14.0 2.0
Point 16 436.5 375.5 1.0 15.0 2.0
Point 17 425.1666666666667 364.16666666666663 1.0 16.0 2.0
Point 18 433.8333333333333 368.83333333333337 1.0 17.0 2.0
Point 19 442.5 367.5 1.0 18.0 2.0
Point 20 442.5 365.5 1.0 19.0 2.0
Point 21 444.5 364.16666666666663 1.0 20.0 2.0
Point 22 447.8333333333333 367.5 1.0 21.0 2.0
Point 23 443.8333333333333 358.83333333333337 1.0 22.0 2.0
Point 24 439.1666666666667 362.16666666666663 1.0 23.0 2.0
Point 25 444.5 368.83333333333337 1.0 24.0 2.0
Point 26 437.1666666666667 364.16666666666663 1.0 25.0 2.0
Point 27 437.1666666666667 360.16666666666663 1.0 26.0 2.0
Point 28 439.8333333333333 362.16666666666663 1.0 27.0 2.0
Point 29 431.8333333333333 358.83333333333337 1.0 28.0 2.0
Point 30 434.5 358.83333333333337 1.0 29.0 2.0
Point 31 431.8333333333333 362.16666666666663 1.0 30.0 2.0
Point 32 430.5 364.83333333333337 1.0 31.0 2.0
Point 33 428.5 364.83333333333337 1.0 32.0 2.0
Point 34 429.8333333333333 358.83333333333337 1.0 33.0 2.0
Point 35 433.1666666666667 363.5 1.0 34.0 2.0
Point 36 433.8333333333333 360.16666666666663 1.0 35.0 2.0
Point 37 438.5 364.16666666666663 1.0 36.0 2.0
Point 38 433.8333333333333 360.16666666666663 1.0 37.0 2.0
Point 39 436.5 360.16666666666663 1.0 38.0 2.0
Point 40 430.5 360.83333333333337 1.0 39.0 2.0
Point 41 420.5 357.5 1.0 40.0 2.0
Point 42 423.1666666666667 356.83333333333337 1.0 41.0 2.0
Point 43 415.8333333333333 347.5 1.0 42.0 2.0
Point 44 419.8333333333333 350.16666666666663 1.0 43.0 2.0
Point 45 422.5 350.16666666666663 1.0 44.0 2.0
Point 46 408.5 346.16666666666663 1.0 45.0 2.0
Point 47 406.5 342.16666666666663 1.0 46.0 2.0
Point 48 417.8333333333333 345.5 1.0 47.0 2.0
Point 49 425.8333333333333 351.5 1.0 48.0 2.0
Point 50 425.1666666666667 350.16666666666663 1.0 49.0 2.0
Point 51 425.1666666666667 344.16666666666663 1.0 50.0 2.0
Point 52 423.8333333333333 346.83333333333337 1.0 51.0 2.0
Point 53 431.8333333333333 351.5 1.0 52.0 2.0
Point 54 449.8333333333333 349.5 1.0 53.0 2.0
Point 55 444.5 350.83333333333337 1.0 54.0 2.0
Point 56 443.1666666666667 352.83333333333337 1.0 55.0 2.0
Point 57 445.1666666666667 355.5 1.0 56.0 2.0
Point 58 441.8333333333333 355.5 1.0 57.0 2.0
Point 59 453.8333333333333 353.5 1.0 58.0 2.0
Point 60 471.1666666666667 374.16666666666663 1.0 59.0 2.0
Point 61 471.8333333333333 389.5 1.0 60.0 2.0
Point 62 475.8333333333333 402.83333333333337 1.0 61.0 2.0
Point 63 475.8333333333333 411.5 1.0 62.0 2.0
Point 64 473.1666666666667 403.5 1.0 63.0 2.0
Point 65 476.5 385.5 1.0 64.0 2.0
Point 66 462.5 376.83333333333337 1.0 65.0 2.0
Point 67 457.1666666666667 370.16666666666663 1.0 66.0 2.0
Point 68 457.8333333333333 370.16666666666663 1.0 67.0 2.0
Point 69 458.5 368.16666666666663 1.0 68.0 2.0
Point 70 449.1666666666667 360.83333333333337 1.0 69.0 2.0
Point 71 454.5 361.5 1.0 70.0 2.0
Point 72 449.1666666666667 356.83333333333337 1.0 71.0 2.0
Point 73 441.8333333333333 352.83333333333337 1.0 72.0 2.0
Point 74 445.8333333333333 354.16666666666663 1.0 73.0 2.0
Point 75 437.8333333333333 346.83333333333337 1.0 74.0 2.0
Point 76 435.8333333333333 343.5 1.0 75.0 2.0
Point 77 448.5 351.5 1.0 76.0 2.0
Point 78 453.8333333333333 352.83333333333337 1.0 77.0 2.0
Point 79 465.8333333333333 356.83333333333337 1.0 78.0 2.0
Point 80 467.1666666666667 355.5 1.0 79.0 2.0
Point 81 460.5 350.16666666666663 1.0 80.0 2.0
Point 82 457.1666666666667 350.16666666666663 1.0 81.0 2.0
Point 83 459.8333333333333 355.5 1.0 82.0 2.0
Point 84 465.1666666666667 354.16666666666663 1.0 83.0 2.0
Point 85 461.8333333333333 358.83333333333337 1.0 84.0 2.0
Point 86 466.5 364.83333333333337 1.0 85.0 2.0
Point 87 475.1666666666667 373.5 1.0 86.0 2.0
Point 88 473.8333333333333 372.83333333333337 1.0 87.0 2.0
Point 89 471.1666666666667 368.16666666666663 1.0 88.0 2.0
Point 90 472.5 371.5 1.0 89.0 2.0
Point 91 472.5 376.83333333333337 1.0 90.0 2.0
Point 92 467.8333333333333 373.5 1.0 91.0 2.0
Point 93 469.8333333333333 369.5 1.0 92.0 2.0
Point 94 467.1666666666667 364.83333333333337 1.0 93.0 2.0
Point 95 468.5 371.5 1.0 94.0 2.0
Point 96 469.1666666666667 364.83333333333337 1.0 95.0 2.0
Point 97 471.1666666666667 370.16666666666663 1.0 96.0 2.0
Point 98 466.5 366.16666666666663 1.0 97.0 2.0
Point 99 464.5 364.83333333333337 1.0 98.0 2.0
Point 100 463.8333333333333 369.5 1.0 99.0 2.0
Point 101 463.1666666666667 363.5 1.0 100.0 2.0
Point 102 471.1666666666667 360.16666666666663 1.0 101.0 2.0
Point 103 479.8333333333333 357.5 1.0 102.0 2.0
Point 104 481.1666666666667 363.5 1.0 103.0 2.0
Point 105 476.5 364.83333333333337 1.0 104.0 2.0
Point 107 476.5 364.16666666666663 1.0 105.0 2.0
Point 108 480.5 356.16666666666663 1.0 106.0 2.0
Point 109 483.8333333333333 362.83333333333337 1.0 107.0 2.0
Point 110 481.1666666666667 360.16666666666663 1.0 108.0 2.0
Point 111 483.1666666666667 361.5 1.0 109.0 2.0
Point 112 476.5 363.5 1.0 110.0 2.0
Point 113 484.5 355.5 1.0 111.0 2.0
Point 114 490.5 351.5 1.0 112.0 2.0
Point 115 485.8333333333333 347.5 1.0 113.0 2.0
Point 116 487.8333333333333 346.83333333333337 1.0 114.0 2.0
Point 118 504.5 333.5 1.0 115.0 2.0
Point 119 503.1666666666667 338.83333333333337 1.0 116.0 2.0
Point 120 500.5 340.83333333333337 1.0 117.0 2.0
Point 121 501.8333333333333 339.5 1.0 118.0 2.0
Point 122 497.1666666666667 333.5 1.0 119.0 2.0
Point 123 500.5 333.5 1.0 120.0 2.0
Point 124 501.8333333333333 329.5 1.0 121.0 2.0
Point 125 495.1666666666667 326.1666666666667 1.0 122.0 2.0
Point 126 495.1666666666667 324.8333333333333 1.0 123.0 2.0
Point 127 485.8333333333333 324.1666666666667 1.0 124.0 2.0
Point 128 492.5 324.1666666666667 1.0 125.0 2.0
Point 129 510.5 318.8333333333333 1.0 126.0 2.0
Point 130 505.8333333333333 318.1666666666667 1.0 127.0 2.0
Point 131 509.8333333333333 318.1666666666667 1.0 128.0 2.0
Point 132 501.8333333333333 320.8333333333333 1.0 129.0 2.0
Point 133 490.5 319.5 1.0 130.0 2.0
Point 134 481.8333333333333 318.8333333333333 1.0 131.0 2.0
Point 135 487.1666666666667 324.8333333333333 1.0 132.0 2.0
Point 136 487.8333333333333 319.5 1.0 133.0 2.0
Point 137 489.8333333333333 317.5 1.0 134.0 2.0
Point 138 491.8333333333333 318.1666666666667 1.0 135.0 2.0
Point 139 492.5 320.1666666666667 1.0 136.0 2.0
Point 140 503.1666666666667 318.8333333333333 1.0 137.0 2.0
Point 141 493.8333333333333 316.1666666666667 1.0 138.0 2.0
Point 142 493.8333333333333 312.1666666666667 1.0 139.0 2.0
Point 143 503.8333333333333 310.8333333333333 1.0 140.0 2.0
Point 144 504.5 311.5 1.0 141.0 2.0
Point 145 494.5 314.1666666666667 1.0 142.0 2.0
Point 146 488.5 312.8333333333333 1.0 143.0 2.0
Point 147 475.1666666666667 310.8333333333333 1.0 144.0 2.0
Point 148 478.5 306.8333333333333 1.0 145.0 2.0
Point 149 475.8333333333333 310.8333333333333 1.0 146.0 2.0
Point 150 468.5 312.8333333333333 1.0 147.0 2.0
Point 151 466.5 309.5 1.0 148.0 2.0
Point 152 461.1666666666667 312.1666666666667 1.0 149.0 2.0
Point 153 464.5 310.8333333333333 1.0 150.0 2.0
Point 154 447.1666666666667 314.1666666666667 1.0 151.0 2.0
Point 155 462.5 310.1666666666667 1.0 152.0 2.0
Point 156 463.1666666666667 312.1666666666667 1.0 153.0 2.0
Point 157 467.1666666666667 308.8333333333333 1.0 154.0 2.0
Point 158 474.5 310.1666666666667 1.0 155.0 2.0
Point 159 474.5 308.8333333333333 1.0 156.0 2.0
Point 160 477.1666666666667 304.8333333333333 1.0 157.0 2.0
Point 161 480.5 322.8333333333333 1.0 158.0 2.0
Point 162 479.1666666666667 312.1666666666667 1.0 159.0 2.0
Point 163 478.5 317.5 1.0 160.0 2.0
Point 164 482.5 312.8333333333333 1.0 161.0 2.0
Point 165 483.1666666666667 312.1666666666667 1.0 162.0 2.0
Point 166 482.5 312.1666666666667 1.0 163.0 2.0
Point 167 485.1666666666667 308.1666666666667 1.0 164.0 2.0
Point 168 487.1666666666667 317.5 1.0 165.0 2.0
Point 169 485.1666666666667 316.8333333333333 1.0 166.0 2.0
Point 170 488.5 314.1666666666667 1.0 167.0 2.0
Point 171 489.8333333333333 312.1666666666667 1.0 168.0 2.0
Point 172 488.5 308.8333333333333 1.0 169.0 2.0
Point 173 479.1666666666667 318.1666666666667 1.0 170.0 2.0
Point 174 476.5 317.5 1.0 171.0 2.0
Point 175 475.8333333333333 312.8333333333333 1.0 172.0 2.0
Point 176 481.8333333333333 311.5 1.0 173.0 2.0
Point 177 478.5 314.1666666666667 1.0 174.0 2.0
Point 178 473.1666666666667 319.5 1.0 175.0 2.0
Point 179 477.1666666666667 318.8333333333333 1.0 176.0 2.0
Point 180 475.8333333333333 314.1666666666667 1.0 177.0 2.0
Point 181 477.1666666666667 309.5 1.0 178.0 2.0
Point 182 477.1666666666667 311.5 1.0 179.0 2.0
Point 183 477.8333333333333 305.5 1.0 180.0 2.0
Point 184 479.1666666666667 305.5 1.0 181.0 2.0
Point 185 474.5 329.5 1.0 182.0 2.0
Point 186 478.5 320.8333333333333 1.0 183.0 2.0
Point 187 480.5 320.8333333333333 1.0 184.0 2.0
Point 188 479.1666666666667 315.5 1.0 185.0 2.0
Point 189 478.5 324.1666666666667 1.0 186.0 2.0
Point 190 478.5 317.5 1.0 187.0 2.0
Point 191 476.5 319.5 1.0 188.0 2.0
Point 192 477.8333333333333 310.8333333333333 1.0 189.0 2.0
Point 193 479.8333333333333 306.1666666666667 1.0 190.0 2.0
Point 194 473.1666666666667 308.8333333333333 1.0 191.0 2.0
Point 195 473.1666666666667 305.5 1.0 192.0 2.0
Point 197 471.1666666666667 310.8333333333333 1.0 193.0 2.0
Point 198 471.8333333333333 310.1666666666667 1.0 194.0 2.0
Point 199 475.1666666666667 309.5 1.0 195.0 2.0
Point 200 473.1666666666667 306.1666666666667 1.0 196.0 2.0
Point 201 471.8333333333333 311.5 1.0 197.0 2.0
Point 202 470.5 306.1666666666667 1.0 198.0 2.0
Point 203 459.1666666666667 298.1666666666667 1.0 199.0 2.0
Point 204 460.5 303.5 1.0 200.0 2.0
Point 205 459.8333333333333 298.8333333333333 1.0 201.0 2.0
Point 206 463.8333333333333 304.1666666666667 1.0 202.0 2.0
Point 207 468.5 309.5 1.0 203.0 2.0
Point 208 484.5 304.1666666666667 1.0 204.0 2.0
Point 209 481.1666666666667 305.5 1.0 205.0 2.0
Point 210 476.5 304.1666666666667 1.0 206.0 2.0
Point 211 483.8333333333333 304.8333333333333 1.0 207.0 2.0
Point 212 478.5 318.8333333333333 1.0 208.0 2.0
Point 213 480.5 324.1666666666667 1.0 209.0 2.0
Point 214 489.1666666666667 311.5 1.0 210.0 2.0
Point 215 490.5 311.5 1.0 211.0 2.0
Point 216 485.8333333333333 304.1666666666667 1.0 212.0 2.0
Point 217 483.1666666666667 304.1666666666667 1.0 213.0 2.0
Point 218 484.5 302.8333333333333 1.0 214.0 2.0
Point 219 490.5 300.1666666666667 1.0 215.0 2.0
Point 220 477.1666666666667 316.8333333333333 1.0 216.0 2.0
Point 221 479.8333333333333 304.8333333333333 1.0 217.0 2.0
Point 222 475.1666666666667 308.8333333333333 1.0 218.0 2.0
Point 223 472.5 304.1666666666667 1.0 219.0 2.0
Point 224 472.5 311.5 1.0 220.0 2.0
Point 225 467.8333333333333 318.8333333333333 1.0 221.0 2.0
Point 226 469.1666666666667 314.8333333333333 1.0 222.0 2.0
Point 227 466.5 310.8333333333333 1.0 223.0 2.0
Point 228 469.8333333333333 310.8333333333333 1.0 224.0 2.0
Point 229 461.1666666666667 304.1666666666667 1.0 225.0 2.0
Point 230 465.8333333333333 310.8333333333333 1.0 226.0 2.0
Point 231 462.5 310.8333333333333 1.0 227.0 2.0
Point 232 467.1666666666667 308.8333333333333 1.0 228.0 2.0
Point 233 460.5 303.5 1.0 229.0 2.0
Point 234 461.1666666666667 304.1666666666667 1.0 230.0 2.0
Point 235 464.5 302.1666666666667 1.0 231.0 2.0
Point 236 470.5 302.8333333333333 1.0 232.0 2.0
Point 237 467.8333333333333 311.5 1.0 233.0 2.0
Point 238 462.5 306.1666666666667 1.0 234.0 2.0
End of MTrackJ Data File
