MTrackJ 1.5.1 Data File
Displaying false true true 1 0 0 0 100 16 0 0 0 0 1 0 1 false false true false
Assembly 1 FF0000
Cluster 1 FF0000
Track 1 FF0000 true
Point 1 1008.8333333333334 918.1666666666667 1.0 11.0 1.0
Point 2 1142.1666666666667 906.8333333333333 1.0 15.0 1.0
Point 3 1094.1666666666667 899.5 1.0 36.0 1.0
Point 4 1168.8333333333333 860.1666666666666 1.0 86.0 1.0
Point 5 1130.8333333333333 876.1666666666667 1.0 95.0 1.0
Point 6 967.5 829.5 1.0 102.0 1.0
Point 7 1011.5 866.8333333333334 1.0 122.0 1.0
Point 8 962.8333333333334 866.8333333333334 1.0 132.0 1.0
Point 10 1014.1666666666666 775.5 1.0 163.0 1.0
Point 9 1096.1666666666667 814.8333333333334 1.0 164.0 1.0
Point 11 926.1666666666666 744.8333333333334 1.0 195.0 1.0
Point 12 1058.1666666666667 786.1666666666666 1.0 220.0 1.0
End of MTrackJ Data File
