MTrackJ 1.5.1 Data File
Displaying false true true 1 0 0 0 100 16 0 0 0 0 1 0 1 false false true false
Assembly 1 FF0000
Cluster 1 FF0000
Track 1 FF0000 true
Point 1 1078.8333333333333 904.1666666666667 1.0 1.0 1.0
Point 2 1078.8333333333333 902.8333333333333 1.0 2.0 1.0
Point 3 1076.8333333333333 902.1666666666667 1.0 3.0 1.0
Point 4 1080.8333333333333 898.1666666666667 1.0 4.0 1.0
Point 5 1078.8333333333333 900.1666666666667 1.0 5.0 1.0
Point 6 1078.8333333333333 900.1666666666667 1.0 6.0 1.0
Point 7 1072.8333333333333 898.8333333333333 1.0 7.0 1.0
Point 8 1072.8333333333333 896.8333333333333 1.0 8.0 1.0
Point 9 1071.5 894.1666666666667 1.0 9.0 1.0
Point 10 1071.5 892.8333333333333 1.0 10.0 1.0
Point 11 1072.8333333333333 890.8333333333333 1.0 11.0 1.0
Point 12 1073.5 890.1666666666667 1.0 12.0 1.0
Point 13 1073.5 888.8333333333333 1.0 13.0 1.0
Point 14 1075.5 886.8333333333333 1.0 14.0 1.0
Point 15 1074.8333333333333 886.8333333333333 1.0 15.0 1.0
Point 16 1071.5 885.5 1.0 16.0 1.0
Point 17 1071.5 884.1666666666667 1.0 17.0 1.0
Point 18 1073.5 884.8333333333333 1.0 18.0 1.0
Point 19 1070.8333333333333 883.5 1.0 19.0 1.0
Point 20 1068.1666666666667 882.1666666666667 1.0 20.0 1.0
Point 21 1066.1666666666667 880.8333333333333 1.0 21.0 1.0
Point 22 1066.1666666666667 879.5 1.0 22.0 1.0
Point 23 1066.8333333333333 879.5 1.0 23.0 1.0
Point 24 1066.8333333333333 879.5 1.0 24.0 1.0
Point 25 1066.8333333333333 878.1666666666667 1.0 25.0 1.0
Point 26 1066.1666666666667 877.5 1.0 26.0 1.0
Point 27 1066.1666666666667 876.1666666666667 1.0 27.0 1.0
Point 28 1065.5 876.1666666666667 1.0 28.0 1.0
Point 29 1065.5 876.1666666666667 1.0 29.0 1.0
Point 30 1066.1666666666667 874.8333333333333 1.0 30.0 1.0
Point 31 1064.8333333333333 874.8333333333333 1.0 31.0 1.0
Point 32 1064.8333333333333 873.5 1.0 32.0 1.0
Point 33 1063.5 872.1666666666667 1.0 33.0 1.0
Point 34 1063.5 872.1666666666667 1.0 34.0 1.0
Point 35 1063.5 871.5 1.0 35.0 1.0
Point 36 1061.5 870.8333333333334 1.0 36.0 1.0
Point 37 1061.5 870.8333333333334 1.0 37.0 1.0
Point 38 1061.5 870.1666666666666 1.0 38.0 1.0
Point 39 1061.5 870.1666666666666 1.0 39.0 1.0
Point 40 1061.5 870.1666666666666 1.0 40.0 1.0
Point 41 1061.5 870.1666666666666 1.0 41.0 1.0
Point 42 1062.8333333333333 868.8333333333334 1.0 42.0 1.0
Point 43 1061.5 870.8333333333334 1.0 43.0 1.0
Point 44 1060.1666666666667 870.8333333333334 1.0 44.0 1.0
Point 45 1059.5 870.8333333333334 1.0 45.0 1.0
Point 46 1057.5 870.1666666666666 1.0 46.0 1.0
Point 47 1056.1666666666667 867.5 1.0 47.0 1.0
Point 48 1056.1666666666667 867.5 1.0 48.0 1.0
Point 49 1054.1666666666667 867.5 1.0 49.0 1.0
Point 50 1054.1666666666667 867.5 1.0 50.0 1.0
Point 51 1054.1666666666667 867.5 1.0 51.0 1.0
Point 52 1054.8333333333333 866.1666666666666 1.0 52.0 1.0
Point 53 1054.1666666666667 865.5 1.0 53.0 1.0
Point 54 1054.1666666666667 865.5 1.0 54.0 1.0
Point 55 1054.1666666666667 864.8333333333334 1.0 55.0 1.0
Point 56 1054.1666666666667 864.8333333333334 1.0 56.0 1.0
Point 57 1053.5 864.8333333333334 1.0 57.0 1.0
Point 58 1053.5 864.1666666666666 1.0 58.0 1.0
Point 59 1054.8333333333333 864.1666666666666 1.0 59.0 1.0
Point 60 1054.8333333333333 864.1666666666666 1.0 60.0 1.0
Point 61 1055.5 862.8333333333334 1.0 61.0 1.0
Point 62 1054.8333333333333 862.8333333333334 1.0 62.0 1.0
Point 63 1054.1666666666667 862.8333333333334 1.0 63.0 1.0
Point 64 1053.5 861.5 1.0 64.0 1.0
Point 65 1054.8333333333333 860.8333333333334 1.0 65.0 1.0
Point 66 1050.8333333333333 862.1666666666666 1.0 66.0 1.0
Point 67 1050.8333333333333 862.1666666666666 1.0 67.0 1.0
Point 68 1050.8333333333333 862.1666666666666 1.0 68.0 1.0
Point 69 1052.1666666666667 860.8333333333334 1.0 69.0 1.0
Point 70 1051.5 860.1666666666666 1.0 70.0 1.0
Point 71 1053.5 859.5 1.0 71.0 1.0
Point 72 1052.1666666666667 858.1666666666666 1.0 72.0 1.0
Point 73 1050.1666666666667 858.8333333333334 1.0 73.0 1.0
Point 74 1051.5 858.8333333333334 1.0 74.0 1.0
Point 75 1050.8333333333333 858.1666666666666 1.0 75.0 1.0
Point 76 1049.5 856.8333333333334 1.0 76.0 1.0
Point 77 1051.5 856.1666666666666 1.0 77.0 1.0
Point 78 1051.5 854.8333333333334 1.0 78.0 1.0
Point 79 1052.8333333333333 854.8333333333334 1.0 79.0 1.0
Point 80 1052.8333333333333 856.8333333333334 1.0 80.0 1.0
Point 81 1052.8333333333333 856.8333333333334 1.0 81.0 1.0
Point 82 1051.5 858.1666666666666 1.0 82.0 1.0
Point 83 1052.1666666666667 856.8333333333334 1.0 83.0 1.0
Point 84 1048.8333333333333 854.1666666666666 1.0 84.0 1.0
Point 85 1050.8333333333333 854.1666666666666 1.0 85.0 1.0
Point 86 1050.8333333333333 854.1666666666666 1.0 86.0 1.0
Point 87 1050.1666666666667 853.5 1.0 87.0 1.0
Point 88 1049.5 851.5 1.0 88.0 1.0
Point 89 1048.1666666666667 850.8333333333334 1.0 89.0 1.0
Point 90 1048.8333333333333 850.8333333333334 1.0 90.0 1.0
Point 91 1050.8333333333333 850.1666666666666 1.0 91.0 1.0
Point 92 1052.8333333333333 850.1666666666666 1.0 92.0 1.0
Point 93 1050.8333333333333 847.5 1.0 93.0 1.0
Point 94 1052.8333333333333 847.5 1.0 94.0 1.0
Point 95 1053.5 848.1666666666666 1.0 95.0 1.0
Point 96 1051.5 847.5 1.0 96.0 1.0
Point 97 1052.1666666666667 848.1666666666666 1.0 97.0 1.0
Point 98 1051.5 848.1666666666666 1.0 98.0 1.0
Point 99 1052.1666666666667 848.8333333333334 1.0 99.0 1.0
Point 100 1052.8333333333333 849.5 1.0 100.0 1.0
Point 101 1052.1666666666667 848.8333333333334 1.0 101.0 1.0
Point 102 1053.5 849.5 1.0 102.0 1.0
Point 103 1052.8333333333333 848.8333333333334 1.0 103.0 1.0
Point 104 1052.1666666666667 848.1666666666666 1.0 104.0 1.0
Point 105 1051.5 848.1666666666666 1.0 105.0 1.0
Point 106 1052.1666666666667 848.1666666666666 1.0 106.0 1.0
Point 107 1052.1666666666667 848.1666666666666 1.0 107.0 1.0
Point 108 1053.5 849.5 1.0 108.0 1.0
Point 109 1052.1666666666667 849.5 1.0 109.0 1.0
Point 110 1050.8333333333333 848.1666666666666 1.0 110.0 1.0
Point 111 1050.8333333333333 848.1666666666666 1.0 111.0 1.0
Point 112 1050.1666666666667 848.1666666666666 1.0 112.0 1.0
Point 113 1048.8333333333333 847.5 1.0 113.0 1.0
Point 114 1048.8333333333333 847.5 1.0 114.0 1.0
Point 115 1048.1666666666667 847.5 1.0 115.0 1.0
Point 116 1050.1666666666667 847.5 1.0 116.0 1.0
Point 117 1050.1666666666667 847.5 1.0 117.0 1.0
Point 118 1048.1666666666667 845.5 1.0 118.0 1.0
Point 119 1049.5 846.1666666666666 1.0 119.0 1.0
Point 120 1048.8333333333333 844.8333333333334 1.0 120.0 1.0
Point 121 1048.1666666666667 844.8333333333334 1.0 121.0 1.0
Point 122 1048.1666666666667 843.5 1.0 122.0 1.0
Point 123 1048.1666666666667 842.8333333333334 1.0 123.0 1.0
Point 124 1048.1666666666667 842.8333333333334 1.0 124.0 1.0
Point 125 1048.1666666666667 842.8333333333334 1.0 125.0 1.0
Point 126 1048.8333333333333 842.1666666666666 1.0 126.0 1.0
Point 127 1050.1666666666667 842.8333333333334 1.0 127.0 1.0
Point 128 1048.8333333333333 841.5 1.0 128.0 1.0
Point 129 1047.5 842.1666666666666 1.0 129.0 1.0
Point 130 1047.5 842.1666666666666 1.0 130.0 1.0
Point 131 1047.5 841.5 1.0 131.0 1.0
Point 132 1047.5 842.8333333333334 1.0 132.0 1.0
Point 133 1045.5 842.8333333333334 1.0 133.0 1.0
Point 134 1043.5 840.8333333333334 1.0 134.0 1.0
Point 135 1043.5 840.8333333333334 1.0 135.0 1.0
Point 136 1044.1666666666667 840.8333333333334 1.0 136.0 1.0
Point 137 1043.5 840.1666666666666 1.0 137.0 1.0
Point 138 1043.5 840.1666666666666 1.0 138.0 1.0
Point 139 1041.5 840.1666666666666 1.0 139.0 1.0
Point 140 1038.8333333333333 839.5 1.0 140.0 1.0
Point 141 1038.8333333333333 840.1666666666666 1.0 141.0 1.0
Point 142 1038.8333333333333 840.8333333333334 1.0 142.0 1.0
Point 143 1038.1666666666667 838.8333333333334 1.0 143.0 1.0
Point 144 1038.8333333333333 839.5 1.0 144.0 1.0
Point 145 1038.1666666666667 838.8333333333334 1.0 145.0 1.0
Point 146 1038.1666666666667 838.8333333333334 1.0 146.0 1.0
Point 147 1038.1666666666667 838.8333333333334 1.0 147.0 1.0
Point 148 1038.1666666666667 838.8333333333334 1.0 148.0 1.0
Point 149 1037.5 838.1666666666666 1.0 149.0 1.0
Point 150 1040.1666666666667 836.8333333333334 1.0 150.0 1.0
Point 151 1038.1666666666667 836.1666666666666 1.0 151.0 1.0
Point 152 1038.8333333333333 836.1666666666666 1.0 152.0 1.0
Point 153 1038.8333333333333 836.8333333333334 1.0 153.0 1.0
Point 154 1039.5 837.5 1.0 154.0 1.0
Point 155 1038.1666666666667 835.5 1.0 155.0 1.0
Point 156 1038.1666666666667 835.5 1.0 156.0 1.0
Point 157 1038.1666666666667 836.1666666666666 1.0 157.0 1.0
Point 158 1038.1666666666667 836.1666666666666 1.0 158.0 1.0
Point 159 1038.8333333333333 836.1666666666666 1.0 159.0 1.0
Point 160 1038.1666666666667 836.1666666666666 1.0 160.0 1.0
Point 161 1038.1666666666667 836.1666666666666 1.0 161.0 1.0
Point 162 1036.1666666666667 835.5 1.0 162.0 1.0
Point 163 1032.8333333333333 832.8333333333334 1.0 163.0 1.0
Point 164 1032.1666666666667 832.1666666666666 1.0 164.0 1.0
Point 165 1032.8333333333333 832.1666666666666 1.0 165.0 1.0
Point 166 1030.1666666666667 830.1666666666666 1.0 166.0 1.0
Point 167 1031.5 830.1666666666666 1.0 167.0 1.0
Point 168 1032.1666666666667 830.1666666666666 1.0 168.0 1.0
Point 169 1032.1666666666667 829.5 1.0 169.0 1.0
Point 170 1032.8333333333333 830.1666666666666 1.0 170.0 1.0
Point 171 1031.5 828.8333333333334 1.0 171.0 1.0
Point 172 1031.5 828.8333333333334 1.0 172.0 1.0
Point 173 1031.5 829.5 1.0 173.0 1.0
Point 174 1031.5 828.8333333333334 1.0 174.0 1.0
Point 175 1030.8333333333333 828.1666666666666 1.0 175.0 1.0
Point 176 1030.1666666666667 828.1666666666666 1.0 176.0 1.0
Point 177 1031.5 828.1666666666666 1.0 177.0 1.0
Point 178 1032.8333333333333 828.8333333333334 1.0 178.0 1.0
Point 179 1032.8333333333333 830.8333333333334 1.0 179.0 1.0
Point 180 1032.8333333333333 830.8333333333334 1.0 180.0 1.0
Point 181 1033.5 830.8333333333334 1.0 181.0 1.0
Point 182 1033.5 831.5 1.0 182.0 1.0
Point 183 1033.5 830.1666666666666 1.0 183.0 1.0
Point 184 1031.5 830.1666666666666 1.0 184.0 1.0
Point 185 1032.8333333333333 830.1666666666666 1.0 185.0 1.0
Point 186 1032.8333333333333 830.1666666666666 1.0 186.0 1.0
Point 187 1031.5 828.8333333333334 1.0 187.0 1.0
Point 188 1031.5 828.1666666666666 1.0 188.0 1.0
Point 189 1029.5 826.8333333333334 1.0 189.0 1.0
Point 190 1030.1666666666667 827.5 1.0 190.0 1.0
Point 191 1030.8333333333333 827.5 1.0 191.0 1.0
Point 192 1028.8333333333333 827.5 1.0 192.0 1.0
Point 193 1027.5 823.5 1.0 193.0 1.0
Point 194 1027.5 827.5 1.0 194.0 1.0
Point 195 1026.8333333333333 824.8333333333334 1.0 195.0 1.0
Point 196 1026.8333333333333 824.8333333333334 1.0 196.0 1.0
Point 197 1026.8333333333333 824.1666666666666 1.0 197.0 1.0
Point 198 1026.1666666666667 822.8333333333334 1.0 198.0 1.0
Point 199 1027.5 822.8333333333334 1.0 199.0 1.0
Point 200 1029.5 825.5 1.0 200.0 1.0
Point 201 1028.8333333333333 824.8333333333334 1.0 201.0 1.0
Point 202 1028.8333333333333 822.8333333333334 1.0 202.0 1.0
Point 203 1028.8333333333333 822.8333333333334 1.0 203.0 1.0
Point 204 1028.8333333333333 822.8333333333334 1.0 204.0 1.0
Point 205 1027.5 822.8333333333334 1.0 205.0 1.0
Point 206 1027.5 825.5 1.0 206.0 1.0
Point 207 1028.1666666666667 824.1666666666666 1.0 207.0 1.0
Point 208 1028.1666666666667 824.1666666666666 1.0 208.0 1.0
Point 209 1027.5 824.1666666666666 1.0 209.0 1.0
Point 210 1028.8333333333333 824.1666666666666 1.0 210.0 1.0
Point 211 1028.8333333333333 824.1666666666666 1.0 211.0 1.0
Point 212 1028.8333333333333 824.1666666666666 1.0 212.0 1.0
Point 213 1028.8333333333333 824.1666666666666 1.0 213.0 1.0
Point 214 1028.8333333333333 824.1666666666666 1.0 214.0 1.0
Point 215 1028.8333333333333 824.1666666666666 1.0 215.0 1.0
Point 216 1028.8333333333333 824.1666666666666 1.0 216.0 1.0
Point 217 1028.8333333333333 823.5 1.0 217.0 1.0
Point 218 1028.8333333333333 823.5 1.0 218.0 1.0
Point 219 1028.1666666666667 823.5 1.0 219.0 1.0
Point 229 1027.5 822.8333333333334 1.0 220.0 1.0
Point 230 1029.5 822.8333333333334 1.0 221.0 1.0
Point 231 1029.5 824.1666666666666 1.0 222.0 1.0
Point 232 1028.8333333333333 824.1666666666666 1.0 223.0 1.0
Point 233 1028.1666666666667 824.1666666666666 1.0 224.0 1.0
Point 234 1029.5 822.1666666666666 1.0 225.0 1.0
Point 235 1028.8333333333333 821.5 1.0 226.0 1.0
Point 236 1028.8333333333333 821.5 1.0 227.0 1.0
Point 237 1028.8333333333333 821.5 1.0 228.0 1.0
Point 238 1028.1666666666667 820.1666666666666 1.0 229.0 1.0
Point 239 1028.8333333333333 819.5 1.0 230.0 1.0
Point 240 1028.8333333333333 818.1666666666666 1.0 231.0 1.0
Point 241 1030.8333333333333 815.5 1.0 232.0 1.0
Point 242 1030.8333333333333 815.5 1.0 233.0 1.0
Point 243 1030.8333333333333 814.1666666666666 1.0 234.0 1.0
Point 244 1030.1666666666667 812.1666666666666 1.0 235.0 1.0
Point 245 1028.1666666666667 812.1666666666666 1.0 236.0 1.0
Point 246 1025.5 812.8333333333334 1.0 237.0 1.0
Point 247 1023.5 812.8333333333334 1.0 238.0 1.0
Point 248 1023.5 813.5 1.0 239.0 1.0
Point 249 1023.5 814.1666666666666 1.0 240.0 1.0
End of MTrackJ Data File
