MTrackJ 1.5.1 Data File
Displaying false true true 1 0 0 0 100 16 0 0 0 0 1 0 1 false false true false
Assembly 1 FF0000
Cluster 1 FF0000
Track 1 FF0000 true
Point 1 1033.5 890.1666666666667 1.0 1.0 2.0
Point 2 1033.5 890.8333333333333 1.0 2.0 2.0
Point 3 1045.5 886.1666666666667 1.0 3.0 2.0
Point 4 1051.5 883.5 1.0 4.0 2.0
Point 5 1048.8333333333333 884.8333333333333 1.0 5.0 2.0
Point 6 1047.5 880.8333333333333 1.0 6.0 2.0
Point 7 1048.1666666666667 878.8333333333333 1.0 7.0 2.0
Point 8 1047.5 878.1666666666667 1.0 8.0 2.0
Point 9 1035.5 873.5 1.0 9.0 2.0
Point 10 1026.8333333333333 874.1666666666667 1.0 10.0 2.0
Point 11 1014.8333333333334 876.1666666666667 1.0 11.0 2.0
Point 12 1024.1666666666667 875.5 1.0 12.0 2.0
Point 13 1034.1666666666667 873.5 1.0 13.0 2.0
Point 14 1043.5 869.5 1.0 14.0 2.0
Point 15 1048.1666666666667 870.1666666666666 1.0 15.0 2.0
Point 16 1056.1666666666667 872.1666666666667 1.0 16.0 2.0
Point 17 1062.1666666666667 866.1666666666666 1.0 17.0 2.0
Point 18 1057.5 866.8333333333334 1.0 18.0 2.0
Point 19 1048.8333333333333 869.5 1.0 19.0 2.0
Point 20 1057.5 867.5 1.0 20.0 2.0
Point 21 1055.5 866.8333333333334 1.0 21.0 2.0
Point 22 1048.8333333333333 868.8333333333334 1.0 22.0 2.0
Point 23 1048.1666666666667 866.1666666666666 1.0 23.0 2.0
Point 24 1051.5 864.1666666666666 1.0 24.0 2.0
Point 25 1044.1666666666667 866.1666666666666 1.0 25.0 2.0
Point 26 1052.1666666666667 862.1666666666666 1.0 26.0 2.0
Point 27 1048.1666666666667 864.1666666666666 1.0 27.0 2.0
Point 28 1044.8333333333333 862.8333333333334 1.0 28.0 2.0
Point 29 1052.1666666666667 862.8333333333334 1.0 29.0 2.0
Point 30 1048.8333333333333 860.8333333333334 1.0 30.0 2.0
Point 31 1044.1666666666667 860.1666666666666 1.0 31.0 2.0
Point 32 1048.8333333333333 861.5 1.0 32.0 2.0
Point 33 1042.8333333333333 860.8333333333334 1.0 33.0 2.0
Point 34 1040.8333333333333 864.1666666666666 1.0 34.0 2.0
Point 35 1042.8333333333333 864.8333333333334 1.0 35.0 2.0
Point 36 1052.8333333333333 865.5 1.0 36.0 2.0
Point 37 1048.1666666666667 861.5 1.0 37.0 2.0
Point 38 1040.8333333333333 859.5 1.0 38.0 2.0
Point 39 1048.1666666666667 860.1666666666666 1.0 39.0 2.0
Point 40 1054.8333333333333 861.5 1.0 40.0 2.0
Point 41 1057.5 858.8333333333334 1.0 41.0 2.0
Point 42 1048.1666666666667 860.8333333333334 1.0 42.0 2.0
Point 43 1052.8333333333333 864.8333333333334 1.0 43.0 2.0
Point 44 1050.8333333333333 862.1666666666666 1.0 44.0 2.0
Point 45 1044.8333333333333 858.1666666666666 1.0 45.0 2.0
Point 46 1046.8333333333333 862.1666666666666 1.0 46.0 2.0
Point 47 1045.5 862.1666666666666 1.0 47.0 2.0
Point 48 1044.1666666666667 862.1666666666666 1.0 48.0 2.0
Point 49 1050.8333333333333 864.8333333333334 1.0 49.0 2.0
Point 50 1050.8333333333333 862.1666666666666 1.0 50.0 2.0
Point 51 1050.1666666666667 860.8333333333334 1.0 51.0 2.0
Point 52 1059.5 862.8333333333334 1.0 52.0 2.0
Point 53 1057.5 867.5 1.0 53.0 2.0
Point 54 1060.1666666666667 864.1666666666666 1.0 54.0 2.0
Point 55 1057.5 864.8333333333334 1.0 55.0 2.0
Point 56 1055.5 861.5 1.0 56.0 2.0
Point 57 1052.1666666666667 860.1666666666666 1.0 57.0 2.0
Point 58 1051.5 863.5 1.0 58.0 2.0
Point 59 1050.8333333333333 860.1666666666666 1.0 59.0 2.0
Point 60 1054.1666666666667 860.8333333333334 1.0 60.0 2.0
Point 61 1048.8333333333333 857.5 1.0 61.0 2.0
Point 62 1053.5 858.8333333333334 1.0 62.0 2.0
Point 63 1055.5 857.5 1.0 63.0 2.0
Point 64 1054.8333333333333 858.8333333333334 1.0 64.0 2.0
Point 65 1056.8333333333333 858.8333333333334 1.0 65.0 2.0
Point 66 1062.8333333333333 862.8333333333334 1.0 66.0 2.0
Point 67 1058.8333333333333 859.5 1.0 67.0 2.0
Point 68 1064.1666666666667 864.8333333333334 1.0 68.0 2.0
Point 69 1064.1666666666667 864.8333333333334 1.0 69.0 2.0
Point 70 1074.1666666666667 868.8333333333334 1.0 70.0 2.0
Point 71 1068.1666666666667 866.1666666666666 1.0 71.0 2.0
Point 72 1070.1666666666667 866.1666666666666 1.0 72.0 2.0
Point 73 1067.5 864.1666666666666 1.0 73.0 2.0
Point 74 1067.5 863.5 1.0 74.0 2.0
Point 75 1069.5 864.1666666666666 1.0 75.0 2.0
Point 76 1068.1666666666667 862.8333333333334 1.0 76.0 2.0
Point 77 1064.1666666666667 864.1666666666666 1.0 77.0 2.0
Point 78 1066.8333333333333 861.5 1.0 78.0 2.0
Point 79 1062.1666666666667 858.8333333333334 1.0 79.0 2.0
Point 80 1065.5 858.1666666666666 1.0 80.0 2.0
Point 81 1062.1666666666667 856.8333333333334 1.0 81.0 2.0
Point 82 1064.1666666666667 857.5 1.0 82.0 2.0
Point 83 1067.5 856.1666666666666 1.0 83.0 2.0
Point 84 1069.5 858.8333333333334 1.0 84.0 2.0
Point 85 1062.8333333333333 860.8333333333334 1.0 85.0 2.0
Point 86 1066.1666666666667 856.8333333333334 1.0 86.0 2.0
Point 87 1072.8333333333333 857.5 1.0 87.0 2.0
Point 88 1068.8333333333333 853.5 1.0 88.0 2.0
Point 89 1072.8333333333333 858.1666666666666 1.0 89.0 2.0
Point 90 1072.8333333333333 856.1666666666666 1.0 90.0 2.0
Point 91 1073.5 858.8333333333334 1.0 91.0 2.0
Point 92 1073.5 855.5 1.0 92.0 2.0
Point 93 1074.8333333333333 852.1666666666666 1.0 93.0 2.0
Point 94 1074.1666666666667 853.5 1.0 94.0 2.0
Point 95 1072.8333333333333 852.8333333333334 1.0 95.0 2.0
Point 96 1070.8333333333333 855.5 1.0 96.0 2.0
Point 97 1070.8333333333333 854.8333333333334 1.0 97.0 2.0
Point 98 1071.5 855.5 1.0 98.0 2.0
Point 99 1063.5 858.1666666666666 1.0 99.0 2.0
Point 100 1068.1666666666667 859.5 1.0 100.0 2.0
Point 101 1064.1666666666667 848.8333333333334 1.0 101.0 2.0
Point 102 1061.5 853.5 1.0 102.0 2.0
Point 103 1054.1666666666667 858.8333333333334 1.0 103.0 2.0
Point 104 1060.8333333333333 855.5 1.0 104.0 2.0
Point 105 1057.5 856.8333333333334 1.0 105.0 2.0
Point 106 1056.1666666666667 856.8333333333334 1.0 106.0 2.0
Point 107 1054.8333333333333 859.5 1.0 107.0 2.0
Point 108 1055.5 858.8333333333334 1.0 108.0 2.0
Point 109 1057.5 860.1666666666666 1.0 109.0 2.0
Point 110 1056.1666666666667 858.1666666666666 1.0 110.0 2.0
Point 111 1052.8333333333333 857.5 1.0 111.0 2.0
Point 112 1054.8333333333333 852.1666666666666 1.0 112.0 2.0
Point 113 1052.1666666666667 856.1666666666666 1.0 113.0 2.0
Point 114 1052.1666666666667 856.8333333333334 1.0 114.0 2.0
Point 115 1055.5 856.1666666666666 1.0 115.0 2.0
Point 116 1051.5 858.8333333333334 1.0 116.0 2.0
Point 117 1049.5 856.1666666666666 1.0 117.0 2.0
Point 118 1046.1666666666667 852.1666666666666 1.0 118.0 2.0
Point 119 1048.1666666666667 850.1666666666666 1.0 119.0 2.0
Point 120 1044.8333333333333 854.1666666666666 1.0 120.0 2.0
Point 121 1044.8333333333333 851.5 1.0 121.0 2.0
Point 122 1043.5 852.8333333333334 1.0 122.0 2.0
Point 123 1042.8333333333333 852.8333333333334 1.0 123.0 2.0
Point 124 1042.8333333333333 852.8333333333334 1.0 124.0 2.0
Point 125 1044.8333333333333 852.1666666666666 1.0 125.0 2.0
Point 126 1046.8333333333333 852.1666666666666 1.0 126.0 2.0
Point 127 1043.5 852.8333333333334 1.0 127.0 2.0
Point 128 1046.8333333333333 851.5 1.0 128.0 2.0
Point 129 1037.5 852.1666666666666 1.0 129.0 2.0
Point 130 1030.8333333333333 854.1666666666666 1.0 130.0 2.0
Point 131 1027.5 854.1666666666666 1.0 131.0 2.0
Point 132 1012.1666666666666 852.8333333333334 1.0 132.0 2.0
Point 133 1000.8333333333334 850.1666666666666 1.0 133.0 2.0
Point 134 1000.1666666666666 845.5 1.0 134.0 2.0
Point 135 1011.5 848.8333333333334 1.0 135.0 2.0
Point 136 1018.8333333333334 847.5 1.0 136.0 2.0
Point 137 1019.5 850.8333333333334 1.0 137.0 2.0
Point 138 1003.5 850.8333333333334 1.0 138.0 2.0
Point 139 1000.1666666666666 852.1666666666666 1.0 139.0 2.0
Point 140 1006.8333333333334 852.1666666666666 1.0 140.0 2.0
Point 141 1007.5 850.1666666666666 1.0 141.0 2.0
Point 142 1007.5 847.5 1.0 142.0 2.0
Point 143 1014.8333333333334 848.1666666666666 1.0 143.0 2.0
Point 144 1011.5 851.5 1.0 144.0 2.0
Point 145 1010.1666666666666 846.1666666666666 1.0 145.0 2.0
Point 146 1012.1666666666666 848.1666666666666 1.0 146.0 2.0
Point 147 1010.1666666666666 848.8333333333334 1.0 147.0 2.0
Point 148 1010.8333333333334 846.8333333333334 1.0 148.0 2.0
Point 149 1012.1666666666666 847.5 1.0 149.0 2.0
Point 151 1012.8333333333334 849.5 1.0 150.0 2.0
Point 152 1007.5 847.5 1.0 151.0 2.0
Point 153 1008.1666666666666 848.8333333333334 1.0 152.0 2.0
Point 154 1010.1666666666666 846.8333333333334 1.0 153.0 2.0
Point 155 1013.5 844.1666666666666 1.0 154.0 2.0
Point 156 1020.8333333333334 844.8333333333334 1.0 155.0 2.0
Point 157 1020.1666666666666 846.1666666666666 1.0 156.0 2.0
Point 158 1014.8333333333334 844.1666666666666 1.0 157.0 2.0
Point 159 1016.1666666666666 844.8333333333334 1.0 158.0 2.0
Point 160 1015.5 842.8333333333334 1.0 159.0 2.0
Point 161 1015.5 844.1666666666666 1.0 160.0 2.0
Point 162 1013.5 841.5 1.0 161.0 2.0
Point 163 1017.5 846.1666666666666 1.0 162.0 2.0
Point 164 1023.5 845.5 1.0 163.0 2.0
Point 165 1015.5 840.8333333333334 1.0 164.0 2.0
Point 166 1014.1666666666666 832.8333333333334 1.0 165.0 2.0
Point 167 1014.1666666666666 838.1666666666666 1.0 166.0 2.0
Point 168 1014.1666666666666 840.1666666666666 1.0 167.0 2.0
Point 169 1012.8333333333334 837.5 1.0 168.0 2.0
Point 170 1010.8333333333334 833.5 1.0 169.0 2.0
Point 171 1008.1666666666666 821.5 1.0 170.0 2.0
Point 172 1008.8333333333334 826.1666666666666 1.0 171.0 2.0
Point 173 1006.1666666666666 812.1666666666666 1.0 172.0 2.0
Point 174 1002.1666666666666 797.5 1.0 173.0 2.0
Point 175 1006.8333333333334 809.5 1.0 174.0 2.0
Point 176 1007.5 807.5 1.0 175.0 2.0
Point 177 1008.1666666666666 814.8333333333334 1.0 176.0 2.0
Point 178 1012.1666666666666 824.8333333333334 1.0 177.0 2.0
Point 179 1009.5 818.8333333333334 1.0 178.0 2.0
Point 180 1011.5 824.8333333333334 1.0 179.0 2.0
Point 181 1010.8333333333334 822.1666666666666 1.0 180.0 2.0
Point 182 1011.5 830.8333333333334 1.0 181.0 2.0
Point 183 1009.5 822.1666666666666 1.0 182.0 2.0
Point 184 1008.8333333333334 815.5 1.0 183.0 2.0
Point 185 1008.1666666666666 814.1666666666666 1.0 184.0 2.0
Point 186 1006.8333333333334 808.1666666666666 1.0 185.0 2.0
Point 187 1006.8333333333334 808.8333333333334 1.0 186.0 2.0
Point 188 1009.5 822.1666666666666 1.0 187.0 2.0
Point 189 1007.5 805.5 1.0 188.0 2.0
Point 190 1008.1666666666666 805.5 1.0 189.0 2.0
Point 191 1004.1666666666666 800.8333333333334 1.0 190.0 2.0
Point 192 1002.8333333333334 794.1666666666666 1.0 191.0 2.0
Point 193 1000.8333333333334 797.5 1.0 192.0 2.0
Point 194 995.5 788.1666666666666 1.0 193.0 2.0
Point 195 998.1666666666666 791.5 1.0 194.0 2.0
Point 196 994.8333333333334 786.1666666666666 1.0 195.0 2.0
Point 197 992.1666666666666 782.1666666666666 1.0 196.0 2.0
Point 198 993.5 787.5 1.0 197.0 2.0
Point 199 981.5 775.5 1.0 198.0 2.0
Point 200 980.8333333333334 778.1666666666666 1.0 199.0 2.0
Point 201 992.1666666666666 785.5 1.0 200.0 2.0
Point 202 989.5 782.1666666666666 1.0 201.0 2.0
Point 203 1002.1666666666666 795.5 1.0 202.0 2.0
Point 204 1003.5 792.8333333333334 1.0 203.0 2.0
Point 205 998.1666666666666 788.8333333333334 1.0 204.0 2.0
Point 206 998.8333333333334 788.1666666666666 1.0 205.0 2.0
Point 207 1002.8333333333334 792.1666666666666 1.0 206.0 2.0
Point 208 1003.5 791.5 1.0 207.0 2.0
Point 209 1002.1666666666666 792.8333333333334 1.0 208.0 2.0
Point 210 1004.1666666666666 799.5 1.0 209.0 2.0
Point 211 1005.5 800.8333333333334 1.0 210.0 2.0
Point 212 1005.5 800.8333333333334 1.0 211.0 2.0
Point 213 1009.5 803.5 1.0 212.0 2.0
Point 214 1008.8333333333334 803.5 1.0 213.0 2.0
Point 215 1004.1666666666666 796.8333333333334 1.0 214.0 2.0
Point 216 1002.1666666666666 793.5 1.0 215.0 2.0
Point 217 1004.1666666666666 805.5 1.0 216.0 2.0
Point 218 1007.5 810.8333333333334 1.0 217.0 2.0
Point 219 1006.8333333333334 807.5 1.0 218.0 2.0
Point 220 1009.5 809.5 1.0 219.0 2.0
Point 221 1005.5 800.1666666666666 1.0 220.0 2.0
Point 222 1006.1666666666666 806.1666666666666 1.0 221.0 2.0
Point 223 1007.5 811.5 1.0 222.0 2.0
Point 224 1007.5 807.5 1.0 223.0 2.0
Point 225 1008.1666666666666 808.1666666666666 1.0 224.0 2.0
Point 226 1009.5 805.5 1.0 225.0 2.0
Point 227 1020.8333333333334 808.1666666666666 1.0 226.0 2.0
Point 228 1038.1666666666667 808.1666666666666 1.0 227.0 2.0
Point 229 1042.8333333333333 802.1666666666666 1.0 228.0 2.0
Point 230 1052.1666666666667 794.8333333333334 1.0 229.0 2.0
Point 231 1063.5 795.5 1.0 230.0 2.0
Point 232 1066.1666666666667 790.1666666666666 1.0 231.0 2.0
Point 233 1060.8333333333333 791.5 1.0 232.0 2.0
Point 234 1058.1666666666667 792.1666666666666 1.0 233.0 2.0
Point 235 1057.5 802.1666666666666 1.0 234.0 2.0
Point 236 1058.1666666666667 803.5 1.0 235.0 2.0
Point 237 1058.1666666666667 804.8333333333334 1.0 236.0 2.0
Point 238 1051.5 797.5 1.0 237.0 2.0
Point 239 1047.5 807.5 1.0 238.0 2.0
Point 240 1044.1666666666667 812.8333333333334 1.0 239.0 2.0
Point 241 1040.1666666666667 812.8333333333334 1.0 240.0 2.0
End of MTrackJ Data File
