MTrackJ 1.5.1 Data File
Displaying true true true 2 0 0 0 100 10 0 0 0 0 1 12 0 true true true false
Assembly 1 FF0000
Cluster 1 FF0000
Track 1 FF0000 true
Point 1 264.8333333333333 276.8333333333333 1.0 1.0 2.0
Point 2 260.8333333333333 277.5 1.0 2.0 2.0
Point 3 254.83333333333334 270.1666666666667 1.0 3.0 2.0
Point 4 252.16666666666666 266.8333333333333 1.0 4.0 2.0
Point 5 256.1666666666667 269.5 1.0 5.0 2.0
Point 6 256.1666666666667 266.8333333333333 1.0 6.0 2.0
Point 7 252.83333333333334 260.1666666666667 1.0 7.0 2.0
Point 8 256.8333333333333 262.1666666666667 1.0 8.0 2.0
Point 9 270.8333333333333 262.8333333333333 1.0 9.0 2.0
Point 10 260.8333333333333 265.5 1.0 10.0 2.0
Point 11 258.8333333333333 256.8333333333333 1.0 11.0 2.0
Point 12 260.1666666666667 263.5 1.0 12.0 2.0
Point 13 260.1666666666667 254.16666666666666 1.0 13.0 2.0
Point 14 258.1666666666667 252.83333333333334 1.0 14.0 2.0
Point 15 260.8333333333333 250.16666666666666 1.0 15.0 2.0
Point 16 263.5 252.83333333333334 1.0 16.0 2.0
Point 17 266.8333333333333 239.5 1.0 17.0 2.0
Point 18 266.1666666666667 250.83333333333334 1.0 18.0 2.0
Point 19 265.5 250.83333333333334 1.0 19.0 2.0
Point 20 265.5 237.5 1.0 20.0 2.0
Point 21 277.5 223.5 1.0 21.0 2.0
Point 22 272.1666666666667 226.83333333333334 1.0 22.0 2.0
Point 23 274.8333333333333 224.83333333333334 1.0 23.0 2.0
Point 24 279.5 218.16666666666666 1.0 24.0 2.0
Point 25 279.5 214.16666666666666 1.0 25.0 2.0
Point 26 280.1666666666667 212.83333333333334 1.0 26.0 2.0
Point 27 269.5 220.16666666666666 1.0 27.0 2.0
Point 28 272.8333333333333 219.5 1.0 28.0 2.0
Point 29 267.5 221.5 1.0 29.0 2.0
Point 30 277.5 213.5 1.0 30.0 2.0
Point 31 279.5 216.83333333333334 1.0 31.0 2.0
Point 32 274.8333333333333 223.5 1.0 32.0 2.0
Point 33 271.5 224.16666666666666 1.0 33.0 2.0
Point 34 263.5 226.83333333333334 1.0 34.0 2.0
Point 35 262.8333333333333 226.83333333333334 1.0 35.0 2.0
Point 36 270.8333333333333 222.16666666666666 1.0 36.0 2.0
Point 37 265.5 224.83333333333334 1.0 37.0 2.0
Point 38 264.8333333333333 218.16666666666666 1.0 38.0 2.0
Point 39 249.5 225.5 1.0 39.0 2.0
Point 40 246.83333333333334 224.83333333333334 1.0 40.0 2.0
Point 41 240.83333333333334 223.5 1.0 41.0 2.0
Point 42 241.5 229.5 1.0 42.0 2.0
Point 43 243.5 226.83333333333334 1.0 43.0 2.0
Point 44 244.16666666666666 228.83333333333334 1.0 44.0 2.0
Point 45 252.83333333333334 225.5 1.0 45.0 2.0
Point 46 251.5 226.16666666666666 1.0 46.0 2.0
Point 47 249.5 225.5 1.0 47.0 2.0
Point 48 257.5 220.83333333333334 1.0 48.0 2.0
Point 49 262.8333333333333 222.16666666666666 1.0 49.0 2.0
Point 50 285.5 219.5 1.0 50.0 2.0
Point 51 284.1666666666667 219.5 1.0 51.0 2.0
Point 52 284.1666666666667 219.5 1.0 52.0 2.0
Point 53 280.8333333333333 217.5 1.0 53.0 2.0
Point 54 279.5 214.83333333333334 1.0 54.0 2.0
Point 55 277.5 216.83333333333334 1.0 55.0 2.0
Point 56 276.1666666666667 214.16666666666666 1.0 56.0 2.0
Point 57 272.1666666666667 212.16666666666666 1.0 57.0 2.0
Point 58 270.1666666666667 213.5 1.0 58.0 2.0
Point 59 275.5 212.83333333333334 1.0 59.0 2.0
Point 60 284.1666666666667 214.16666666666666 1.0 60.0 2.0
Point 61 282.8333333333333 208.83333333333334 1.0 61.0 2.0
Point 62 278.8333333333333 210.16666666666666 1.0 62.0 2.0
Point 63 274.8333333333333 208.16666666666666 1.0 63.0 2.0
Point 64 280.8333333333333 214.16666666666666 1.0 64.0 2.0
Point 65 281.5 210.83333333333334 1.0 65.0 2.0
Point 66 283.5 214.83333333333334 1.0 66.0 2.0
Point 67 280.8333333333333 214.16666666666666 1.0 67.0 2.0
Point 68 278.1666666666667 212.16666666666666 1.0 68.0 2.0
Point 69 280.8333333333333 213.5 1.0 69.0 2.0
Point 70 273.5 212.83333333333334 1.0 70.0 2.0
Point 71 276.1666666666667 210.16666666666666 1.0 71.0 2.0
Point 72 279.5 212.83333333333334 1.0 72.0 2.0
Point 73 279.5 210.16666666666666 1.0 73.0 2.0
Point 74 277.5 210.83333333333334 1.0 74.0 2.0
Point 75 284.8333333333333 214.83333333333334 1.0 75.0 2.0
Point 76 290.8333333333333 215.5 1.0 76.0 2.0
Point 77 284.1666666666667 213.5 1.0 77.0 2.0
Point 78 279.5 210.16666666666666 1.0 78.0 2.0
Point 79 281.5 212.16666666666666 1.0 79.0 2.0
Point 80 282.1666666666667 210.16666666666666 1.0 80.0 2.0
Point 81 275.5 209.5 1.0 81.0 2.0
Point 82 268.1666666666667 207.5 1.0 82.0 2.0
Point 83 266.1666666666667 208.83333333333334 1.0 83.0 2.0
Point 84 268.1666666666667 210.16666666666666 1.0 84.0 2.0
Point 85 274.1666666666667 207.5 1.0 85.0 2.0
Point 86 276.8333333333333 207.5 1.0 86.0 2.0
Point 87 274.8333333333333 206.16666666666666 1.0 87.0 2.0
Point 88 285.5 205.5 1.0 88.0 2.0
Point 89 275.5 206.16666666666666 1.0 89.0 2.0
Point 90 275.5 203.5 1.0 90.0 2.0
Point 91 278.8333333333333 202.83333333333334 1.0 91.0 2.0
Point 92 274.8333333333333 196.83333333333334 1.0 92.0 2.0
Point 93 272.1666666666667 193.5 1.0 93.0 2.0
Point 94 281.5 190.83333333333334 1.0 94.0 2.0
Point 95 275.5 183.5 1.0 95.0 2.0
Point 96 280.1666666666667 187.5 1.0 96.0 2.0
Point 97 302.8333333333333 183.5 1.0 97.0 2.0
Point 98 318.1666666666667 178.83333333333334 1.0 98.0 2.0
Point 99 295.5 184.83333333333334 1.0 99.0 2.0
Point 100 280.1666666666667 183.5 1.0 100.0 2.0
Point 101 274.1666666666667 180.83333333333334 1.0 101.0 2.0
Point 102 267.5 182.16666666666666 1.0 102.0 2.0
Point 103 265.5 182.16666666666666 1.0 103.0 2.0
Point 104 266.1666666666667 180.83333333333334 1.0 104.0 2.0
Point 105 267.5 178.83333333333334 1.0 105.0 2.0
Point 106 272.8333333333333 182.83333333333334 1.0 106.0 2.0
Point 107 269.5 175.5 1.0 107.0 2.0
Point 108 266.8333333333333 178.83333333333334 1.0 108.0 2.0
Point 109 264.1666666666667 176.16666666666666 1.0 109.0 2.0
Point 110 262.1666666666667 174.83333333333334 1.0 110.0 2.0
Point 111 247.5 168.83333333333334 1.0 111.0 2.0
Point 112 248.83333333333334 167.5 1.0 112.0 2.0
Point 113 243.5 166.16666666666666 1.0 113.0 2.0
Point 114 244.16666666666666 163.5 1.0 114.0 2.0
Point 115 240.16666666666666 160.83333333333334 1.0 115.0 2.0
Point 116 238.83333333333334 161.5 1.0 116.0 2.0
Point 117 240.16666666666666 162.83333333333334 1.0 117.0 2.0
Point 118 254.83333333333334 166.83333333333334 1.0 118.0 2.0
Point 119 252.16666666666666 168.16666666666666 1.0 119.0 2.0
Point 120 252.16666666666666 167.5 1.0 120.0 2.0
Point 121 242.83333333333334 165.5 1.0 121.0 2.0
Point 122 244.83333333333334 163.5 1.0 122.0 2.0
Point 123 242.16666666666666 160.83333333333334 1.0 123.0 2.0
Point 124 244.16666666666666 161.5 1.0 124.0 2.0
Point 125 246.16666666666666 164.83333333333334 1.0 125.0 2.0
Point 126 248.83333333333334 166.16666666666666 1.0 126.0 2.0
Point 127 244.16666666666666 163.5 1.0 127.0 2.0
Point 128 247.5 164.83333333333334 1.0 128.0 2.0
Point 129 250.16666666666666 168.16666666666666 1.0 129.0 2.0
Point 130 242.16666666666666 162.16666666666666 1.0 130.0 2.0
Point 131 239.5 160.16666666666666 1.0 131.0 2.0
Point 132 244.83333333333334 162.16666666666666 1.0 132.0 2.0
Point 133 241.5 161.5 1.0 133.0 2.0
Point 134 240.16666666666666 162.16666666666666 1.0 134.0 2.0
Point 135 238.83333333333334 160.16666666666666 1.0 135.0 2.0
Point 136 232.16666666666666 154.16666666666666 1.0 136.0 2.0
Point 137 234.83333333333334 154.16666666666666 1.0 137.0 2.0
Point 138 232.16666666666666 157.5 1.0 138.0 2.0
Point 139 232.16666666666666 156.83333333333334 1.0 139.0 2.0
Point 140 224.83333333333334 150.16666666666666 1.0 140.0 2.0
End of MTrackJ Data File
