MTrackJ 1.5.1 Data File
Displaying true true true 2 0 0 0 100 10 0 0 0 0 1 12 0 true true true false
Assembly 1 FF0000
Cluster 1 FF0000
Track 1 FF0000 true
Point 1 266.8333333333333 278.8333333333333 1.0 1.0 1.0
Point 2 266.1666666666667 278.8333333333333 1.0 2.0 1.0
Point 3 266.1666666666667 278.8333333333333 1.0 3.0 1.0
Point 4 266.1666666666667 275.5 1.0 4.0 1.0
Point 5 266.8333333333333 272.8333333333333 1.0 5.0 1.0
Point 6 268.1666666666667 270.1666666666667 1.0 6.0 1.0
Point 7 268.1666666666667 270.1666666666667 1.0 7.0 1.0
Point 8 268.8333333333333 268.8333333333333 1.0 8.0 1.0
Point 9 268.8333333333333 267.5 1.0 9.0 1.0
Point 10 266.8333333333333 265.5 1.0 10.0 1.0
Point 11 268.1666666666667 261.5 1.0 11.0 1.0
Point 12 270.8333333333333 261.5 1.0 12.0 1.0
Point 13 270.1666666666667 256.1666666666667 1.0 13.0 1.0
Point 14 268.1666666666667 255.5 1.0 14.0 1.0
Point 15 268.1666666666667 255.5 1.0 15.0 1.0
Point 16 268.1666666666667 254.16666666666666 1.0 16.0 1.0
Point 17 268.8333333333333 252.83333333333334 1.0 17.0 1.0
Point 18 270.8333333333333 250.16666666666666 1.0 18.0 1.0
Point 19 271.5 250.16666666666666 1.0 19.0 1.0
Point 20 268.1666666666667 250.16666666666666 1.0 20.0 1.0
Point 21 268.8333333333333 246.83333333333334 1.0 21.0 1.0
Point 22 269.5 242.16666666666666 1.0 22.0 1.0
Point 23 270.1666666666667 241.5 1.0 23.0 1.0
Point 24 268.1666666666667 239.5 1.0 24.0 1.0
Point 25 267.5 243.5 1.0 25.0 1.0
Point 26 268.8333333333333 238.83333333333334 1.0 26.0 1.0
Point 27 268.8333333333333 238.83333333333334 1.0 27.0 1.0
Point 28 266.8333333333333 238.16666666666666 1.0 28.0 1.0
Point 29 264.8333333333333 236.83333333333334 1.0 29.0 1.0
Point 30 263.5 236.16666666666666 1.0 30.0 1.0
Point 31 263.5 232.16666666666666 1.0 31.0 1.0
Point 32 264.8333333333333 231.5 1.0 32.0 1.0
Point 33 263.5 232.16666666666666 1.0 33.0 1.0
Point 34 263.5 232.16666666666666 1.0 34.0 1.0
Point 35 263.5 231.5 1.0 35.0 1.0
Point 36 263.5 231.5 1.0 36.0 1.0
Point 37 261.5 230.16666666666666 1.0 37.0 1.0
Point 38 263.5 229.5 1.0 38.0 1.0
Point 39 261.5 230.83333333333334 1.0 39.0 1.0
Point 40 261.5 229.5 1.0 40.0 1.0
Point 41 260.8333333333333 229.5 1.0 41.0 1.0
Point 42 258.1666666666667 230.16666666666666 1.0 42.0 1.0
Point 43 255.5 231.5 1.0 43.0 1.0
Point 44 256.8333333333333 230.83333333333334 1.0 44.0 1.0
Point 45 257.5 230.16666666666666 1.0 45.0 1.0
Point 46 257.5 230.16666666666666 1.0 46.0 1.0
Point 47 257.5 229.5 1.0 47.0 1.0
Point 48 257.5 229.5 1.0 48.0 1.0
Point 49 258.1666666666667 226.83333333333334 1.0 49.0 1.0
Point 50 256.8333333333333 224.16666666666666 1.0 50.0 1.0
Point 51 256.8333333333333 223.5 1.0 51.0 1.0
Point 52 256.1666666666667 221.5 1.0 52.0 1.0
Point 53 256.8333333333333 221.5 1.0 53.0 1.0
Point 54 257.5 220.83333333333334 1.0 54.0 1.0
Point 55 258.1666666666667 220.83333333333334 1.0 55.0 1.0
Point 56 258.1666666666667 220.83333333333334 1.0 56.0 1.0
Point 57 258.8333333333333 218.83333333333334 1.0 57.0 1.0
Point 58 257.5 218.16666666666666 1.0 58.0 1.0
Point 59 252.83333333333334 216.83333333333334 1.0 59.0 1.0
Point 60 252.83333333333334 216.83333333333334 1.0 60.0 1.0
Point 61 252.83333333333334 216.83333333333334 1.0 61.0 1.0
Point 62 252.16666666666666 216.83333333333334 1.0 62.0 1.0
Point 63 252.16666666666666 216.16666666666666 1.0 63.0 1.0
Point 64 252.16666666666666 216.16666666666666 1.0 64.0 1.0
Point 65 252.16666666666666 216.16666666666666 1.0 65.0 1.0
Point 66 252.16666666666666 216.16666666666666 1.0 66.0 1.0
Point 67 252.16666666666666 216.16666666666666 1.0 67.0 1.0
Point 68 252.16666666666666 216.16666666666666 1.0 68.0 1.0
Point 69 252.83333333333334 215.5 1.0 69.0 1.0
Point 70 252.83333333333334 214.83333333333334 1.0 70.0 1.0
Point 71 252.83333333333334 214.16666666666666 1.0 71.0 1.0
Point 72 253.5 212.83333333333334 1.0 72.0 1.0
Point 73 253.5 212.83333333333334 1.0 73.0 1.0
Point 74 253.5 212.83333333333334 1.0 74.0 1.0
Point 75 252.16666666666666 211.5 1.0 75.0 1.0
Point 76 250.16666666666666 208.16666666666666 1.0 76.0 1.0
Point 77 250.16666666666666 208.16666666666666 1.0 77.0 1.0
Point 78 250.16666666666666 208.16666666666666 1.0 78.0 1.0
Point 79 250.16666666666666 208.16666666666666 1.0 79.0 1.0
Point 80 250.16666666666666 208.16666666666666 1.0 80.0 1.0
Point 81 250.16666666666666 208.16666666666666 1.0 81.0 1.0
Point 82 250.16666666666666 208.16666666666666 1.0 82.0 1.0
Point 83 250.16666666666666 208.16666666666666 1.0 83.0 1.0
Point 84 248.83333333333334 206.83333333333334 1.0 84.0 1.0
Point 85 249.5 206.83333333333334 1.0 85.0 1.0
Point 86 249.5 206.16666666666666 1.0 86.0 1.0
Point 87 249.5 205.5 1.0 87.0 1.0
Point 88 248.83333333333334 204.83333333333334 1.0 88.0 1.0
Point 89 250.16666666666666 204.16666666666666 1.0 89.0 1.0
Point 90 250.16666666666666 204.16666666666666 1.0 90.0 1.0
Point 91 249.5 203.5 1.0 91.0 1.0
Point 92 248.16666666666666 202.83333333333334 1.0 92.0 1.0
Point 93 247.5 201.5 1.0 93.0 1.0
Point 94 246.83333333333334 199.5 1.0 94.0 1.0
Point 95 247.5 198.16666666666666 1.0 95.0 1.0
Point 96 247.5 196.16666666666666 1.0 96.0 1.0
Point 97 245.5 194.83333333333334 1.0 97.0 1.0
Point 98 247.5 194.83333333333334 1.0 98.0 1.0
Point 99 249.5 195.5 1.0 99.0 1.0
Point 100 250.16666666666666 195.5 1.0 100.0 1.0
Point 101 250.16666666666666 194.83333333333334 1.0 101.0 1.0
Point 102 250.16666666666666 194.16666666666666 1.0 102.0 1.0
Point 103 250.83333333333334 193.5 1.0 103.0 1.0
Point 104 250.16666666666666 191.5 1.0 104.0 1.0
Point 105 250.16666666666666 191.5 1.0 105.0 1.0
Point 106 250.16666666666666 191.5 1.0 106.0 1.0
Point 107 250.83333333333334 191.5 1.0 107.0 1.0
Point 108 250.83333333333334 191.5 1.0 108.0 1.0
Point 109 250.83333333333334 191.5 1.0 109.0 1.0
Point 110 250.16666666666666 189.5 1.0 110.0 1.0
Point 111 250.16666666666666 189.5 1.0 111.0 1.0
Point 112 250.16666666666666 189.5 1.0 112.0 1.0
Point 113 250.16666666666666 189.5 1.0 113.0 1.0
Point 114 249.5 188.83333333333334 1.0 114.0 1.0
Point 115 249.5 188.83333333333334 1.0 115.0 1.0
Point 116 249.5 188.83333333333334 1.0 116.0 1.0
Point 117 249.5 188.83333333333334 1.0 117.0 1.0
Point 118 249.5 188.83333333333334 1.0 118.0 1.0
Point 119 249.5 188.83333333333334 1.0 119.0 1.0
Point 120 250.16666666666666 188.83333333333334 1.0 120.0 1.0
Point 121 250.16666666666666 188.16666666666666 1.0 121.0 1.0
Point 122 249.5 186.83333333333334 1.0 122.0 1.0
Point 123 249.5 184.83333333333334 1.0 123.0 1.0
Point 124 249.5 184.16666666666666 1.0 124.0 1.0
Point 125 249.5 184.16666666666666 1.0 125.0 1.0
Point 126 249.5 184.16666666666666 1.0 126.0 1.0
Point 127 250.16666666666666 181.5 1.0 127.0 1.0
Point 128 246.16666666666666 180.16666666666666 1.0 128.0 1.0
Point 129 246.16666666666666 180.16666666666666 1.0 129.0 1.0
Point 130 247.5 178.16666666666666 1.0 130.0 1.0
Point 131 248.16666666666666 178.16666666666666 1.0 131.0 1.0
Point 132 248.16666666666666 178.16666666666666 1.0 132.0 1.0
Point 133 248.16666666666666 178.16666666666666 1.0 133.0 1.0
Point 134 248.16666666666666 178.16666666666666 1.0 134.0 1.0
Point 135 248.16666666666666 178.16666666666666 1.0 135.0 1.0
Point 136 248.16666666666666 178.83333333333334 1.0 136.0 1.0
Point 137 248.16666666666666 178.83333333333334 1.0 137.0 1.0
Point 138 246.83333333333334 180.83333333333334 1.0 138.0 1.0
Point 139 246.83333333333334 180.83333333333334 1.0 139.0 1.0
Point 142 246.83333333333334 180.83333333333334 1.0 140.0 1.0
End of MTrackJ Data File
