MTrackJ 1.5.1 Data File
Displaying false true true 1 2 0 0 100 20 0 0 0 0 1 8 0 false false true false
Assembly 1 FF0000
Cluster 1 FF0000
Track 1 FF0000 true
Point 1 228.83333333333334 302.1666666666667 1.0 6.0 1.0
Point 2 209.5 266.1666666666667 1.0 13.0 1.0
Point 3 166.83333333333334 210.16666666666666 1.0 24.0 1.0
Point 21 271.5 252.83333333333334 1.0 51.0 1.0
Point 6 353.5 292.8333333333333 1.0 57.0 1.0
Point 8 194.16666666666666 192.16666666666666 1.0 73.0 1.0
Point 9 207.5 244.16666666666666 1.0 75.0 1.0
Point 10 354.8333333333333 164.16666666666666 1.0 77.0 1.0
Point 15 443.5 329.5 1.0 81.0 1.0
Point 16 184.83333333333334 275.5 1.0 87.0 1.0
Point 11 186.83333333333334 112.16666666666667 1.0 109.0 1.0
Point 12 234.16666666666666 225.5 1.0 124.0 1.0
Point 13 304.1666666666667 269.5 1.0 132.0 1.0
Point 18 263.5 243.5 1.0 173.0 1.0
Point 17 184.16666666666666 178.16666666666669 1.0 176.0 1.0
Point 19 204.16666666666666 214.83333333333334 1.0 241.0 1.0
Point 20 190.83333333333334 375.5 1.0 242.0 1.0
End of MTrackJ Data File
