MTrackJ 1.5.1 Data File
Displaying true true true 2 0 0 0 100 10 0 0 0 0 1 12 0 true true true false
Assembly 1 FF0000
Cluster 1 FF0000
Track 1 FF0000 true
Point 1 344.1666666666667 99.5 1.0 1.0 1.0
Point 2 345.5 99.5 1.0 2.0 1.0
Point 3 345.5 97.5 1.0 3.0 1.0
Point 4 344.8333333333333 96.83333333333333 1.0 4.0 1.0
Point 5 344.8333333333333 96.83333333333333 1.0 5.0 1.0
Point 6 344.8333333333333 96.16666666666667 1.0 6.0 1.0
Point 7 346.8333333333333 92.83333333333333 1.0 7.0 1.0
Point 8 347.5 92.83333333333333 1.0 8.0 1.0
Point 9 348.8333333333333 90.83333333333333 1.0 9.0 1.0
Point 10 348.8333333333333 90.83333333333333 1.0 10.0 1.0
Point 11 348.8333333333333 90.83333333333333 1.0 11.0 1.0
Point 12 350.8333333333333 85.5 1.0 12.0 1.0
Point 13 351.5 84.83333333333333 1.0 13.0 1.0
Point 14 354.1666666666667 82.16666666666667 1.0 14.0 1.0
Point 15 352.8333333333333 80.83333333333333 1.0 15.0 1.0
Point 16 352.8333333333333 77.5 1.0 16.0 1.0
Point 17 351.5 76.16666666666667 1.0 17.0 1.0
Point 18 351.5 75.5 1.0 18.0 1.0
Point 19 350.8333333333333 73.5 1.0 19.0 1.0
Point 20 350.8333333333333 73.5 1.0 20.0 1.0
Point 21 350.8333333333333 73.5 1.0 21.0 1.0
Point 22 350.1666666666667 73.5 1.0 22.0 1.0
Point 23 350.1666666666667 73.5 1.0 23.0 1.0
Point 24 352.1666666666667 72.16666666666667 1.0 24.0 1.0
Point 25 353.5 72.16666666666667 1.0 25.0 1.0
Point 26 352.8333333333333 71.5 1.0 26.0 1.0
Point 27 352.8333333333333 70.83333333333333 1.0 27.0 1.0
Point 28 352.8333333333333 70.83333333333333 1.0 28.0 1.0
Point 29 352.8333333333333 68.83333333333333 1.0 29.0 1.0
Point 30 353.5 67.5 1.0 30.0 1.0
Point 31 354.8333333333333 66.16666666666667 1.0 31.0 1.0
Point 32 354.8333333333333 66.16666666666667 1.0 32.0 1.0
Point 33 355.5 66.16666666666667 1.0 33.0 1.0
Point 34 356.8333333333333 65.5 1.0 34.0 1.0
Point 35 364.1666666666667 61.5 1.0 35.0 1.0
Point 36 364.1666666666667 61.5 1.0 36.0 1.0
Point 37 365.5 60.166666666666664 1.0 37.0 1.0
Point 38 365.5 60.166666666666664 1.0 38.0 1.0
Point 39 363.5 57.5 1.0 39.0 1.0
Point 40 358.8333333333333 56.833333333333336 1.0 40.0 1.0
Point 41 358.8333333333333 56.833333333333336 1.0 41.0 1.0
Point 42 358.8333333333333 56.166666666666664 1.0 42.0 1.0
Point 43 359.5 56.166666666666664 1.0 43.0 1.0
Point 44 359.5 56.166666666666664 1.0 44.0 1.0
Point 45 360.8333333333333 56.166666666666664 1.0 45.0 1.0
Point 46 358.8333333333333 54.833333333333336 1.0 46.0 1.0
Point 47 356.8333333333333 56.166666666666664 1.0 47.0 1.0
Point 48 349.5 54.833333333333336 1.0 48.0 1.0
Point 49 349.5 54.833333333333336 1.0 49.0 1.0
Point 50 348.8333333333333 55.5 1.0 50.0 1.0
Point 51 350.8333333333333 52.166666666666664 1.0 51.0 1.0
Point 52 350.8333333333333 52.166666666666664 1.0 52.0 1.0
Track 2 FFFF00 true
Point 1 352.8333333333333 50.166666666666664 1.0 53.0 1.0
Point 2 353.5 49.5 1.0 54.0 1.0
Point 3 353.5 49.5 1.0 55.0 1.0
Point 4 353.5 49.5 1.0 56.0 1.0
Point 5 353.5 49.5 1.0 57.0 1.0
Point 6 353.5 49.5 1.0 58.0 1.0
Point 7 351.5 50.166666666666664 1.0 59.0 1.0
Point 8 351.5 50.166666666666664 1.0 60.0 1.0
Point 9 351.5 48.833333333333336 1.0 61.0 1.0
Point 10 350.8333333333333 48.166666666666664 1.0 62.0 1.0
Point 11 351.5 46.166666666666664 1.0 63.0 1.0
Point 12 351.5 45.5 1.0 64.0 1.0
Point 13 351.5 45.5 1.0 65.0 1.0
Point 14 351.5 45.5 1.0 66.0 1.0
Point 15 351.5 45.5 1.0 67.0 1.0
Point 16 354.8333333333333 43.5 1.0 68.0 1.0
Point 17 355.5 42.833333333333336 1.0 69.0 1.0
Point 18 355.5 42.833333333333336 1.0 70.0 1.0
Point 19 355.5 42.833333333333336 1.0 71.0 1.0
Point 20 355.5 41.5 1.0 72.0 1.0
Point 21 355.5 41.5 1.0 73.0 1.0
Point 22 354.8333333333333 40.833333333333336 1.0 74.0 1.0
Point 23 355.5 38.166666666666664 1.0 75.0 1.0
Point 24 355.5 38.166666666666664 1.0 76.0 1.0
Point 25 355.5 38.166666666666664 1.0 77.0 1.0
Point 26 356.1666666666667 38.166666666666664 1.0 78.0 1.0
Point 27 356.1666666666667 38.166666666666664 1.0 79.0 1.0
Point 28 356.1666666666667 36.166666666666664 1.0 80.0 1.0
Point 29 356.8333333333333 36.166666666666664 1.0 81.0 1.0
Point 30 356.8333333333333 36.166666666666664 1.0 82.0 1.0
Point 31 356.8333333333333 36.166666666666664 1.0 83.0 1.0
Point 32 356.8333333333333 36.166666666666664 1.0 84.0 1.0
Point 33 357.5 34.833333333333336 1.0 85.0 1.0
Point 34 357.5 34.833333333333336 1.0 86.0 1.0
Point 35 358.1666666666667 32.833333333333336 1.0 87.0 1.0
Point 36 358.1666666666667 32.833333333333336 1.0 88.0 1.0
Point 37 358.1666666666667 32.833333333333336 1.0 89.0 1.0
Point 38 357.5 30.833333333333332 1.0 90.0 1.0
Point 39 357.5 30.833333333333332 1.0 91.0 1.0
Point 40 354.8333333333333 28.833333333333332 1.0 92.0 1.0
Point 41 353.5 28.166666666666668 1.0 93.0 1.0
Point 42 350.8333333333333 26.833333333333332 1.0 94.0 1.0
Point 43 350.1666666666667 26.166666666666668 1.0 95.0 1.0
Point 44 350.1666666666667 26.166666666666668 1.0 96.0 1.0
Point 45 350.8333333333333 23.5 1.0 97.0 1.0
Point 46 350.8333333333333 12.166666666666666 1.0 98.0 1.0
Point 47 345.5 13.5 1.0 99.0 1.0
Point 48 345.5 14.833333333333334 1.0 100.0 1.0
Point 49 346.1666666666667 16.166666666666668 1.0 101.0 1.0
Point 50 345.5 15.5 1.0 102.0 1.0
Point 51 344.1666666666667 14.833333333333334 1.0 103.0 1.0
Point 52 340.1666666666667 9.5 1.0 104.0 1.0
Point 53 341.5 6.833333333333333 1.0 105.0 1.0
End of MTrackJ Data File
