MTrackJ 1.5.1 Data File
Displaying true true true 2 0 0 0 100 10 0 0 0 0 1 12 0 true true true false
Assembly 1 FF0000
Cluster 1 FF0000
Track 1 FF0000 true
Point 1 337.5 109.5 1.0 1.0 2.0
Point 2 332.1666666666667 110.16666666666667 1.0 2.0 2.0
Point 3 330.8333333333333 108.83333333333333 1.0 3.0 2.0
Point 4 330.1666666666667 107.5 1.0 4.0 2.0
Point 5 330.1666666666667 106.16666666666667 1.0 5.0 2.0
Point 6 332.1666666666667 102.83333333333333 1.0 6.0 2.0
Point 7 331.5 106.16666666666667 1.0 7.0 2.0
Point 8 331.5 108.83333333333333 1.0 8.0 2.0
Point 9 334.1666666666667 102.16666666666667 1.0 9.0 2.0
Point 10 334.8333333333333 97.5 1.0 10.0 2.0
Point 11 337.5 92.16666666666667 1.0 11.0 2.0
Point 12 335.5 97.5 1.0 12.0 2.0
Point 13 330.8333333333333 103.5 1.0 13.0 2.0
Point 14 332.8333333333333 98.83333333333333 1.0 14.0 2.0
Point 15 334.8333333333333 93.5 1.0 15.0 2.0
Point 16 337.5 88.16666666666667 1.0 16.0 2.0
Point 17 342.1666666666667 81.5 1.0 17.0 2.0
Point 18 345.5 79.5 1.0 18.0 2.0
Point 19 344.1666666666667 80.83333333333333 1.0 19.0 2.0
Point 20 343.5 91.5 1.0 20.0 2.0
Point 21 342.8333333333333 90.16666666666667 1.0 21.0 2.0
Point 22 356.1666666666667 73.5 1.0 22.0 2.0
Point 23 358.1666666666667 74.83333333333333 1.0 23.0 2.0
Point 24 358.8333333333333 79.5 1.0 24.0 2.0
Point 25 360.8333333333333 76.16666666666667 1.0 25.0 2.0
Point 26 360.1666666666667 71.5 1.0 26.0 2.0
Point 27 364.1666666666667 72.16666666666667 1.0 27.0 2.0
Point 28 364.1666666666667 60.833333333333336 1.0 28.0 2.0
Point 29 361.5 59.5 1.0 29.0 2.0
Point 30 365.5 55.5 1.0 30.0 2.0
Point 31 361.5 64.16666666666667 1.0 31.0 2.0
Point 32 357.5 59.5 1.0 32.0 2.0
Point 33 363.5 61.5 1.0 33.0 2.0
Point 34 367.5 62.166666666666664 1.0 34.0 2.0
Point 35 360.1666666666667 59.5 1.0 35.0 2.0
Point 36 362.1666666666667 54.833333333333336 1.0 36.0 2.0
Point 37 360.1666666666667 57.5 1.0 37.0 2.0
Point 38 360.1666666666667 55.5 1.0 38.0 2.0
Point 39 359.5 56.166666666666664 1.0 39.0 2.0
Point 40 362.1666666666667 56.833333333333336 1.0 40.0 2.0
Point 41 359.5 55.5 1.0 41.0 2.0
Point 42 359.5 55.5 1.0 42.0 2.0
Point 43 356.1666666666667 58.166666666666664 1.0 43.0 2.0
Point 44 354.1666666666667 58.833333333333336 1.0 44.0 2.0
Point 45 354.1666666666667 56.166666666666664 1.0 45.0 2.0
Point 46 347.5 60.166666666666664 1.0 46.0 2.0
Point 47 341.5 61.5 1.0 47.0 2.0
Point 48 344.8333333333333 58.833333333333336 1.0 48.0 2.0
Point 49 346.1666666666667 55.5 1.0 49.0 2.0
Point 50 346.8333333333333 54.166666666666664 1.0 50.0 2.0
Point 51 346.8333333333333 53.5 1.0 51.0 2.0
Point 52 347.5 52.833333333333336 1.0 52.0 2.0
Point 53 344.8333333333333 52.833333333333336 1.0 53.0 2.0
Point 54 339.5 54.833333333333336 1.0 54.0 2.0
Point 55 335.5 55.5 1.0 55.0 2.0
Point 56 338.1666666666667 54.833333333333336 1.0 56.0 2.0
Point 57 330.8333333333333 55.5 1.0 57.0 2.0
Point 58 332.1666666666667 53.5 1.0 58.0 2.0
Point 59 337.5 52.166666666666664 1.0 59.0 2.0
Point 60 336.1666666666667 48.833333333333336 1.0 60.0 2.0
Point 61 336.8333333333333 51.5 1.0 61.0 2.0
Point 62 338.8333333333333 56.166666666666664 1.0 62.0 2.0
Point 63 340.8333333333333 52.833333333333336 1.0 63.0 2.0
Point 64 347.5 53.5 1.0 64.0 2.0
Point 65 340.1666666666667 56.166666666666664 1.0 65.0 2.0
Point 66 342.8333333333333 53.5 1.0 66.0 2.0
Point 67 348.8333333333333 50.166666666666664 1.0 67.0 2.0
Point 68 348.1666666666667 49.5 1.0 68.0 2.0
Point 69 350.8333333333333 51.5 1.0 69.0 2.0
Point 70 351.5 50.833333333333336 1.0 70.0 2.0
Point 71 350.8333333333333 51.5 1.0 71.0 2.0
Point 72 351.5 52.833333333333336 1.0 72.0 2.0
Point 73 359.5 52.166666666666664 1.0 73.0 2.0
Point 74 354.1666666666667 51.5 1.0 74.0 2.0
Point 75 359.5 48.833333333333336 1.0 75.0 2.0
Point 76 354.8333333333333 51.5 1.0 76.0 2.0
Point 77 358.8333333333333 51.5 1.0 77.0 2.0
Point 78 355.5 52.833333333333336 1.0 78.0 2.0
Point 79 357.5 52.833333333333336 1.0 79.0 2.0
Point 80 358.8333333333333 49.5 1.0 80.0 2.0
Point 81 352.8333333333333 50.833333333333336 1.0 81.0 2.0
Point 82 351.5 53.5 1.0 82.0 2.0
Point 83 351.5 52.833333333333336 1.0 83.0 2.0
Point 84 353.5 51.5 1.0 84.0 2.0
Point 85 352.1666666666667 50.166666666666664 1.0 85.0 2.0
Point 86 354.1666666666667 51.5 1.0 86.0 2.0
Point 87 354.8333333333333 50.166666666666664 1.0 87.0 2.0
Point 88 353.5 50.166666666666664 1.0 88.0 2.0
Point 89 353.5 42.833333333333336 1.0 89.0 2.0
Point 90 342.8333333333333 35.5 1.0 90.0 2.0
Point 91 338.8333333333333 30.166666666666668 1.0 91.0 2.0
Point 92 342.8333333333333 35.5 1.0 92.0 2.0
Point 93 336.1666666666667 25.5 1.0 93.0 2.0
Point 94 338.8333333333333 31.5 1.0 94.0 2.0
Point 95 340.1666666666667 38.166666666666664 1.0 95.0 2.0
Point 96 334.8333333333333 26.833333333333332 1.0 96.0 2.0
Point 97 324.8333333333333 22.833333333333332 1.0 97.0 2.0
Point 98 326.8333333333333 18.833333333333332 1.0 98.0 2.0
Point 99 328.1666666666667 29.5 1.0 99.0 2.0
Point 100 326.1666666666667 18.833333333333332 1.0 100.0 2.0
Point 101 316.8333333333333 2.1666666666666665 1.0 101.0 2.0
End of MTrackJ Data File
