MTrackJ 1.5.1 Data File
Displaying false true true 1 2 0 0 100 90 0 0 0 0 1 8 0 false false true false
Assembly 1 FF0000
Cluster 1 FF0000
Track 1 FF0000 true
Point 1 864.1666666666666 196.16666666666666 1.0 1.0 2.0
Point 2 866.1666666666666 190.83333333333334 1.0 2.0 2.0
Point 3 868.1666666666666 186.83333333333334 1.0 3.0 2.0
Point 4 874.8333333333334 182.83333333333334 1.0 4.0 2.0
Point 5 876.1666666666666 176.83333333333334 1.0 5.0 2.0
Point 6 877.5 172.83333333333334 1.0 6.0 2.0
Point 7 881.5 168.83333333333334 1.0 7.0 2.0
Point 8 882.1666666666666 167.5 1.0 8.0 2.0
Point 9 882.1666666666666 164.16666666666666 1.0 9.0 2.0
Point 10 883.5 160.83333333333334 1.0 10.0 2.0
Point 11 884.1666666666666 158.16666666666666 1.0 11.0 2.0
Point 12 884.8333333333334 155.5 1.0 12.0 2.0
Point 13 884.8333333333334 154.16666666666666 1.0 13.0 2.0
Point 14 885.5 153.5 1.0 14.0 2.0
Point 15 886.1666666666666 147.5 1.0 15.0 2.0
Point 16 886.1666666666666 145.5 1.0 16.0 2.0
Point 17 886.8333333333334 145.5 1.0 17.0 2.0
Point 18 889.5 144.83333333333334 1.0 18.0 2.0
Point 19 891.5 142.83333333333334 1.0 19.0 2.0
Point 20 893.5 140.16666666666666 1.0 20.0 2.0
Point 21 891.5 137.5 1.0 21.0 2.0
Point 22 893.5 136.83333333333334 1.0 22.0 2.0
Point 23 894.1666666666666 135.5 1.0 23.0 2.0
Point 24 892.1666666666666 134.83333333333334 1.0 24.0 2.0
Point 25 890.8333333333334 133.5 1.0 25.0 2.0
Point 26 886.8333333333334 130.83333333333334 1.0 26.0 2.0
Point 27 888.8333333333334 129.5 1.0 27.0 2.0
Point 28 888.1666666666666 128.83333333333334 1.0 28.0 2.0
Point 29 886.1666666666666 127.5 1.0 29.0 2.0
Point 30 886.8333333333334 128.16666666666666 1.0 30.0 2.0
Point 31 888.1666666666666 128.83333333333334 1.0 31.0 2.0
Point 32 889.5 128.16666666666666 1.0 32.0 2.0
Point 33 890.8333333333334 128.16666666666666 1.0 33.0 2.0
Point 34 890.8333333333334 126.16666666666667 1.0 34.0 2.0
Point 35 890.8333333333334 125.5 1.0 35.0 2.0
Point 36 890.8333333333334 125.5 1.0 36.0 2.0
Point 37 890.8333333333334 124.16666666666667 1.0 37.0 2.0
Point 38 889.5 120.83333333333333 1.0 38.0 2.0
Point 39 887.5 118.83333333333333 1.0 39.0 2.0
Point 40 886.1666666666666 117.5 1.0 40.0 2.0
Point 41 884.8333333333334 116.16666666666667 1.0 41.0 2.0
Point 42 883.5 114.83333333333333 1.0 42.0 2.0
Point 43 883.5 114.83333333333333 1.0 43.0 2.0
Point 44 882.8333333333334 114.16666666666667 1.0 44.0 2.0
Point 45 880.8333333333334 112.16666666666667 1.0 45.0 2.0
Point 46 880.1666666666666 112.16666666666667 1.0 46.0 2.0
Point 47 880.1666666666666 110.16666666666667 1.0 47.0 2.0
Point 48 878.8333333333334 108.83333333333333 1.0 48.0 2.0
Point 49 876.8333333333334 107.5 1.0 49.0 2.0
Point 50 875.5 105.5 1.0 50.0 2.0
Point 51 873.5 104.16666666666667 1.0 51.0 2.0
Point 52 873.5 104.16666666666667 1.0 52.0 2.0
Point 53 872.1666666666666 103.5 1.0 53.0 2.0
Point 54 870.8333333333334 100.16666666666667 1.0 54.0 2.0
Point 55 870.1666666666666 99.5 1.0 55.0 2.0
Point 56 869.5 99.5 1.0 56.0 2.0
Point 57 869.5 98.83333333333333 1.0 57.0 2.0
Point 58 870.8333333333334 98.83333333333333 1.0 58.0 2.0
Point 59 870.1666666666666 98.16666666666667 1.0 59.0 2.0
Point 60 869.5 98.16666666666667 1.0 60.0 2.0
Point 61 868.8333333333334 96.83333333333333 1.0 61.0 2.0
Point 62 868.1666666666666 96.83333333333333 1.0 62.0 2.0
Point 63 870.1666666666666 98.16666666666667 1.0 63.0 2.0
Point 64 871.5 98.83333333333333 1.0 64.0 2.0
Point 65 870.1666666666666 96.83333333333333 1.0 65.0 2.0
Point 66 869.5 96.83333333333333 1.0 66.0 2.0
Point 67 869.5 96.16666666666667 1.0 67.0 2.0
Point 68 869.5 95.5 1.0 68.0 2.0
Point 69 869.5 95.5 1.0 69.0 2.0
Point 70 869.5 95.5 1.0 70.0 2.0
Point 71 870.8333333333334 93.5 1.0 71.0 2.0
Point 72 868.1666666666666 92.83333333333333 1.0 72.0 2.0
Point 73 868.1666666666666 94.83333333333333 1.0 73.0 2.0
Point 74 868.8333333333334 94.83333333333333 1.0 74.0 2.0
Point 75 868.1666666666666 92.83333333333333 1.0 75.0 2.0
Point 76 869.5 92.16666666666667 1.0 76.0 2.0
Point 77 870.1666666666666 92.16666666666667 1.0 77.0 2.0
Point 78 870.1666666666666 92.16666666666667 1.0 78.0 2.0
Point 79 870.8333333333334 92.83333333333333 1.0 79.0 2.0
Point 80 872.8333333333334 94.83333333333333 1.0 80.0 2.0
Point 81 872.8333333333334 94.16666666666667 1.0 81.0 2.0
Point 82 869.5 90.83333333333333 1.0 82.0 2.0
Point 83 869.5 88.16666666666667 1.0 83.0 2.0
Point 84 870.8333333333334 88.16666666666667 1.0 84.0 2.0
Point 85 868.1666666666666 87.5 1.0 85.0 2.0
Point 86 864.8333333333334 86.83333333333333 1.0 86.0 2.0
Point 87 863.5 85.5 1.0 87.0 2.0
Point 88 860.1666666666666 80.16666666666667 1.0 88.0 2.0
Point 89 859.5 80.83333333333333 1.0 89.0 2.0
Point 90 859.5 80.16666666666667 1.0 90.0 2.0
Point 91 859.5 79.5 1.0 91.0 2.0
Point 92 858.8333333333334 78.16666666666667 1.0 92.0 2.0
Point 93 858.8333333333334 78.16666666666667 1.0 93.0 2.0
Point 94 858.1666666666666 78.16666666666667 1.0 94.0 2.0
Point 95 859.5 76.16666666666667 1.0 95.0 2.0
Point 96 859.5 78.16666666666667 1.0 96.0 2.0
Point 97 861.5 78.16666666666667 1.0 97.0 2.0
Point 98 864.1666666666666 80.16666666666667 1.0 98.0 2.0
Point 99 866.8333333333334 78.83333333333333 1.0 99.0 2.0
Point 100 866.8333333333334 78.16666666666667 1.0 100.0 2.0
Point 101 866.8333333333334 77.5 1.0 101.0 2.0
Point 102 866.1666666666666 75.5 1.0 102.0 2.0
Point 103 865.5 75.5 1.0 103.0 2.0
Point 104 868.8333333333334 79.5 1.0 104.0 2.0
Point 105 869.5 78.16666666666667 1.0 105.0 2.0
Point 106 868.1666666666666 76.83333333333333 1.0 106.0 2.0
Point 107 867.5 78.16666666666667 1.0 107.0 2.0
Point 108 868.8333333333334 79.5 1.0 108.0 2.0
Point 109 868.8333333333334 80.83333333333333 1.0 109.0 2.0
Point 110 869.5 82.16666666666667 1.0 110.0 2.0
Point 111 865.5 79.5 1.0 111.0 2.0
Point 112 863.5 76.83333333333333 1.0 112.0 2.0
Point 113 861.5 74.16666666666667 1.0 113.0 2.0
Point 114 860.8333333333334 72.83333333333333 1.0 114.0 2.0
Point 115 860.1666666666666 72.16666666666667 1.0 115.0 2.0
Point 116 859.5 70.83333333333333 1.0 116.0 2.0
Point 117 858.1666666666666 70.83333333333333 1.0 117.0 2.0
Point 118 854.1666666666666 66.16666666666667 1.0 118.0 2.0
Point 119 858.8333333333334 67.5 1.0 119.0 2.0
Point 120 856.8333333333334 67.5 1.0 120.0 2.0
Point 121 856.1666666666666 66.83333333333333 1.0 121.0 2.0
Point 122 857.5 66.16666666666667 1.0 122.0 2.0
Point 123 856.8333333333334 64.83333333333333 1.0 123.0 2.0
Point 124 857.5 64.83333333333333 1.0 124.0 2.0
Point 125 855.5 62.833333333333336 1.0 125.0 2.0
Point 126 854.1666666666666 62.833333333333336 1.0 126.0 2.0
Point 127 854.1666666666666 62.833333333333336 1.0 127.0 2.0
Point 128 855.5 62.166666666666664 1.0 128.0 2.0
Point 129 856.1666666666666 60.833333333333336 1.0 129.0 2.0
Point 130 854.8333333333334 60.833333333333336 1.0 130.0 2.0
Point 131 853.5 59.5 1.0 131.0 2.0
Point 132 851.5 58.833333333333336 1.0 132.0 2.0
Point 133 851.5 58.166666666666664 1.0 133.0 2.0
Point 134 850.8333333333334 57.5 1.0 134.0 2.0
Point 135 853.5 57.5 1.0 135.0 2.0
Point 136 853.5 58.166666666666664 1.0 136.0 2.0
Point 137 855.5 58.166666666666664 1.0 137.0 2.0
Point 138 855.5 59.5 1.0 138.0 2.0
Point 139 854.8333333333334 58.833333333333336 1.0 139.0 2.0
Point 140 855.5 60.166666666666664 1.0 140.0 2.0
Point 141 855.5 59.5 1.0 141.0 2.0
Point 142 855.5 60.166666666666664 1.0 142.0 2.0
Point 143 855.5 60.166666666666664 1.0 143.0 2.0
Point 144 855.5 58.833333333333336 1.0 144.0 2.0
Point 145 858.1666666666666 58.166666666666664 1.0 145.0 2.0
Point 146 857.5 56.833333333333336 1.0 146.0 2.0
Point 147 857.5 55.5 1.0 147.0 2.0
Point 148 856.8333333333334 54.833333333333336 1.0 148.0 2.0
Point 149 856.8333333333334 52.833333333333336 1.0 149.0 2.0
Point 150 857.5 50.833333333333336 1.0 150.0 2.0
Point 151 857.5 50.833333333333336 1.0 151.0 2.0
Point 152 858.1666666666666 50.833333333333336 1.0 152.0 2.0
Point 153 857.5 48.833333333333336 1.0 153.0 2.0
Point 154 858.8333333333334 48.833333333333336 1.0 154.0 2.0
Point 155 858.8333333333334 48.833333333333336 1.0 155.0 2.0
Point 156 857.5 48.166666666666664 1.0 156.0 2.0
Point 157 856.1666666666666 47.5 1.0 157.0 2.0
Point 158 854.8333333333334 48.166666666666664 1.0 158.0 2.0
Point 159 854.1666666666666 48.166666666666664 1.0 159.0 2.0
Point 160 854.8333333333334 48.833333333333336 1.0 160.0 2.0
Point 161 854.1666666666666 48.166666666666664 1.0 161.0 2.0
Point 162 854.1666666666666 47.5 1.0 162.0 2.0
Point 163 854.1666666666666 46.833333333333336 1.0 163.0 2.0
Point 164 853.5 46.166666666666664 1.0 164.0 2.0
Point 165 853.5 46.166666666666664 1.0 165.0 2.0
Point 166 852.1666666666666 46.166666666666664 1.0 166.0 2.0
Point 167 850.1666666666666 43.5 1.0 167.0 2.0
Point 168 849.5 42.833333333333336 1.0 168.0 2.0
Point 169 849.5 43.5 1.0 169.0 2.0
Point 170 852.1666666666666 45.5 1.0 170.0 2.0
Point 171 854.8333333333334 47.5 1.0 171.0 2.0
Point 172 854.8333333333334 47.5 1.0 172.0 2.0
Point 173 851.5 44.833333333333336 1.0 173.0 2.0
Point 174 849.5 44.833333333333336 1.0 174.0 2.0
Point 175 848.8333333333334 43.5 1.0 175.0 2.0
Point 176 845.5 42.833333333333336 1.0 176.0 2.0
Point 177 846.1666666666666 41.5 1.0 177.0 2.0
Point 178 846.8333333333334 41.5 1.0 178.0 2.0
Point 179 848.8333333333334 42.833333333333336 1.0 179.0 2.0
Point 180 846.1666666666666 42.166666666666664 1.0 180.0 2.0
Point 181 845.5 41.5 1.0 181.0 2.0
Point 182 846.8333333333334 42.833333333333336 1.0 182.0 2.0
Point 183 846.8333333333334 42.833333333333336 1.0 183.0 2.0
Point 184 846.8333333333334 42.833333333333336 1.0 184.0 2.0
Point 185 845.5 41.5 1.0 185.0 2.0
Point 186 844.8333333333334 41.5 1.0 186.0 2.0
Point 187 844.8333333333334 41.5 1.0 187.0 2.0
Point 188 845.5 42.833333333333336 1.0 188.0 2.0
Point 189 844.8333333333334 41.5 1.0 189.0 2.0
Point 190 844.8333333333334 41.5 1.0 190.0 2.0
Point 191 844.8333333333334 36.833333333333336 1.0 191.0 2.0
Point 192 844.8333333333334 38.166666666666664 1.0 192.0 2.0
Point 193 844.8333333333334 38.833333333333336 1.0 193.0 2.0
Point 194 844.8333333333334 39.5 1.0 194.0 2.0
Point 195 844.8333333333334 40.166666666666664 1.0 195.0 2.0
Point 196 845.5 40.833333333333336 1.0 196.0 2.0
Point 197 846.8333333333334 42.166666666666664 1.0 197.0 2.0
Point 198 846.1666666666666 41.5 1.0 198.0 2.0
Point 199 846.1666666666666 40.166666666666664 1.0 199.0 2.0
Point 200 844.8333333333334 40.166666666666664 1.0 200.0 2.0
Point 201 842.8333333333334 40.833333333333336 1.0 201.0 2.0
Point 202 842.8333333333334 40.833333333333336 1.0 202.0 2.0
Point 203 843.5 40.166666666666664 1.0 203.0 2.0
Point 204 844.8333333333334 40.833333333333336 1.0 204.0 2.0
Point 205 844.8333333333334 40.833333333333336 1.0 205.0 2.0
Point 206 845.5 40.833333333333336 1.0 206.0 2.0
Point 207 847.5 42.833333333333336 1.0 207.0 2.0
Point 208 847.5 42.833333333333336 1.0 208.0 2.0
Point 209 849.5 44.833333333333336 1.0 209.0 2.0
Point 210 851.5 42.833333333333336 1.0 210.0 2.0
Point 211 852.1666666666666 42.833333333333336 1.0 211.0 2.0
Point 212 851.5 42.833333333333336 1.0 212.0 2.0
Point 213 852.1666666666666 44.166666666666664 1.0 213.0 2.0
Point 214 854.1666666666666 45.5 1.0 214.0 2.0
Point 215 858.8333333333334 47.5 1.0 215.0 2.0
Point 216 862.1666666666666 48.833333333333336 1.0 216.0 2.0
Point 217 860.1666666666666 49.5 1.0 217.0 2.0
Point 218 860.1666666666666 47.5 1.0 218.0 2.0
Point 219 859.5 44.833333333333336 1.0 219.0 2.0
Point 220 855.5 44.833333333333336 1.0 220.0 2.0
Point 221 853.5 42.833333333333336 1.0 221.0 2.0
Point 222 853.5 41.5 1.0 222.0 2.0
Point 223 850.8333333333334 42.166666666666664 1.0 223.0 2.0
Point 224 849.5 40.833333333333336 1.0 224.0 2.0
End of MTrackJ Data File
