MTrackJ 1.5.1 Data File
Displaying true true true 2 0 0 0 100 10 0 0 0 0 1 12 0 true true true false
Assembly 1 FF0000
Cluster 1 FF0000
Track 1 FF0000 true
Point 1 961.8333333333334 287.5 1.0 1.0 3.0
Point 2 960.5 282.8333333333333 1.0 2.0 3.0
Point 3 967.1666666666666 278.1666666666667 1.0 3.0 3.0
Point 4 965.8333333333334 267.5 1.0 4.0 3.0
Point 5 964.5 256.1666666666667 1.0 5.0 3.0
Point 6 964.5 254.16666666666666 1.0 6.0 3.0
Point 7 966.5 244.83333333333334 1.0 7.0 3.0
Point 8 960.5 229.5 1.0 8.0 3.0
Point 9 943.8333333333333 212.83333333333334 1.0 9.0 3.0
Point 10 938.5 204.16666666666666 1.0 10.0 3.0
Point 11 937.8333333333333 200.83333333333334 1.0 11.0 3.0
Point 12 933.8333333333333 194.83333333333334 1.0 12.0 3.0
Point 13 925.1666666666667 186.16666666666666 1.0 13.0 3.0
Point 14 930.5 188.16666666666666 1.0 14.0 3.0
Point 15 935.1666666666667 189.5 1.0 15.0 3.0
Point 16 951.8333333333333 198.83333333333334 1.0 16.0 3.0
Point 17 957.1666666666667 204.16666666666666 1.0 17.0 3.0
Point 18 961.8333333333334 202.16666666666666 1.0 18.0 3.0
Point 19 955.1666666666667 197.5 1.0 19.0 3.0
Point 20 942.5 180.83333333333334 1.0 20.0 3.0
Point 21 937.8333333333333 174.16666666666666 1.0 21.0 3.0
Point 22 933.1666666666667 165.5 1.0 22.0 3.0
Point 23 927.1666666666667 163.5 1.0 23.0 3.0
Point 24 930.5 163.5 1.0 24.0 3.0
Point 25 927.8333333333333 162.83333333333334 1.0 25.0 3.0
Point 26 933.1666666666667 158.83333333333334 1.0 26.0 3.0
Point 27 931.1666666666667 158.83333333333334 1.0 27.0 3.0
Point 28 932.5 160.16666666666666 1.0 28.0 3.0
Point 29 921.8333333333333 155.5 1.0 29.0 3.0
Point 30 944.5 160.83333333333334 1.0 30.0 3.0
Point 31 920.5 144.83333333333334 1.0 31.0 3.0
Point 32 910.5 142.16666666666666 1.0 32.0 3.0
Point 33 904.5 140.83333333333334 1.0 33.0 3.0
Point 34 905.1666666666667 139.5 1.0 34.0 3.0
Point 35 901.1666666666667 134.83333333333334 1.0 35.0 3.0
Point 36 914.5 135.5 1.0 36.0 3.0
Point 37 917.1666666666667 138.16666666666666 1.0 37.0 3.0
Point 38 919.8333333333333 143.5 1.0 38.0 3.0
Point 39 923.8333333333333 146.16666666666666 1.0 39.0 3.0
Point 40 920.5 144.16666666666666 1.0 40.0 3.0
Point 41 917.1666666666667 140.16666666666666 1.0 41.0 3.0
Point 42 913.1666666666667 138.83333333333334 1.0 42.0 3.0
Point 43 915.1666666666667 138.16666666666666 1.0 43.0 3.0
Point 44 917.8333333333333 138.83333333333334 1.0 44.0 3.0
Point 45 919.1666666666667 140.83333333333334 1.0 45.0 3.0
Point 46 918.5 140.16666666666666 1.0 46.0 3.0
Point 47 915.1666666666667 139.5 1.0 47.0 3.0
Point 48 917.8333333333333 136.83333333333334 1.0 48.0 3.0
Point 49 911.1666666666667 132.16666666666666 1.0 49.0 3.0
Point 50 912.5 127.5 1.0 50.0 3.0
Point 51 908.5 127.5 1.0 51.0 3.0
Point 52 914.5 134.83333333333334 1.0 52.0 3.0
Point 53 916.5 132.83333333333334 1.0 53.0 3.0
Point 54 917.8333333333333 129.5 1.0 54.0 3.0
Point 55 910.5 127.5 1.0 55.0 3.0
Point 56 913.8333333333333 128.83333333333334 1.0 56.0 3.0
Point 57 916.5 127.5 1.0 57.0 3.0
Point 58 911.8333333333333 129.5 1.0 58.0 3.0
Point 59 917.1666666666667 131.5 1.0 59.0 3.0
Point 60 913.1666666666667 133.5 1.0 60.0 3.0
Point 61 916.5 134.16666666666666 1.0 61.0 3.0
Point 62 908.5 138.83333333333334 1.0 62.0 3.0
Point 63 912.5 151.5 1.0 63.0 3.0
Point 64 911.1666666666667 161.5 1.0 64.0 3.0
Point 65 911.8333333333333 169.5 1.0 65.0 3.0
Point 66 921.1666666666667 180.16666666666666 1.0 66.0 3.0
Point 67 922.5 173.5 1.0 67.0 3.0
Point 68 921.1666666666667 170.16666666666666 1.0 68.0 3.0
Point 69 910.5 158.83333333333334 1.0 69.0 3.0
Point 70 905.1666666666667 148.16666666666666 1.0 70.0 3.0
Point 71 901.8333333333333 134.83333333333334 1.0 71.0 3.0
Point 72 899.8333333333333 139.5 1.0 72.0 3.0
Point 73 903.1666666666667 142.83333333333334 1.0 73.0 3.0
Point 74 895.1666666666667 134.16666666666666 1.0 74.0 3.0
Point 75 898.5 127.5 1.0 75.0 3.0
Point 76 899.8333333333333 133.5 1.0 76.0 3.0
Point 77 901.1666666666667 132.83333333333334 1.0 77.0 3.0
Point 78 905.1666666666667 126.16666666666667 1.0 78.0 3.0
Point 79 910.5 122.83333333333333 1.0 79.0 3.0
Point 80 919.8333333333333 129.5 1.0 80.0 3.0
Point 81 912.5 126.83333333333333 1.0 81.0 3.0
Point 82 899.1666666666667 120.16666666666667 1.0 82.0 3.0
Point 83 900.5 120.16666666666667 1.0 83.0 3.0
Point 84 895.8333333333333 116.83333333333333 1.0 84.0 3.0
Point 85 899.8333333333333 117.5 1.0 85.0 3.0
Point 86 889.1666666666667 113.5 1.0 86.0 3.0
Point 87 887.8333333333333 110.16666666666667 1.0 87.0 3.0
Point 88 885.1666666666667 111.5 1.0 88.0 3.0
Point 89 895.1666666666667 112.16666666666667 1.0 89.0 3.0
Point 90 891.1666666666667 113.5 1.0 90.0 3.0
Point 91 880.5 110.83333333333333 1.0 91.0 3.0
Point 92 879.8333333333333 110.16666666666667 1.0 92.0 3.0
Point 93 880.5 110.83333333333333 1.0 93.0 3.0
Point 94 885.8333333333333 113.5 1.0 94.0 3.0
Point 95 891.1666666666667 119.5 1.0 95.0 3.0
Point 96 898.5 130.83333333333334 1.0 96.0 3.0
Point 97 895.1666666666667 130.16666666666666 1.0 97.0 3.0
Point 98 897.1666666666667 132.83333333333334 1.0 98.0 3.0
Point 99 898.5 138.16666666666666 1.0 99.0 3.0
Point 100 896.5 139.5 1.0 100.0 3.0
Point 101 896.5 137.5 1.0 101.0 3.0
Point 102 893.8333333333333 129.5 1.0 102.0 3.0
Point 103 893.1666666666667 128.16666666666666 1.0 103.0 3.0
Point 104 895.8333333333333 132.83333333333334 1.0 104.0 3.0
Point 105 898.5 132.16666666666666 1.0 105.0 3.0
Point 106 899.1666666666667 132.16666666666666 1.0 106.0 3.0
Point 107 893.8333333333333 126.83333333333333 1.0 107.0 3.0
Point 108 894.5 129.5 1.0 108.0 3.0
Point 109 892.5 120.83333333333333 1.0 109.0 3.0
Point 110 887.1666666666667 120.83333333333333 1.0 110.0 3.0
Point 111 886.5 117.5 1.0 111.0 3.0
Point 112 886.5 118.16666666666667 1.0 112.0 3.0
Point 113 887.8333333333333 114.83333333333333 1.0 113.0 3.0
Point 114 887.1666666666667 115.5 1.0 114.0 3.0
Point 115 887.1666666666667 116.16666666666667 1.0 115.0 3.0
Point 116 887.1666666666667 114.83333333333333 1.0 116.0 3.0
Point 117 885.1666666666667 114.16666666666667 1.0 117.0 3.0
Point 118 886.5 112.16666666666667 1.0 118.0 3.0
Point 119 885.1666666666667 102.83333333333333 1.0 119.0 3.0
Point 120 885.1666666666667 102.83333333333333 1.0 120.0 3.0
Point 121 885.8333333333333 102.83333333333333 1.0 121.0 3.0
Point 122 889.1666666666667 102.83333333333333 1.0 122.0 3.0
Point 123 886.5 104.16666666666667 1.0 123.0 3.0
Point 124 901.1666666666667 88.16666666666667 1.0 124.0 3.0
Point 125 889.8333333333333 91.5 1.0 125.0 3.0
Point 126 893.1666666666667 88.83333333333333 1.0 126.0 3.0
Point 127 889.8333333333333 90.16666666666667 1.0 127.0 3.0
Point 128 896.5 86.16666666666667 1.0 128.0 3.0
Point 129 881.1666666666667 90.83333333333333 1.0 129.0 3.0
Point 130 878.5 92.16666666666667 1.0 130.0 3.0
Point 131 877.8333333333333 94.16666666666667 1.0 131.0 3.0
Point 132 873.8333333333333 97.5 1.0 132.0 3.0
Point 133 872.5 94.83333333333333 1.0 133.0 3.0
Point 134 875.8333333333333 99.5 1.0 134.0 3.0
Point 135 881.8333333333333 106.83333333333333 1.0 135.0 3.0
Point 136 868.5 107.5 1.0 136.0 3.0
Point 137 876.5 106.16666666666667 1.0 137.0 3.0
Point 138 879.1666666666667 106.16666666666667 1.0 138.0 3.0
Point 139 881.1666666666667 112.83333333333333 1.0 139.0 3.0
Point 140 880.5 106.16666666666667 1.0 140.0 3.0
Point 141 885.8333333333333 107.5 1.0 141.0 3.0
Point 142 885.8333333333333 111.5 1.0 142.0 3.0
Point 143 891.8333333333333 123.5 1.0 143.0 3.0
Point 144 891.1666666666667 127.5 1.0 144.0 3.0
Point 145 891.8333333333333 116.83333333333333 1.0 145.0 3.0
Point 146 887.8333333333333 114.83333333333333 1.0 146.0 3.0
Point 147 888.5 122.83333333333333 1.0 147.0 3.0
Point 148 887.8333333333333 119.5 1.0 148.0 3.0
Point 149 891.1666666666667 118.16666666666667 1.0 149.0 3.0
Point 150 882.5 132.16666666666666 1.0 150.0 3.0
Point 151 889.1666666666667 132.83333333333334 1.0 151.0 3.0
Point 152 894.5 123.5 1.0 152.0 3.0
Point 153 892.5 122.16666666666667 1.0 153.0 3.0
Point 154 886.5 116.16666666666667 1.0 154.0 3.0
Point 155 886.5 114.16666666666667 1.0 155.0 3.0
Point 156 888.5 112.16666666666667 1.0 156.0 3.0
Point 157 882.5 119.5 1.0 157.0 3.0
Point 158 887.1666666666667 118.83333333333333 1.0 158.0 3.0
Point 159 883.1666666666667 117.5 1.0 159.0 3.0
Point 160 882.5 126.16666666666667 1.0 160.0 3.0
Point 161 884.5 125.5 1.0 161.0 3.0
Point 162 885.1666666666667 111.5 1.0 162.0 3.0
Point 163 886.5 102.16666666666667 1.0 163.0 3.0
Point 164 884.5 104.83333333333333 1.0 164.0 3.0
Point 165 885.8333333333333 105.5 1.0 165.0 3.0
Point 166 887.8333333333333 110.16666666666667 1.0 166.0 3.0
Point 167 888.5 112.83333333333333 1.0 167.0 3.0
Point 168 887.1666666666667 108.16666666666667 1.0 168.0 3.0
Point 169 888.5 112.83333333333333 1.0 169.0 3.0
Point 170 887.8333333333333 122.83333333333333 1.0 170.0 3.0
Point 171 884.5 131.5 1.0 171.0 3.0
Point 172 880.5 122.83333333333333 1.0 172.0 3.0
Point 173 877.8333333333333 111.5 1.0 173.0 3.0
Point 174 884.5 104.83333333333333 1.0 174.0 3.0
Point 175 876.5 101.5 1.0 175.0 3.0
Point 176 881.1666666666667 97.5 1.0 176.0 3.0
Point 177 877.1666666666667 94.16666666666667 1.0 177.0 3.0
Point 178 879.1666666666667 89.5 1.0 178.0 3.0
Point 179 875.8333333333333 92.16666666666667 1.0 179.0 3.0
Point 180 874.5 94.16666666666667 1.0 180.0 3.0
Point 181 877.1666666666667 94.16666666666667 1.0 181.0 3.0
Point 182 875.8333333333333 92.16666666666667 1.0 182.0 3.0
Point 183 877.1666666666667 92.16666666666667 1.0 183.0 3.0
Point 184 877.8333333333333 92.83333333333333 1.0 184.0 3.0
Point 185 877.8333333333333 93.5 1.0 185.0 3.0
Point 186 877.8333333333333 93.5 1.0 186.0 3.0
Point 187 870.5 89.5 1.0 187.0 3.0
Point 188 861.8333333333333 90.83333333333333 1.0 188.0 3.0
Point 189 865.8333333333333 91.5 1.0 189.0 3.0
Point 190 869.1666666666667 75.5 1.0 190.0 3.0
End of MTrackJ Data File
