MTrackJ 1.5.1 Data File
Displaying false true true 1 2 0 0 95 8 0 0 0 0 1 10 0 false true true false
Assembly 1 FF0000
Cluster 1 FF0000
Track 1 FF0000 true
Point 39 787.0 1033.0 1.0 1.0 1.0
Point 40 808.0 1026.0 1.0 2.0 1.0
Point 41 821.0 1013.0 1.0 3.0 1.0
Point 42 818.0 1013.0 1.0 4.0 1.0
Point 43 822.0 1005.0 1.0 5.0 1.0
Point 44 821.0 1015.0 1.0 6.0 1.0
Point 45 824.0 1020.0 1.0 7.0 1.0
Point 63 835.0 1010.0 1.0 8.0 1.0
Point 46 825.0 1006.0 1.0 9.0 1.0
Point 47 826.0 1001.0 1.0 10.0 1.0
Point 48 837.0 998.0 1.0 11.0 1.0
Point 49 833.0 996.0 1.0 12.0 1.0
Point 50 848.0 994.0 1.0 13.0 1.0
Point 51 829.0 1006.0 1.0 14.0 1.0
Point 52 839.0 1015.0 1.0 15.0 1.0
Point 53 845.0 1018.0 1.0 16.0 1.0
Point 54 856.0 1030.0 1.0 17.0 1.0
Point 55 890.0 1022.0 1.0 18.0 1.0
Point 56 883.0 1021.0 1.0 19.0 1.0
Point 57 889.0 1028.0 1.0 20.0 1.0
Point 58 895.0 1022.0 1.0 21.0 1.0
Point 59 896.0 1023.0 1.0 22.0 1.0
Point 60 898.0 1030.0 1.0 23.0 1.0
Point 62 901.0 1035.0 1.0 24.0 1.0
Point 61 903.0 1030.0 1.0 25.0 1.0
Point 38 896.0 1027.0 1.0 26.0 1.0
Point 1 871.0 1047.0 1.0 27.0 1.0
Point 2 879.0 1042.0 1.0 28.0 1.0
Point 3 867.0 1038.0 1.0 29.0 1.0
Point 4 891.0 1043.0 1.0 30.0 1.0
Point 5 902.0 1038.0 1.0 31.0 1.0
Point 6 906.0 1039.0 1.0 32.0 1.0
Point 7 913.0 1041.0 1.0 33.0 1.0
Point 8 919.0 1037.0 1.0 34.0 1.0
Point 9 916.0 1032.0 1.0 35.0 1.0
Point 10 915.0 1031.0 1.0 36.0 1.0
Point 11 917.0 1034.0 1.0 37.0 1.0
Point 12 919.0 1027.0 1.0 38.0 1.0
Point 13 916.0 1028.0 1.0 39.0 1.0
Point 14 915.0 1033.0 1.0 40.0 1.0
Point 15 914.0 1028.0 1.0 41.0 1.0
Point 16 920.0 1028.0 1.0 42.0 1.0
Point 17 930.0 1040.0 1.0 43.0 1.0
Point 18 930.0 1069.0 1.0 44.0 1.0
Point 19 914.0 1075.0 1.0 45.0 1.0
Point 20 891.0 1082.0 1.0 46.0 1.0
Point 21 879.0 1105.0 1.0 47.0 1.0
Point 22 887.0 1100.0 1.0 48.0 1.0
Point 23 908.0 1077.0 1.0 49.0 1.0
Point 24 905.0 1072.0 1.0 50.0 1.0
Point 25 914.0 1069.0 1.0 51.0 1.0
Point 64 913.0 1063.0 1.0 52.0 1.0
Point 26 908.0 1058.0 1.0 53.0 1.0
Point 27 908.0 1053.0 1.0 54.0 1.0
Point 28 904.0 1048.0 1.0 55.0 1.0
Point 29 906.0 1048.0 1.0 56.0 1.0
Point 30 908.0 1046.0 1.0 57.0 1.0
Point 31 908.0 1059.0 1.0 58.0 1.0
Point 32 909.0 1048.0 1.0 59.0 1.0
Point 33 915.0 1052.0 1.0 60.0 1.0
Point 34 908.0 1046.0 1.0 61.0 1.0
Point 35 904.0 1066.0 1.0 62.0 1.0
Point 36 906.0 1060.0 1.0 63.0 1.0
Point 37 907.0 1059.0 1.0 64.0 1.0
Point 84 902.0 1066.0 1.0 65.0 1.0
Point 83 905.0 1065.0 1.0 66.0 1.0
Point 65 907.0 1061.0 1.0 67.0 1.0
Point 66 906.0 1045.0 1.0 68.0 1.0
Point 67 909.0 1030.0 1.0 69.0 1.0
Point 68 912.0 1028.0 1.0 70.0 1.0
Point 69 910.0 1032.0 1.0 71.0 1.0
Point 85 914.0 1020.0 1.0 72.0 1.0
Point 86 911.0 1020.0 1.0 73.0 1.0
Point 70 909.0 1022.0 1.0 74.0 1.0
Point 71 909.0 1026.0 1.0 75.0 1.0
Point 72 904.0 1062.0 1.0 76.0 1.0
Point 73 893.0 1072.0 1.0 77.0 1.0
Point 74 900.0 1070.0 1.0 78.0 1.0
Point 75 907.0 1064.0 1.0 79.0 1.0
Point 76 910.0 1052.0 1.0 80.0 1.0
Point 77 880.0 1109.0 1.0 81.0 1.0
Point 78 881.0 1117.0 1.0 82.0 1.0
Point 79 892.0 1079.0 1.0 83.0 1.0
Point 80 899.0 1050.0 1.0 84.0 1.0
Point 81 899.0 1070.0 1.0 85.0 1.0
Point 82 885.0 1099.0 1.0 86.0 1.0
Point 87 907.0 1063.0 1.0 87.0 1.0
Point 88 911.0 1058.0 1.0 88.0 1.0
Point 89 909.0 1061.0 1.0 89.0 1.0
Point 90 906.0 1062.0 1.0 90.0 1.0
Point 91 901.0 1070.0 1.0 91.0 1.0
Point 92 893.0 1083.0 1.0 92.0 1.0
Point 93 905.0 1056.0 1.0 93.0 1.0
End of MTrackJ Data File
