MTrackJ 1.5.1 Data File
Displaying false true true 2 2 0 0 95 80 0 0 0 0 1 10 0 false true true false
Assembly 1 FF0000
Cluster 1 FF0000
Track 1 FF0000 true
Point 1 809.5 1013.8333333333333 1.0 1.0 1.0
Point 2 810.1666666666667 1013.1666666666667 1.0 2.0 1.0
Point 3 807.5 1012.5 1.0 3.0 1.0
Point 4 811.5 1011.1666666666667 1.0 4.0 1.0
Point 5 814.1666666666667 1010.5 1.0 5.0 1.0
Point 6 819.5 1010.5 1.0 6.0 1.0
Point 7 822.8333333333333 1008.5 1.0 7.0 1.0
Point 8 832.1666666666667 1009.8333333333333 1.0 8.0 1.0
Point 9 831.5 1008.5 1.0 9.0 1.0
Point 10 847.5 1014.5 1.0 10.0 1.0
Point 11 852.1666666666667 1013.1666666666667 1.0 11.0 1.0
Point 12 858.8333333333333 1013.8333333333333 1.0 12.0 1.0
Point 13 863.5 1016.5 1.0 13.0 1.0
Point 14 868.8333333333333 1015.1666666666667 1.0 14.0 1.0
Point 15 874.8333333333333 1012.5 1.0 15.0 1.0
Point 16 876.1666666666667 1013.8333333333333 1.0 16.0 1.0
Point 17 884.1666666666667 1018.5 1.0 17.0 1.0
Point 18 888.8333333333333 1019.1666666666667 1.0 18.0 1.0
Point 19 890.1666666666667 1021.8333333333333 1.0 19.0 1.0
Point 20 887.5 1019.1666666666667 1.0 20.0 1.0
Point 21 892.1666666666667 1022.5 1.0 21.0 1.0
Point 22 894.8333333333333 1021.1666666666667 1.0 22.0 1.0
Point 23 899.5 1023.8333333333333 1.0 23.0 1.0
Point 24 901.5 1025.1666666666667 1.0 24.0 1.0
Point 25 904.1666666666667 1027.1666666666667 1.0 25.0 1.0
Point 26 901.5 1025.8333333333333 1.0 26.0 1.0
Point 27 898.8333333333333 1029.8333333333333 1.0 27.0 1.0
Point 28 900.1666666666667 1029.8333333333333 1.0 28.0 1.0
Point 29 904.8333333333333 1028.5 1.0 29.0 1.0
Point 30 906.1666666666667 1030.5 1.0 30.0 1.0
Point 31 909.5 1035.1666666666667 1.0 31.0 1.0
Point 32 909.5 1030.5 1.0 32.0 1.0
Point 33 909.5 1031.8333333333333 1.0 33.0 1.0
Point 34 910.1666666666667 1029.8333333333333 1.0 34.0 1.0
Point 35 913.5 1031.1666666666667 1.0 35.0 1.0
Point 36 911.5 1033.1666666666667 1.0 36.0 1.0
Point 37 910.1666666666667 1035.1666666666667 1.0 37.0 1.0
Point 38 913.5 1034.5 1.0 38.0 1.0
Point 39 915.5 1035.1666666666667 1.0 39.0 1.0
Point 40 914.8333333333333 1033.8333333333333 1.0 40.0 1.0
Point 41 915.5 1037.1666666666667 1.0 41.0 1.0
Point 42 918.1666666666667 1036.5 1.0 42.0 1.0
Point 43 920.1666666666667 1035.8333333333333 1.0 43.0 1.0
Point 44 922.1666666666667 1039.8333333333333 1.0 44.0 1.0
Point 45 920.8333333333333 1043.8333333333333 1.0 45.0 1.0
Point 46 921.5 1048.5 1.0 46.0 1.0
Point 47 919.5 1055.1666666666667 1.0 47.0 1.0
Point 48 918.8333333333333 1055.8333333333333 1.0 48.0 1.0
Point 49 919.5 1053.8333333333333 1.0 49.0 1.0
Point 50 914.8333333333333 1054.5 1.0 50.0 1.0
Point 51 918.1666666666667 1053.1666666666667 1.0 51.0 1.0
Point 52 918.8333333333333 1049.1666666666667 1.0 52.0 1.0
Point 53 920.1666666666667 1045.1666666666667 1.0 53.0 1.0
Point 54 922.8333333333333 1043.8333333333333 1.0 54.0 1.0
Point 55 922.1666666666667 1040.5 1.0 55.0 1.0
Point 56 922.1666666666667 1038.5 1.0 56.0 1.0
Point 57 921.5 1038.5 1.0 57.0 1.0
Point 58 921.5 1039.1666666666667 1.0 58.0 1.0
Point 59 921.5 1038.5 1.0 59.0 1.0
Point 60 924.1666666666667 1038.5 1.0 60.0 1.0
Point 61 923.5 1037.8333333333333 1.0 61.0 1.0
Point 62 922.8333333333333 1038.5 1.0 62.0 1.0
Point 63 922.8333333333333 1036.5 1.0 63.0 1.0
Point 64 924.1666666666667 1036.5 1.0 64.0 1.0
Point 65 926.8333333333333 1036.5 1.0 65.0 1.0
Point 66 926.8333333333333 1037.8333333333333 1.0 66.0 1.0
Point 67 924.8333333333333 1039.1666666666667 1.0 67.0 1.0
Point 68 923.5 1037.1666666666667 1.0 68.0 1.0
Point 69 924.8333333333333 1037.8333333333333 1.0 69.0 1.0
Point 70 924.8333333333333 1033.1666666666667 1.0 70.0 1.0
Point 71 924.8333333333333 1034.5 1.0 71.0 1.0
Point 72 924.8333333333333 1034.5 1.0 72.0 1.0
Point 73 924.1666666666667 1034.5 1.0 73.0 1.0
Point 74 924.1666666666667 1035.8333333333333 1.0 74.0 1.0
Point 75 922.8333333333333 1035.1666666666667 1.0 75.0 1.0
Point 76 921.5 1032.5 1.0 76.0 1.0
Point 77 922.8333333333333 1034.5 1.0 77.0 1.0
Point 78 922.8333333333333 1036.5 1.0 78.0 1.0
Point 79 922.8333333333333 1034.5 1.0 79.0 1.0
Point 80 922.8333333333333 1034.5 1.0 80.0 1.0
Point 81 925.5 1035.1666666666667 1.0 81.0 1.0
Point 82 926.1666666666667 1035.1666666666667 1.0 82.0 1.0
Point 83 926.1666666666667 1034.5 1.0 83.0 1.0
Point 84 924.1666666666667 1034.5 1.0 84.0 1.0
Point 85 922.8333333333333 1031.8333333333333 1.0 85.0 1.0
Point 86 920.1666666666667 1035.1666666666667 1.0 86.0 1.0
Point 87 919.5 1036.5 1.0 87.0 1.0
Point 88 918.8333333333333 1037.8333333333333 1.0 88.0 1.0
Point 89 918.8333333333333 1035.1666666666667 1.0 89.0 1.0
Point 90 916.8333333333333 1035.1666666666667 1.0 90.0 1.0
Point 91 918.1666666666667 1035.1666666666667 1.0 91.0 1.0
Point 92 916.1666666666667 1035.8333333333333 1.0 92.0 1.0
Point 93 916.8333333333333 1037.1666666666667 1.0 93.0 1.0
Point 94 918.8333333333333 1034.5 1.0 94.0 1.0
End of MTrackJ Data File
