MTrackJ 1.5.1 Data File
Displaying false true true 1 2 0 0 100 20 0 0 0 0 1 8 0 false false true false
Assembly 1 FF0000
Cluster 1 FF0000
Track 1 FF0000 true
Point 1 934.5 971.8333333333334 1.0 3.0 1.0
Point 2 813.1666666666667 1033.8333333333333 1.0 29.0 1.0
Point 3 909.8333333333333 988.5 1.0 35.0 1.0
Point 4 955.8333333333333 1025.8333333333333 1.0 54.0 1.0
Point 5 913.8333333333333 975.1666666666666 1.0 61.0 1.0
Point 6 879.1666666666667 1147.8333333333333 1.0 65.0 1.0
Point 7 969.8333333333333 947.1666666666666 1.0 105.0 1.0
Point 8 904.5 927.1666666666666 1.0 111.0 1.0
Point 9 893.8333333333333 975.1666666666666 1.0 118.0 1.0
Point 10 893.8333333333333 929.8333333333334 1.0 145.0 1.0
Point 11 858.5 931.1666666666666 1.0 164.0 1.0
End of MTrackJ Data File
