MTrackJ 1.5.1 Data File
Displaying false true true 1 2 0 0 100 20 0 0 0 0 1 8 0 false false true false
Assembly 1 FF0000
Cluster 1 FF0000
Track 1 FF0000 true
Point 1 1471.5 763.1666666666666 1.0 1.0 1.0
Point 2 1471.5 763.1666666666666 1.0 2.0 1.0
Point 3 1472.1666666666667 761.1666666666666 1.0 3.0 1.0
Point 4 1470.8333333333333 763.8333333333334 1.0 4.0 1.0
Point 5 1471.5 760.5 1.0 5.0 1.0
Point 6 1468.1666666666667 762.5 1.0 6.0 1.0
Point 7 1468.8333333333333 760.5 1.0 7.0 1.0
Point 8 1473.5 760.5 1.0 8.0 1.0
Point 9 1474.1666666666667 760.5 1.0 9.0 1.0
Point 10 1474.1666666666667 758.5 1.0 10.0 1.0
Point 11 1474.1666666666667 757.1666666666666 1.0 11.0 1.0
Point 12 1471.5 756.5 1.0 12.0 1.0
Point 13 1471.5 756.5 1.0 13.0 1.0
Point 14 1472.1666666666667 756.5 1.0 14.0 1.0
Point 15 1472.1666666666667 756.5 1.0 15.0 1.0
Point 16 1473.5 757.1666666666666 1.0 16.0 1.0
Point 17 1476.1666666666667 751.8333333333334 1.0 17.0 1.0
Point 18 1474.1666666666667 750.5 1.0 18.0 1.0
Point 19 1473.5 750.5 1.0 19.0 1.0
Point 20 1471.5 750.5 1.0 20.0 1.0
Point 21 1478.1666666666667 748.5 1.0 21.0 1.0
Point 22 1479.5 745.8333333333334 1.0 22.0 1.0
Point 23 1477.5 745.1666666666666 1.0 23.0 1.0
Point 24 1475.5 745.1666666666666 1.0 24.0 1.0
Point 25 1473.5 745.1666666666666 1.0 25.0 1.0
Point 26 1473.5 741.1666666666666 1.0 26.0 1.0
Point 27 1473.5 739.1666666666666 1.0 27.0 1.0
Point 28 1454.8333333333333 720.5 1.0 28.0 1.0
Point 29 1455.5 724.5 1.0 29.0 1.0
Point 30 1455.5 725.1666666666666 1.0 30.0 1.0
Point 31 1458.1666666666667 729.1666666666666 1.0 31.0 1.0
Point 32 1465.5 729.1666666666666 1.0 32.0 1.0
Point 33 1464.1666666666667 732.5 1.0 33.0 1.0
Point 34 1464.1666666666667 732.5 1.0 34.0 1.0
Point 35 1463.5 731.1666666666666 1.0 35.0 1.0
Point 36 1461.5 722.5 1.0 36.0 1.0
Point 37 1460.1666666666667 722.5 1.0 37.0 1.0
Point 38 1457.5 724.5 1.0 38.0 1.0
Point 39 1455.5 722.5 1.0 39.0 1.0
Point 40 1454.8333333333333 722.5 1.0 40.0 1.0
Point 41 1463.5 730.5 1.0 41.0 1.0
Point 42 1463.5 730.5 1.0 42.0 1.0
Point 43 1463.5 730.5 1.0 43.0 1.0
Point 44 1454.8333333333333 729.8333333333334 1.0 44.0 1.0
Point 45 1459.5 730.5 1.0 45.0 1.0
Point 46 1459.5 730.5 1.0 46.0 1.0
Point 47 1459.5 730.5 1.0 47.0 1.0
Point 48 1457.5 735.1666666666666 1.0 48.0 1.0
Point 49 1457.5 735.1666666666666 1.0 49.0 1.0
Point 50 1461.5 733.8333333333334 1.0 50.0 1.0
Point 51 1470.1666666666667 733.8333333333334 1.0 51.0 1.0
Point 52 1470.1666666666667 733.8333333333334 1.0 52.0 1.0
Point 53 1466.8333333333333 733.1666666666666 1.0 53.0 1.0
Point 54 1461.5 731.1666666666666 1.0 54.0 1.0
Point 55 1470.8333333333333 733.8333333333334 1.0 55.0 1.0
Point 56 1471.5 735.8333333333334 1.0 56.0 1.0
Point 57 1472.1666666666667 737.8333333333334 1.0 57.0 1.0
Point 58 1472.1666666666667 740.5 1.0 58.0 1.0
Point 59 1472.1666666666667 744.5 1.0 59.0 1.0
Point 60 1475.5 734.5 1.0 60.0 1.0
Point 61 1480.1666666666667 727.1666666666666 1.0 61.0 1.0
Point 62 1482.1666666666667 721.8333333333334 1.0 62.0 1.0
Point 63 1482.1666666666667 727.1666666666666 1.0 63.0 1.0
Point 64 1482.1666666666667 725.1666666666666 1.0 64.0 1.0
Point 65 1482.1666666666667 725.1666666666666 1.0 65.0 1.0
Point 66 1482.1666666666667 725.1666666666666 1.0 66.0 1.0
Point 67 1476.8333333333333 731.1666666666666 1.0 67.0 1.0
Point 68 1476.8333333333333 731.1666666666666 1.0 68.0 1.0
Point 69 1479.5 729.1666666666666 1.0 69.0 1.0
Point 70 1477.5 729.8333333333334 1.0 70.0 1.0
Point 71 1477.5 729.8333333333334 1.0 71.0 1.0
Point 72 1477.5 733.1666666666666 1.0 72.0 1.0
Point 73 1476.8333333333333 729.8333333333334 1.0 73.0 1.0
Point 74 1480.8333333333333 728.5 1.0 74.0 1.0
Point 75 1474.1666666666667 730.5 1.0 75.0 1.0
Point 76 1474.8333333333333 731.8333333333334 1.0 76.0 1.0
Point 77 1474.8333333333333 733.1666666666666 1.0 77.0 1.0
Point 78 1476.1666666666667 733.1666666666666 1.0 78.0 1.0
Point 79 1476.1666666666667 734.5 1.0 79.0 1.0
Point 80 1476.1666666666667 733.1666666666666 1.0 80.0 1.0
Point 81 1477.5 729.8333333333334 1.0 81.0 1.0
Point 82 1477.5 729.8333333333334 1.0 82.0 1.0
Point 83 1477.5 729.8333333333334 1.0 83.0 1.0
Point 84 1476.8333333333333 728.5 1.0 84.0 1.0
Point 85 1476.8333333333333 725.1666666666666 1.0 85.0 1.0
Point 86 1474.1666666666667 723.8333333333334 1.0 86.0 1.0
Point 87 1472.8333333333333 722.5 1.0 87.0 1.0
Point 88 1475.5 722.5 1.0 88.0 1.0
Point 89 1474.1666666666667 723.8333333333334 1.0 89.0 1.0
Point 90 1474.1666666666667 717.1666666666666 1.0 90.0 1.0
Point 91 1474.1666666666667 714.5 1.0 91.0 1.0
Point 92 1474.1666666666667 711.8333333333334 1.0 92.0 1.0
Point 93 1474.1666666666667 709.1666666666666 1.0 93.0 1.0
Point 94 1474.1666666666667 703.1666666666666 1.0 94.0 1.0
Point 95 1473.5 700.5 1.0 95.0 1.0
Point 96 1472.1666666666667 696.5 1.0 96.0 1.0
Point 97 1471.5 699.8333333333334 1.0 97.0 1.0
Point 98 1471.5 700.5 1.0 98.0 1.0
Point 99 1469.5 696.5 1.0 99.0 1.0
Point 100 1468.1666666666667 692.5 1.0 100.0 1.0
Point 101 1466.8333333333333 691.1666666666666 1.0 101.0 1.0
Point 102 1466.8333333333333 691.1666666666666 1.0 102.0 1.0
Point 103 1466.8333333333333 703.1666666666666 1.0 103.0 1.0
Point 104 1466.8333333333333 705.1666666666666 1.0 104.0 1.0
Point 105 1464.8333333333333 703.8333333333334 1.0 105.0 1.0
Point 106 1464.8333333333333 703.8333333333334 1.0 106.0 1.0
Point 107 1464.8333333333333 704.5 1.0 107.0 1.0
Point 108 1464.8333333333333 705.8333333333334 1.0 108.0 1.0
Point 109 1466.1666666666667 707.8333333333334 1.0 109.0 1.0
Point 110 1466.1666666666667 707.8333333333334 1.0 110.0 1.0
Point 111 1466.1666666666667 709.1666666666666 1.0 111.0 1.0
Point 112 1466.8333333333333 711.1666666666666 1.0 112.0 1.0
Point 113 1466.8333333333333 712.5 1.0 113.0 1.0
Point 114 1466.8333333333333 712.5 1.0 114.0 1.0
Point 115 1466.8333333333333 713.1666666666666 1.0 115.0 1.0
Point 116 1469.5 720.5 1.0 116.0 1.0
Point 117 1468.1666666666667 718.5 1.0 117.0 1.0
Point 118 1468.1666666666667 718.5 1.0 118.0 1.0
Point 119 1469.5 719.1666666666666 1.0 119.0 1.0
Point 120 1470.1666666666667 719.1666666666666 1.0 120.0 1.0
Point 121 1465.5 720.5 1.0 121.0 1.0
Point 122 1469.5 717.1666666666666 1.0 122.0 1.0
Point 123 1468.1666666666667 717.1666666666666 1.0 123.0 1.0
Point 124 1466.8333333333333 717.8333333333334 1.0 124.0 1.0
Point 125 1464.8333333333333 719.1666666666666 1.0 125.0 1.0
Point 126 1463.5 719.1666666666666 1.0 126.0 1.0
Point 127 1468.1666666666667 717.1666666666666 1.0 127.0 1.0
Point 128 1464.8333333333333 719.8333333333334 1.0 128.0 1.0
Point 129 1464.8333333333333 717.8333333333334 1.0 129.0 1.0
Point 130 1464.1666666666667 716.5 1.0 130.0 1.0
Point 131 1464.1666666666667 716.5 1.0 131.0 1.0
Point 132 1464.1666666666667 716.5 1.0 132.0 1.0
Point 133 1464.1666666666667 716.5 1.0 133.0 1.0
Point 134 1464.8333333333333 716.5 1.0 134.0 1.0
Point 135 1464.1666666666667 718.5 1.0 135.0 1.0
Point 136 1462.1666666666667 717.8333333333334 1.0 136.0 1.0
Point 137 1462.8333333333333 715.8333333333334 1.0 137.0 1.0
Point 138 1467.5 718.5 1.0 138.0 1.0
Point 139 1466.1666666666667 719.1666666666666 1.0 139.0 1.0
Point 140 1463.5 719.1666666666666 1.0 140.0 1.0
Point 141 1466.1666666666667 719.1666666666666 1.0 141.0 1.0
Point 142 1464.8333333333333 717.1666666666666 1.0 142.0 1.0
Point 143 1466.8333333333333 719.1666666666666 1.0 143.0 1.0
Point 144 1464.8333333333333 719.1666666666666 1.0 144.0 1.0
Point 145 1466.8333333333333 716.5 1.0 145.0 1.0
Point 146 1463.5 719.8333333333334 1.0 146.0 1.0
Point 147 1464.1666666666667 717.1666666666666 1.0 147.0 1.0
Point 148 1465.5 717.1666666666666 1.0 148.0 1.0
Point 149 1463.5 717.1666666666666 1.0 149.0 1.0
Point 150 1463.5 717.1666666666666 1.0 150.0 1.0
Point 151 1463.5 717.1666666666666 1.0 151.0 1.0
Point 152 1461.5 714.5 1.0 152.0 1.0
Point 153 1461.5 714.5 1.0 153.0 1.0
Point 154 1460.1666666666667 714.5 1.0 154.0 1.0
Point 155 1460.1666666666667 713.8333333333334 1.0 155.0 1.0
Point 156 1460.1666666666667 713.8333333333334 1.0 156.0 1.0
Point 157 1460.8333333333333 715.1666666666666 1.0 157.0 1.0
Point 158 1460.8333333333333 713.1666666666666 1.0 158.0 1.0
Point 159 1458.1666666666667 715.1666666666666 1.0 159.0 1.0
Point 160 1460.1666666666667 715.8333333333334 1.0 160.0 1.0
Point 161 1461.5 715.1666666666666 1.0 161.0 1.0
Point 162 1468.1666666666667 711.8333333333334 1.0 162.0 1.0
Point 163 1464.1666666666667 712.5 1.0 163.0 1.0
Point 164 1462.8333333333333 714.5 1.0 164.0 1.0
Point 165 1464.8333333333333 714.5 1.0 165.0 1.0
Point 166 1465.5 713.8333333333334 1.0 166.0 1.0
Point 167 1465.5 713.8333333333334 1.0 167.0 1.0
Point 168 1468.1666666666667 711.8333333333334 1.0 168.0 1.0
Point 169 1468.1666666666667 711.8333333333334 1.0 169.0 1.0
Point 170 1464.1666666666667 712.5 1.0 170.0 1.0
Point 171 1464.1666666666667 712.5 1.0 171.0 1.0
Point 172 1465.5 713.1666666666666 1.0 172.0 1.0
Point 173 1462.1666666666667 713.1666666666666 1.0 173.0 1.0
Point 174 1462.8333333333333 713.8333333333334 1.0 174.0 1.0
Point 175 1461.5 713.8333333333334 1.0 175.0 1.0
Point 176 1461.5 713.1666666666666 1.0 176.0 1.0
Point 177 1461.5 711.8333333333334 1.0 177.0 1.0
Point 178 1460.8333333333333 711.8333333333334 1.0 178.0 1.0
Point 179 1458.8333333333333 711.8333333333334 1.0 179.0 1.0
Point 180 1458.8333333333333 711.8333333333334 1.0 180.0 1.0
Point 181 1458.8333333333333 711.8333333333334 1.0 181.0 1.0
Point 182 1460.8333333333333 711.8333333333334 1.0 182.0 1.0
Point 183 1460.8333333333333 711.8333333333334 1.0 183.0 1.0
Point 184 1460.1666666666667 712.5 1.0 184.0 1.0
Point 185 1460.8333333333333 709.8333333333334 1.0 185.0 1.0
Point 186 1462.8333333333333 709.8333333333334 1.0 186.0 1.0
Point 187 1462.8333333333333 709.1666666666666 1.0 187.0 1.0
Point 188 1462.1666666666667 703.8333333333334 1.0 188.0 1.0
Point 189 1462.1666666666667 704.5 1.0 189.0 1.0
Point 190 1460.8333333333333 705.1666666666666 1.0 190.0 1.0
Point 191 1462.1666666666667 703.1666666666666 1.0 191.0 1.0
Point 192 1462.1666666666667 703.8333333333334 1.0 192.0 1.0
Point 193 1462.1666666666667 705.1666666666666 1.0 193.0 1.0
Point 194 1460.8333333333333 705.8333333333334 1.0 194.0 1.0
Point 195 1459.5 705.8333333333334 1.0 195.0 1.0
Point 196 1459.5 705.1666666666666 1.0 196.0 1.0
Point 197 1460.1666666666667 702.5 1.0 197.0 1.0
Point 198 1460.1666666666667 703.1666666666666 1.0 198.0 1.0
Point 199 1458.8333333333333 700.5 1.0 199.0 1.0
Point 200 1458.1666666666667 703.8333333333334 1.0 200.0 1.0
End of MTrackJ Data File
