MTrackJ 1.5.1 Data File
Displaying false true true 1 2 0 0 100 20 0 0 0 0 1 8 0 false false true false
Assembly 1 FF0000
Cluster 1 FF0000
Track 1 FF0000 true
Point 1 1502.1666666666667 749.1666666666666 1.0 1.0 1.0
Point 2 1506.8333333333333 746.5 1.0 2.0 1.0
Point 3 1506.8333333333333 746.5 1.0 3.0 1.0
Point 4 1503.5 745.1666666666666 1.0 4.0 1.0
Point 5 1506.8333333333333 743.1666666666666 1.0 5.0 1.0
Point 6 1498.8333333333333 742.5 1.0 6.0 1.0
Point 7 1515.5 741.1666666666666 1.0 7.0 1.0
Point 8 1510.1666666666667 740.5 1.0 8.0 1.0
Point 9 1500.1666666666667 739.8333333333334 1.0 9.0 1.0
Point 10 1500.1666666666667 742.5 1.0 10.0 1.0
Point 11 1502.1666666666667 739.1666666666666 1.0 11.0 1.0
Point 12 1494.1666666666667 738.5 1.0 12.0 1.0
Point 13 1496.8333333333333 733.1666666666666 1.0 13.0 1.0
Point 14 1491.5 735.1666666666666 1.0 14.0 1.0
Point 15 1505.5 729.8333333333334 1.0 15.0 1.0
Point 16 1519.5 726.5 1.0 16.0 1.0
Point 17 1493.5 729.8333333333334 1.0 17.0 1.0
Point 18 1499.5 732.5 1.0 18.0 1.0
Point 19 1486.1666666666667 730.5 1.0 19.0 1.0
Point 20 1473.5 727.1666666666666 1.0 20.0 1.0
Point 21 1477.5 729.1666666666666 1.0 21.0 1.0
Point 22 1484.1666666666667 731.8333333333334 1.0 22.0 1.0
Point 23 1472.1666666666667 729.8333333333334 1.0 23.0 1.0
Point 24 1464.8333333333333 725.8333333333334 1.0 24.0 1.0
Point 25 1454.8333333333333 724.5 1.0 25.0 1.0
Point 26 1453.5 720.5 1.0 26.0 1.0
Point 27 1461.5 725.1666666666666 1.0 27.0 1.0
Point 28 1446.1666666666667 715.8333333333334 1.0 28.0 1.0
Point 29 1455.5 721.1666666666666 1.0 29.0 1.0
Point 30 1457.5 725.1666666666666 1.0 30.0 1.0
Point 31 1464.8333333333333 725.8333333333334 1.0 31.0 1.0
Point 32 1461.5 726.5 1.0 32.0 1.0
Point 33 1466.8333333333333 726.5 1.0 33.0 1.0
Point 34 1467.5 728.5 1.0 34.0 1.0
Point 35 1455.5 719.8333333333334 1.0 35.0 1.0
Point 36 1446.1666666666667 720.5 1.0 36.0 1.0
Point 37 1448.1666666666667 719.1666666666666 1.0 37.0 1.0
Point 38 1453.5 718.5 1.0 38.0 1.0
Point 39 1462.8333333333333 719.1666666666666 1.0 39.0 1.0
Point 40 1473.5 723.8333333333334 1.0 40.0 1.0
Point 41 1482.1666666666667 723.8333333333334 1.0 41.0 1.0
Point 42 1487.5 727.1666666666666 1.0 42.0 1.0
Point 43 1486.1666666666667 723.8333333333334 1.0 43.0 1.0
Point 44 1480.1666666666667 725.1666666666666 1.0 44.0 1.0
Point 45 1483.5 725.1666666666666 1.0 45.0 1.0
Point 46 1488.1666666666667 729.1666666666666 1.0 46.0 1.0
Point 47 1488.8333333333333 729.1666666666666 1.0 47.0 1.0
Point 48 1493.5 727.1666666666666 1.0 48.0 1.0
Point 49 1496.8333333333333 725.8333333333334 1.0 49.0 1.0
Point 50 1492.8333333333333 727.1666666666666 1.0 50.0 1.0
Point 51 1497.5 727.8333333333334 1.0 51.0 1.0
Point 52 1494.1666666666667 725.1666666666666 1.0 52.0 1.0
Point 53 1495.5 725.1666666666666 1.0 53.0 1.0
Point 54 1496.8333333333333 724.5 1.0 54.0 1.0
Point 55 1503.5 720.5 1.0 55.0 1.0
Point 56 1490.1666666666667 726.5 1.0 56.0 1.0
Point 57 1491.5 724.5 1.0 57.0 1.0
Point 58 1493.5 721.1666666666666 1.0 58.0 1.0
Point 59 1486.8333333333333 709.1666666666666 1.0 59.0 1.0
Point 60 1470.1666666666667 695.8333333333334 1.0 60.0 1.0
Point 61 1464.1666666666667 693.1666666666666 1.0 61.0 1.0
Point 62 1469.5 689.1666666666666 1.0 62.0 1.0
Point 63 1469.5 691.8333333333334 1.0 63.0 1.0
Point 64 1474.1666666666667 690.5 1.0 64.0 1.0
Point 65 1472.8333333333333 693.8333333333334 1.0 65.0 1.0
Point 66 1475.5 695.1666666666666 1.0 66.0 1.0
Point 67 1482.8333333333333 699.8333333333334 1.0 67.0 1.0
Point 68 1484.8333333333333 701.8333333333334 1.0 68.0 1.0
Point 69 1467.5 685.8333333333334 1.0 69.0 1.0
Point 70 1464.8333333333333 686.5 1.0 70.0 1.0
Point 71 1468.8333333333333 690.5 1.0 71.0 1.0
Point 72 1475.5 703.1666666666666 1.0 72.0 1.0
Point 73 1474.8333333333333 699.8333333333334 1.0 73.0 1.0
Point 74 1479.5 706.5 1.0 74.0 1.0
Point 75 1482.8333333333333 707.8333333333334 1.0 75.0 1.0
Point 76 1480.1666666666667 713.8333333333334 1.0 76.0 1.0
Point 77 1490.1666666666667 715.1666666666666 1.0 77.0 1.0
Point 78 1477.5 707.8333333333334 1.0 78.0 1.0
Point 79 1469.5 701.1666666666666 1.0 79.0 1.0
Point 80 1477.5 705.1666666666666 1.0 80.0 1.0
Point 81 1477.5 705.1666666666666 1.0 81.0 1.0
Point 82 1470.1666666666667 695.8333333333334 1.0 82.0 1.0
Point 83 1464.8333333333333 688.5 1.0 83.0 1.0
Point 84 1461.5 691.8333333333334 1.0 84.0 1.0
Point 85 1465.5 687.1666666666666 1.0 85.0 1.0
Point 86 1454.8333333333333 679.1666666666666 1.0 86.0 1.0
Point 87 1438.8333333333333 661.8333333333334 1.0 87.0 1.0
Point 88 1452.8333333333333 679.1666666666666 1.0 88.0 1.0
Point 89 1452.1666666666667 677.8333333333334 1.0 89.0 1.0
Point 90 1466.8333333333333 681.1666666666666 1.0 90.0 1.0
Point 91 1467.5 679.8333333333334 1.0 91.0 1.0
Point 92 1460.8333333333333 676.5 1.0 92.0 1.0
Point 93 1449.5 674.5 1.0 93.0 1.0
Point 94 1462.1666666666667 673.8333333333334 1.0 94.0 1.0
Point 95 1461.5 677.1666666666666 1.0 95.0 1.0
Point 96 1458.1666666666667 677.8333333333334 1.0 96.0 1.0
Point 97 1450.8333333333333 676.5 1.0 97.0 1.0
Point 98 1456.8333333333333 677.1666666666666 1.0 98.0 1.0
Point 99 1450.1666666666667 677.8333333333334 1.0 99.0 1.0
Point 100 1448.1666666666667 677.1666666666666 1.0 100.0 1.0
Point 101 1456.1666666666667 691.1666666666666 1.0 101.0 1.0
Point 102 1464.8333333333333 699.1666666666666 1.0 102.0 1.0
Point 103 1464.8333333333333 708.5 1.0 103.0 1.0
Point 104 1458.1666666666667 711.1666666666666 1.0 104.0 1.0
Point 105 1466.8333333333333 707.1666666666666 1.0 105.0 1.0
Point 106 1467.5 704.5 1.0 106.0 1.0
Point 107 1463.5 703.1666666666666 1.0 107.0 1.0
Point 108 1468.1666666666667 699.8333333333334 1.0 108.0 1.0
Point 109 1467.5 695.8333333333334 1.0 109.0 1.0
Point 110 1464.8333333333333 697.8333333333334 1.0 110.0 1.0
Point 111 1464.1666666666667 697.1666666666666 1.0 111.0 1.0
Point 112 1464.8333333333333 696.5 1.0 112.0 1.0
Point 113 1464.1666666666667 697.8333333333334 1.0 113.0 1.0
Point 114 1466.8333333333333 702.5 1.0 114.0 1.0
Point 115 1474.8333333333333 702.5 1.0 115.0 1.0
Point 116 1474.1666666666667 703.1666666666666 1.0 116.0 1.0
Point 117 1480.8333333333333 705.1666666666666 1.0 117.0 1.0
Point 118 1478.8333333333333 704.5 1.0 118.0 1.0
Point 119 1488.1666666666667 708.5 1.0 119.0 1.0
Point 120 1486.8333333333333 709.1666666666666 1.0 120.0 1.0
Point 121 1478.8333333333333 703.8333333333334 1.0 121.0 1.0
Point 122 1480.1666666666667 703.1666666666666 1.0 122.0 1.0
Point 123 1478.1666666666667 701.8333333333334 1.0 123.0 1.0
Point 124 1484.1666666666667 707.1666666666666 1.0 124.0 1.0
Point 125 1486.8333333333333 707.8333333333334 1.0 125.0 1.0
Point 126 1492.8333333333333 707.8333333333334 1.0 126.0 1.0
Point 127 1491.5 702.5 1.0 127.0 1.0
Point 128 1495.5 705.8333333333334 1.0 128.0 1.0
Point 129 1494.1666666666667 706.5 1.0 129.0 1.0
Point 130 1488.8333333333333 706.5 1.0 130.0 1.0
Point 131 1488.1666666666667 703.8333333333334 1.0 131.0 1.0
Point 132 1489.5 708.5 1.0 132.0 1.0
Point 133 1486.8333333333333 703.8333333333334 1.0 133.0 1.0
Point 134 1486.1666666666667 702.5 1.0 134.0 1.0
Point 135 1482.1666666666667 700.5 1.0 135.0 1.0
Point 136 1486.1666666666667 701.1666666666666 1.0 136.0 1.0
Point 137 1482.8333333333333 704.5 1.0 137.0 1.0
Point 138 1482.1666666666667 701.8333333333334 1.0 138.0 1.0
Point 139 1482.1666666666667 703.1666666666666 1.0 139.0 1.0
Point 140 1480.1666666666667 701.8333333333334 1.0 140.0 1.0
Point 141 1486.1666666666667 701.8333333333334 1.0 141.0 1.0
Point 142 1482.1666666666667 703.8333333333334 1.0 142.0 1.0
Point 143 1480.8333333333333 701.1666666666666 1.0 143.0 1.0
Point 144 1477.5 699.8333333333334 1.0 144.0 1.0
Point 201 1477.5 699.8333333333334 1.0 145.0 1.0
Point 146 1480.8333333333333 700.5 1.0 146.0 1.0
Point 202 1483.5 699.8333333333334 1.0 147.0 1.0
Point 148 1479.5 701.8333333333334 1.0 148.0 1.0
Point 149 1472.1666666666667 703.8333333333334 1.0 149.0 1.0
Point 150 1466.1666666666667 703.8333333333334 1.0 150.0 1.0
Point 151 1458.1666666666667 705.8333333333334 1.0 151.0 1.0
Point 152 1458.1666666666667 705.1666666666666 1.0 152.0 1.0
Point 153 1460.8333333333333 704.5 1.0 153.0 1.0
Point 154 1461.5 705.8333333333334 1.0 154.0 1.0
Point 203 1460.1666666666667 703.8333333333334 1.0 155.0 1.0
Point 156 1470.1666666666667 703.8333333333334 1.0 156.0 1.0
Point 204 1469.5 701.8333333333334 1.0 157.0 1.0
Point 158 1474.8333333333333 703.8333333333334 1.0 158.0 1.0
Point 159 1479.5 704.5 1.0 159.0 1.0
Point 160 1474.8333333333333 701.8333333333334 1.0 160.0 1.0
Point 161 1482.8333333333333 700.5 1.0 161.0 1.0
Point 162 1473.5 700.5 1.0 162.0 1.0
Point 163 1480.1666666666667 697.8333333333334 1.0 163.0 1.0
Point 164 1478.1666666666667 699.1666666666666 1.0 164.0 1.0
Point 166 1476.8333333333333 699.1666666666666 1.0 165.0 1.0
Point 167 1476.8333333333333 701.1666666666666 1.0 166.0 1.0
Point 205 1478.8333333333333 701.8333333333334 1.0 167.0 1.0
Point 169 1485.5 701.8333333333334 1.0 168.0 1.0
Point 170 1484.1666666666667 703.1666666666666 1.0 169.0 1.0
Point 171 1478.1666666666667 701.8333333333334 1.0 170.0 1.0
Point 172 1476.1666666666667 699.1666666666666 1.0 171.0 1.0
Point 206 1477.5 701.8333333333334 1.0 172.0 1.0
Point 174 1476.8333333333333 700.5 1.0 173.0 1.0
Point 175 1480.1666666666667 699.8333333333334 1.0 174.0 1.0
Point 176 1482.8333333333333 702.5 1.0 175.0 1.0
Point 177 1480.1666666666667 699.1666666666666 1.0 176.0 1.0
Point 178 1480.1666666666667 701.8333333333334 1.0 177.0 1.0
Point 179 1476.8333333333333 697.1666666666666 1.0 178.0 1.0
Point 180 1471.5 689.8333333333334 1.0 179.0 1.0
Point 181 1477.5 692.5 1.0 180.0 1.0
Point 182 1478.1666666666667 694.5 1.0 181.0 1.0
Point 183 1480.1666666666667 695.8333333333334 1.0 182.0 1.0
Point 184 1476.8333333333333 693.8333333333334 1.0 183.0 1.0
Point 185 1479.5 693.8333333333334 1.0 184.0 1.0
Point 186 1485.5 697.1666666666666 1.0 185.0 1.0
Point 187 1483.5 696.5 1.0 186.0 1.0
Point 188 1483.5 691.1666666666666 1.0 187.0 1.0
Point 189 1485.5 692.5 1.0 188.0 1.0
Point 190 1476.8333333333333 692.5 1.0 189.0 1.0
Point 191 1486.8333333333333 693.1666666666666 1.0 190.0 1.0
Point 192 1483.5 694.5 1.0 191.0 1.0
Point 193 1478.1666666666667 693.1666666666666 1.0 192.0 1.0
Point 194 1482.8333333333333 691.1666666666666 1.0 193.0 1.0
Point 195 1478.8333333333333 693.8333333333334 1.0 194.0 1.0
Point 196 1481.5 695.1666666666666 1.0 195.0 1.0
Point 197 1477.5 694.5 1.0 196.0 1.0
Point 198 1478.1666666666667 694.5 1.0 197.0 1.0
Point 199 1481.5 691.8333333333334 1.0 198.0 1.0
Point 200 1478.1666666666667 691.8333333333334 1.0 199.0 1.0
Point 207 1477.5 692.5 1.0 200.0 1.0
End of MTrackJ Data File
