MTrackJ 1.5.1 Data File
Displaying false true true 1 2 0 0 100 20 0 0 0 0 1 8 0 false false true false
Assembly 1 FF0000
Cluster 1 FF0000
Track 1 FF0000 true
Point 1 1240.8333333333333 797.5 1.0 45.0 1.0
Point 2 1240.8333333333333 797.5 1.0 46.0 1.0
Point 3 1237.5 790.8333333333333 1.0 47.0 1.0
Point 4 1240.8333333333333 789.5 1.0 48.0 1.0
Point 5 1244.1666666666667 784.8333333333333 1.0 49.0 1.0
Point 6 1249.5 775.5 1.0 50.0 1.0
Point 7 1253.5 768.8333333333333 1.0 51.0 1.0
Point 8 1261.5 753.5 1.0 52.0 1.0
Point 9 1262.1666666666667 731.5 1.0 53.0 1.0
Point 10 1258.8333333333333 722.8333333333333 1.0 54.0 1.0
Point 11 1256.8333333333333 712.8333333333333 1.0 55.0 1.0
Point 12 1256.8333333333333 714.8333333333333 1.0 56.0 1.0
Point 13 1251.5 712.1666666666667 1.0 57.0 1.0
Point 14 1251.5 710.1666666666667 1.0 58.0 1.0
Point 15 1251.5 706.8333333333333 1.0 59.0 1.0
Point 16 1252.8333333333333 704.1666666666667 1.0 60.0 1.0
Point 17 1252.1666666666667 702.8333333333333 1.0 61.0 1.0
Point 18 1254.1666666666667 702.1666666666667 1.0 62.0 1.0
Point 19 1252.1666666666667 699.5 1.0 63.0 1.0
Point 20 1248.8333333333333 696.8333333333333 1.0 64.0 1.0
Point 21 1250.1666666666667 695.5 1.0 65.0 1.0
Point 22 1251.5 694.1666666666667 1.0 66.0 1.0
Point 23 1250.1666666666667 692.8333333333333 1.0 67.0 1.0
Point 24 1250.8333333333333 692.8333333333333 1.0 68.0 1.0
Point 25 1246.1666666666667 691.5 1.0 69.0 1.0
Point 26 1244.8333333333333 691.5 1.0 70.0 1.0
Point 27 1244.8333333333333 692.8333333333333 1.0 71.0 1.0
Point 28 1245.5 688.8333333333333 1.0 72.0 1.0
Point 29 1242.1666666666667 686.8333333333333 1.0 73.0 1.0
Point 30 1245.5 686.8333333333333 1.0 74.0 1.0
Point 31 1243.5 686.1666666666667 1.0 75.0 1.0
Point 32 1242.8333333333333 686.8333333333333 1.0 76.0 1.0
Point 33 1240.8333333333333 686.8333333333333 1.0 77.0 1.0
Point 34 1236.8333333333333 686.1666666666667 1.0 78.0 1.0
Point 35 1239.5 686.1666666666667 1.0 79.0 1.0
Point 36 1239.5 686.1666666666667 1.0 80.0 1.0
Point 37 1243.5 684.8333333333333 1.0 81.0 1.0
Point 38 1243.5 684.1666666666667 1.0 82.0 1.0
Point 39 1246.1666666666667 684.1666666666667 1.0 83.0 1.0
Point 40 1250.8333333333333 683.5 1.0 84.0 1.0
Point 41 1248.8333333333333 684.1666666666667 1.0 85.0 1.0
Point 42 1243.5 684.1666666666667 1.0 86.0 1.0
Point 43 1238.1666666666667 683.5 1.0 87.0 1.0
Point 44 1241.5 683.5 1.0 88.0 1.0
Point 45 1241.5 684.8333333333333 1.0 89.0 1.0
Point 46 1244.1666666666667 684.1666666666667 1.0 90.0 1.0
Point 47 1243.5 683.5 1.0 91.0 1.0
Point 48 1238.1666666666667 685.5 1.0 92.0 1.0
Point 49 1235.5 684.1666666666667 1.0 93.0 1.0
Point 50 1236.1666666666667 682.1666666666667 1.0 94.0 1.0
Point 51 1234.1666666666667 683.5 1.0 95.0 1.0
Point 52 1234.8333333333333 682.8333333333333 1.0 96.0 1.0
Point 53 1232.8333333333333 683.5 1.0 97.0 1.0
Point 54 1234.8333333333333 682.8333333333333 1.0 98.0 1.0
Point 55 1236.1666666666667 683.5 1.0 99.0 1.0
Point 56 1233.5 680.8333333333333 1.0 100.0 1.0
Point 57 1230.8333333333333 680.8333333333333 1.0 101.0 1.0
Point 58 1228.8333333333333 682.8333333333333 1.0 102.0 1.0
Point 59 1230.8333333333333 682.8333333333333 1.0 103.0 1.0
Point 60 1230.8333333333333 682.1666666666667 1.0 104.0 1.0
Point 61 1228.8333333333333 681.5 1.0 105.0 1.0
Point 62 1232.1666666666667 682.1666666666667 1.0 106.0 1.0
Point 63 1236.1666666666667 684.1666666666667 1.0 107.0 1.0
Point 64 1234.8333333333333 682.8333333333333 1.0 108.0 1.0
Point 65 1235.5 682.1666666666667 1.0 109.0 1.0
Point 66 1235.5 682.1666666666667 1.0 110.0 1.0
Point 67 1232.8333333333333 681.5 1.0 111.0 1.0
Point 68 1232.1666666666667 681.5 1.0 112.0 1.0
Point 69 1231.5 684.8333333333333 1.0 113.0 1.0
Point 70 1232.8333333333333 684.1666666666667 1.0 114.0 1.0
Point 71 1235.5 682.8333333333333 1.0 115.0 1.0
Point 72 1234.8333333333333 684.8333333333333 1.0 116.0 1.0
Point 73 1234.1666666666667 684.8333333333333 1.0 117.0 1.0
Point 74 1232.1666666666667 682.8333333333333 1.0 118.0 1.0
Point 75 1232.1666666666667 682.8333333333333 1.0 119.0 1.0
Point 76 1233.5 682.8333333333333 1.0 120.0 1.0
Point 77 1231.5 682.8333333333333 1.0 121.0 1.0
Point 78 1232.8333333333333 684.1666666666667 1.0 122.0 1.0
Point 79 1235.5 684.1666666666667 1.0 123.0 1.0
Point 80 1236.1666666666667 687.5 1.0 124.0 1.0
Point 81 1238.1666666666667 687.5 1.0 125.0 1.0
Point 82 1234.8333333333333 686.8333333333333 1.0 126.0 1.0
Point 83 1237.5 688.1666666666667 1.0 127.0 1.0
Point 84 1236.8333333333333 688.1666666666667 1.0 128.0 1.0
Point 85 1236.8333333333333 686.1666666666667 1.0 129.0 1.0
Point 86 1238.1666666666667 690.1666666666667 1.0 130.0 1.0
Point 87 1239.5 690.8333333333333 1.0 131.0 1.0
Point 88 1242.8333333333333 694.1666666666667 1.0 132.0 1.0
Point 89 1246.8333333333333 701.5 1.0 133.0 1.0
Point 90 1250.1666666666667 716.8333333333333 1.0 134.0 1.0
Point 91 1247.5 722.8333333333333 1.0 135.0 1.0
Point 92 1247.5 730.8333333333333 1.0 136.0 1.0
Point 93 1246.1666666666667 736.8333333333333 1.0 137.0 1.0
Point 94 1244.8333333333333 748.1666666666667 1.0 138.0 1.0
Point 95 1244.1666666666667 752.1666666666667 1.0 139.0 1.0
Point 96 1242.8333333333333 753.5 1.0 140.0 1.0
Point 97 1242.8333333333333 754.8333333333333 1.0 141.0 1.0
Point 98 1240.1666666666667 754.8333333333333 1.0 142.0 1.0
Point 99 1241.5 754.8333333333333 1.0 143.0 1.0
Point 100 1240.8333333333333 752.1666666666667 1.0 144.0 1.0
Point 101 1240.1666666666667 748.8333333333333 1.0 145.0 1.0
Point 102 1238.1666666666667 754.8333333333333 1.0 146.0 1.0
Point 103 1239.5 754.1666666666667 1.0 147.0 1.0
Point 104 1240.1666666666667 754.8333333333333 1.0 148.0 1.0
Point 105 1240.1666666666667 754.8333333333333 1.0 149.0 1.0
Point 106 1243.5 751.5 1.0 150.0 1.0
Point 107 1239.5 748.1666666666667 1.0 151.0 1.0
Point 108 1239.5 746.8333333333333 1.0 152.0 1.0
Point 109 1239.5 746.1666666666667 1.0 153.0 1.0
Point 110 1238.1666666666667 744.8333333333333 1.0 154.0 1.0
Point 111 1238.1666666666667 744.1666666666667 1.0 155.0 1.0
Point 112 1238.1666666666667 744.1666666666667 1.0 156.0 1.0
Point 113 1242.1666666666667 745.5 1.0 157.0 1.0
Point 114 1240.8333333333333 744.8333333333333 1.0 158.0 1.0
Point 115 1240.1666666666667 744.8333333333333 1.0 159.0 1.0
Point 116 1236.8333333333333 744.1666666666667 1.0 160.0 1.0
Point 117 1239.5 742.8333333333333 1.0 161.0 1.0
Point 118 1237.5 743.5 1.0 162.0 1.0
Point 119 1237.5 744.1666666666667 1.0 163.0 1.0
Point 120 1237.5 740.1666666666667 1.0 164.0 1.0
Point 121 1236.8333333333333 738.8333333333333 1.0 165.0 1.0
Point 122 1236.8333333333333 741.5 1.0 166.0 1.0
Point 123 1234.8333333333333 742.8333333333333 1.0 167.0 1.0
Point 124 1234.8333333333333 744.1666666666667 1.0 168.0 1.0
Point 125 1233.5 743.5 1.0 169.0 1.0
Point 126 1234.1666666666667 742.8333333333333 1.0 170.0 1.0
Point 127 1233.5 742.1666666666667 1.0 171.0 1.0
Point 128 1233.5 742.8333333333333 1.0 172.0 1.0
Point 129 1232.8333333333333 742.1666666666667 1.0 173.0 1.0
Point 130 1232.8333333333333 742.8333333333333 1.0 174.0 1.0
Point 131 1232.8333333333333 744.1666666666667 1.0 175.0 1.0
Point 132 1234.1666666666667 744.8333333333333 1.0 176.0 1.0
Point 133 1234.8333333333333 744.8333333333333 1.0 177.0 1.0
Point 134 1234.1666666666667 744.1666666666667 1.0 178.0 1.0
Point 135 1234.8333333333333 745.5 1.0 179.0 1.0
Point 136 1234.8333333333333 745.5 1.0 180.0 1.0
Point 137 1234.1666666666667 743.5 1.0 181.0 1.0
Point 138 1232.1666666666667 744.1666666666667 1.0 182.0 1.0
Point 139 1231.5 747.5 1.0 183.0 1.0
Point 140 1231.5 747.5 1.0 184.0 1.0
Point 141 1231.5 746.1666666666667 1.0 185.0 1.0
Point 142 1231.5 746.1666666666667 1.0 186.0 1.0
Point 143 1231.5 744.1666666666667 1.0 187.0 1.0
Point 144 1231.5 743.5 1.0 188.0 1.0
Point 145 1231.5 744.1666666666667 1.0 189.0 1.0
Point 146 1228.1666666666667 745.5 1.0 190.0 1.0
Point 147 1228.1666666666667 744.1666666666667 1.0 191.0 1.0
Point 148 1228.8333333333333 742.1666666666667 1.0 192.0 1.0
Point 149 1229.5 742.1666666666667 1.0 193.0 1.0
Point 150 1229.5 740.8333333333333 1.0 194.0 1.0
Point 151 1229.5 739.5 1.0 195.0 1.0
Point 152 1229.5 738.8333333333333 1.0 196.0 1.0
Point 153 1229.5 738.1666666666667 1.0 197.0 1.0
Point 154 1230.8333333333333 736.8333333333333 1.0 198.0 1.0
Point 155 1229.5 737.5 1.0 199.0 1.0
Point 156 1229.5 737.5 1.0 200.0 1.0
End of MTrackJ Data File
