MTrackJ 1.5.1 Data File
Displaying false true true 1 2 0 0 100 20 0 0 0 0 1 8 0 false false true false
Assembly 1 FF0000
Cluster 1 FF0000
Track 1 FF0000 true
Point 1 1249.5 805.5 1.0 45.0 1.0
Point 2 1255.5 788.1666666666667 1.0 46.0 1.0
Point 3 1260.1666666666667 754.8333333333333 1.0 47.0 1.0
Point 4 1262.1666666666667 730.1666666666667 1.0 48.0 1.0
Point 7 1248.1666666666667 722.8333333333333 1.0 49.0 1.0
Point 8 1240.8333333333333 710.8333333333333 1.0 50.0 1.0
Point 9 1239.5 701.5 1.0 51.0 1.0
Point 10 1242.1666666666667 696.8333333333333 1.0 52.0 1.0
Point 11 1239.5 690.8333333333333 1.0 53.0 1.0
Point 12 1239.5 692.8333333333333 1.0 54.0 1.0
Point 13 1248.1666666666667 695.5 1.0 55.0 1.0
Point 14 1239.5 698.8333333333333 1.0 56.0 1.0
Point 15 1235.5 686.8333333333333 1.0 57.0 1.0
Point 16 1242.8333333333333 686.1666666666667 1.0 58.0 1.0
Point 17 1246.8333333333333 688.1666666666667 1.0 59.0 1.0
Point 18 1258.1666666666667 692.8333333333333 1.0 60.0 1.0
Point 19 1273.5 696.8333333333333 1.0 61.0 1.0
Point 20 1274.1666666666667 696.1666666666667 1.0 62.0 1.0
Point 21 1260.8333333333333 688.8333333333333 1.0 63.0 1.0
Point 22 1265.5 686.1666666666667 1.0 64.0 1.0
Point 23 1260.8333333333333 678.1666666666666 1.0 65.0 1.0
Point 24 1265.5 676.8333333333334 1.0 66.0 1.0
Point 25 1274.1666666666667 662.1666666666666 1.0 67.0 1.0
Point 26 1272.8333333333333 662.8333333333334 1.0 68.0 1.0
Point 27 1268.1666666666667 666.8333333333334 1.0 69.0 1.0
Point 28 1266.1666666666667 678.8333333333334 1.0 70.0 1.0
Point 29 1272.1666666666667 674.1666666666666 1.0 71.0 1.0
Point 30 1283.5 663.5 1.0 72.0 1.0
Point 31 1285.5 668.1666666666666 1.0 73.0 1.0
Point 32 1296.8333333333333 672.8333333333334 1.0 74.0 1.0
Point 33 1269.5 690.1666666666667 1.0 75.0 1.0
Point 34 1258.8333333333333 711.5 1.0 76.0 1.0
Point 35 1256.8333333333333 696.1666666666667 1.0 77.0 1.0
Point 36 1254.8333333333333 686.8333333333333 1.0 78.0 1.0
Point 37 1265.5 688.8333333333333 1.0 79.0 1.0
Point 38 1257.5 706.1666666666667 1.0 80.0 1.0
Point 39 1282.1666666666667 670.8333333333334 1.0 81.0 1.0
Point 40 1306.8333333333333 655.5 1.0 82.0 1.0
Point 41 1307.5 654.1666666666666 1.0 83.0 1.0
Point 42 1293.5 656.8333333333334 1.0 84.0 1.0
Point 43 1278.8333333333333 669.5 1.0 85.0 1.0
Point 44 1274.1666666666667 666.1666666666666 1.0 86.0 1.0
Point 45 1272.1666666666667 664.8333333333334 1.0 87.0 1.0
Point 46 1279.5 661.5 1.0 88.0 1.0
Point 47 1282.1666666666667 658.8333333333334 1.0 89.0 1.0
Point 48 1297.5 649.5 1.0 90.0 1.0
Point 49 1282.8333333333333 660.8333333333334 1.0 91.0 1.0
Point 50 1260.8333333333333 683.5 1.0 92.0 1.0
Point 51 1269.5 674.1666666666666 1.0 93.0 1.0
Point 52 1258.8333333333333 678.1666666666666 1.0 94.0 1.0
Point 53 1259.5 690.8333333333333 1.0 95.0 1.0
Point 54 1259.5 692.1666666666667 1.0 96.0 1.0
Point 55 1256.1666666666667 696.1666666666667 1.0 97.0 1.0
Point 56 1257.5 701.5 1.0 98.0 1.0
Point 57 1257.5 707.5 1.0 99.0 1.0
Point 58 1251.5 702.1666666666667 1.0 100.0 1.0
Point 59 1252.1666666666667 700.8333333333333 1.0 101.0 1.0
Point 60 1252.8333333333333 713.5 1.0 102.0 1.0
Point 61 1250.1666666666667 708.8333333333333 1.0 103.0 1.0
Point 62 1254.8333333333333 695.5 1.0 104.0 1.0
Point 63 1258.1666666666667 697.5 1.0 105.0 1.0
Point 64 1258.1666666666667 692.8333333333333 1.0 106.0 1.0
Point 65 1261.5 710.1666666666667 1.0 107.0 1.0
Point 66 1265.5 684.8333333333333 1.0 108.0 1.0
Point 67 1263.5 689.5 1.0 109.0 1.0
Point 68 1262.8333333333333 686.1666666666667 1.0 110.0 1.0
Point 69 1256.1666666666667 698.8333333333333 1.0 111.0 1.0
Point 70 1253.5 708.1666666666667 1.0 112.0 1.0
Point 71 1249.5 734.8333333333333 1.0 113.0 1.0
Point 72 1251.5 719.5 1.0 114.0 1.0
Point 73 1252.8333333333333 718.8333333333333 1.0 115.0 1.0
Point 74 1250.8333333333333 718.1666666666667 1.0 116.0 1.0
Point 75 1249.5 716.1666666666667 1.0 117.0 1.0
Point 76 1252.8333333333333 712.8333333333333 1.0 118.0 1.0
Point 77 1249.5 704.8333333333333 1.0 119.0 1.0
Point 78 1246.8333333333333 708.8333333333333 1.0 120.0 1.0
Point 79 1244.8333333333333 706.8333333333333 1.0 121.0 1.0
Point 80 1248.1666666666667 712.1666666666667 1.0 122.0 1.0
Point 81 1242.8333333333333 716.1666666666667 1.0 123.0 1.0
Point 82 1248.1666666666667 724.8333333333333 1.0 124.0 1.0
Point 83 1246.8333333333333 731.5 1.0 125.0 1.0
Point 84 1250.1666666666667 734.1666666666667 1.0 126.0 1.0
Point 85 1248.1666666666667 742.8333333333333 1.0 127.0 1.0
Point 86 1248.1666666666667 734.8333333333333 1.0 128.0 1.0
Point 87 1250.1666666666667 731.5 1.0 129.0 1.0
Point 88 1267.5 759.5 1.0 130.0 1.0
Point 89 1274.8333333333333 766.1666666666667 1.0 131.0 1.0
Point 90 1276.1666666666667 780.1666666666667 1.0 132.0 1.0
Point 91 1276.1666666666667 768.8333333333333 1.0 133.0 1.0
Point 92 1262.1666666666667 754.8333333333333 1.0 134.0 1.0
Point 93 1255.5 752.8333333333333 1.0 135.0 1.0
Point 94 1252.8333333333333 751.5 1.0 136.0 1.0
Point 95 1254.8333333333333 754.1666666666667 1.0 137.0 1.0
Point 96 1250.8333333333333 758.1666666666667 1.0 138.0 1.0
Point 97 1254.1666666666667 754.1666666666667 1.0 139.0 1.0
Point 98 1252.8333333333333 757.5 1.0 140.0 1.0
Point 99 1249.5 757.5 1.0 141.0 1.0
Point 100 1247.5 758.1666666666667 1.0 142.0 1.0
Point 101 1243.5 756.8333333333333 1.0 143.0 1.0
Point 102 1246.1666666666667 751.5 1.0 144.0 1.0
Point 103 1242.1666666666667 751.5 1.0 145.0 1.0
Point 104 1243.5 749.5 1.0 146.0 1.0
Point 105 1243.5 752.8333333333333 1.0 147.0 1.0
Point 106 1244.8333333333333 750.1666666666667 1.0 148.0 1.0
Point 107 1252.1666666666667 746.8333333333333 1.0 149.0 1.0
Point 108 1251.5 736.8333333333333 1.0 150.0 1.0
Point 109 1249.5 733.5 1.0 151.0 1.0
Point 110 1251.5 732.1666666666667 1.0 152.0 1.0
Point 111 1257.5 732.1666666666667 1.0 153.0 1.0
Point 112 1255.5 734.8333333333333 1.0 154.0 1.0
Point 113 1249.5 732.1666666666667 1.0 155.0 1.0
Point 114 1256.8333333333333 732.8333333333333 1.0 156.0 1.0
Point 115 1262.1666666666667 728.8333333333333 1.0 157.0 1.0
Point 116 1252.8333333333333 735.5 1.0 158.0 1.0
Point 117 1253.5 734.1666666666667 1.0 159.0 1.0
Point 118 1248.1666666666667 740.1666666666667 1.0 160.0 1.0
Point 119 1257.5 734.1666666666667 1.0 161.0 1.0
Point 120 1249.5 740.1666666666667 1.0 162.0 1.0
Point 121 1248.1666666666667 735.5 1.0 163.0 1.0
Point 122 1247.5 729.5 1.0 164.0 1.0
Point 123 1250.8333333333333 738.8333333333333 1.0 165.0 1.0
Point 124 1258.1666666666667 744.1666666666667 1.0 166.0 1.0
Point 125 1266.8333333333333 749.5 1.0 167.0 1.0
Point 126 1268.8333333333333 752.8333333333333 1.0 168.0 1.0
Point 127 1260.8333333333333 743.5 1.0 169.0 1.0
Point 128 1259.5 742.1666666666667 1.0 170.0 1.0
Point 129 1257.5 740.8333333333333 1.0 171.0 1.0
Point 130 1258.8333333333333 742.8333333333333 1.0 172.0 1.0
Point 131 1255.5 740.8333333333333 1.0 173.0 1.0
Point 132 1257.5 742.1666666666667 1.0 174.0 1.0
Point 133 1250.8333333333333 741.5 1.0 175.0 1.0
Point 134 1251.5 742.8333333333333 1.0 176.0 1.0
Point 135 1256.1666666666667 742.1666666666667 1.0 177.0 1.0
Point 136 1254.1666666666667 743.5 1.0 178.0 1.0
Point 137 1250.1666666666667 745.5 1.0 179.0 1.0
Point 138 1256.1666666666667 737.5 1.0 180.0 1.0
Point 139 1252.1666666666667 738.1666666666667 1.0 181.0 1.0
Point 140 1244.8333333333333 742.8333333333333 1.0 182.0 1.0
Point 141 1240.8333333333333 751.5 1.0 183.0 1.0
Point 142 1228.1666666666667 752.8333333333333 1.0 184.0 1.0
Point 143 1228.8333333333333 754.8333333333333 1.0 185.0 1.0
Point 144 1234.8333333333333 758.1666666666667 1.0 186.0 1.0
Point 145 1226.8333333333333 750.8333333333333 1.0 187.0 1.0
Point 146 1240.8333333333333 748.8333333333333 1.0 188.0 1.0
Point 147 1232.1666666666667 742.8333333333333 1.0 189.0 1.0
Point 148 1230.1666666666667 743.5 1.0 190.0 1.0
Point 149 1234.8333333333333 744.1666666666667 1.0 191.0 1.0
Point 150 1242.1666666666667 745.5 1.0 192.0 1.0
Point 151 1248.1666666666667 750.1666666666667 1.0 193.0 1.0
Point 152 1238.1666666666667 744.1666666666667 1.0 194.0 1.0
Point 153 1241.5 741.5 1.0 195.0 1.0
Point 154 1246.8333333333333 728.8333333333333 1.0 196.0 1.0
Point 155 1253.5 712.8333333333333 1.0 197.0 1.0
Point 156 1249.5 714.8333333333333 1.0 198.0 1.0
Point 157 1241.5 730.1666666666667 1.0 199.0 1.0
Point 158 1236.8333333333333 728.1666666666667 1.0 200.0 1.0
End of MTrackJ Data File
