MTrackJ 1.5.1 Data File
Displaying false true true 1 0 0 0 100 12 0 0 0 0 1 9 1 false false true false
Assembly 1 FF0000
Cluster 1 FF0000
Track 1 FF0000 true
Point 1 526.0 789.0 1.0 1.0 3.0
Point 2 519.0 777.0 1.0 2.0 3.0
Point 3 524.0 758.0 1.0 3.0 3.0
Point 4 524.0 761.0 1.0 4.0 3.0
Point 5 522.0 762.0 1.0 5.0 3.0
Point 6 522.0 760.0 1.0 6.0 3.0
Point 7 524.0 750.0 1.0 7.0 3.0
Point 8 518.0 757.0 1.0 8.0 3.0
Point 74 524.0 746.0 1.0 9.0 3.0
Point 75 525.0 734.0 1.0 10.0 3.0
Point 76 514.0 719.0 1.0 11.0 3.0
Point 77 518.0 719.0 1.0 12.0 3.0
Point 78 512.0 721.0 1.0 13.0 3.0
Point 79 491.0 705.0 1.0 14.0 3.0
Point 80 479.0 706.0 1.0 15.0 3.0
Point 81 493.0 693.0 1.0 16.0 3.0
Point 82 499.0 695.0 1.0 17.0 3.0
Point 83 490.0 698.0 1.0 18.0 3.0
Point 84 495.0 692.0 1.0 19.0 3.0
Point 85 496.0 693.0 1.0 20.0 3.0
Point 86 502.0 684.0 1.0 21.0 3.0
Point 87 496.0 700.0 1.0 22.0 3.0
Point 88 495.0 693.0 1.0 23.0 3.0
Point 89 497.0 693.0 1.0 24.0 3.0
Point 90 513.0 683.0 1.0 25.0 3.0
Point 91 517.0 680.0 1.0 26.0 3.0
Point 9 559.0 708.0 1.0 27.0 3.0
Point 10 575.0 716.0 1.0 28.0 3.0
Point 11 578.0 713.0 1.0 29.0 3.0
Point 12 584.0 716.0 1.0 30.0 3.0
Point 13 575.0 715.0 1.0 31.0 3.0
Point 18 559.0 702.0 1.0 32.0 3.0
Point 16 546.0 680.0 1.0 33.0 3.0
Point 17 553.0 673.0 1.0 34.0 3.0
Point 15 551.0 668.0 1.0 35.0 3.0
Point 19 554.0 674.0 1.0 36.0 3.0
Point 20 554.0 675.0 1.0 37.0 3.0
Point 21 556.0 676.0 1.0 38.0 3.0
Point 22 560.0 676.0 1.0 39.0 3.0
Point 23 597.0 696.0 1.0 40.0 3.0
Point 24 610.0 700.0 1.0 41.0 3.0
Point 25 622.0 701.0 1.0 42.0 3.0
Point 26 625.0 697.0 1.0 43.0 3.0
Point 27 620.0 712.0 1.0 44.0 3.0
Point 28 632.0 724.0 1.0 45.0 3.0
Point 29 632.0 733.0 1.0 46.0 3.0
Point 30 631.0 745.0 1.0 47.0 3.0
Point 31 636.0 752.0 1.0 48.0 3.0
Point 32 629.0 755.0 1.0 49.0 3.0
Point 33 625.0 745.0 1.0 50.0 3.0
Point 34 626.0 733.0 1.0 51.0 3.0
Point 35 628.0 724.0 1.0 52.0 3.0
Point 36 630.0 719.0 1.0 53.0 3.0
Point 37 620.0 725.0 1.0 54.0 3.0
Point 38 622.0 734.0 1.0 55.0 3.0
Point 39 639.0 746.0 1.0 56.0 3.0
Point 40 640.0 759.0 1.0 57.0 3.0
Point 41 637.0 764.0 1.0 58.0 3.0
Point 42 636.0 772.0 1.0 59.0 3.0
Point 43 627.0 778.0 1.0 60.0 3.0
Point 44 621.0 765.0 1.0 61.0 3.0
Point 45 634.0 767.0 1.0 62.0 3.0
Point 46 637.0 762.0 1.0 63.0 3.0
Point 47 640.0 758.0 1.0 64.0 3.0
Point 48 636.0 762.0 1.0 65.0 3.0
Point 49 637.0 767.0 1.0 66.0 3.0
Point 50 638.0 762.0 1.0 67.0 3.0
Point 51 636.0 759.0 1.0 68.0 3.0
Point 52 626.0 765.0 1.0 69.0 3.0
Point 53 620.0 760.0 1.0 70.0 3.0
Point 54 618.0 777.0 1.0 71.0 3.0
Point 55 610.0 787.0 1.0 72.0 3.0
Point 56 584.0 801.0 1.0 73.0 3.0
Point 57 589.0 793.0 1.0 74.0 3.0
Point 58 618.0 780.0 1.0 75.0 3.0
Point 59 602.0 784.0 1.0 76.0 3.0
Point 60 614.0 779.0 1.0 77.0 3.0
Point 61 619.0 768.0 1.0 78.0 3.0
Point 62 626.0 744.0 1.0 79.0 3.0
Point 63 605.0 716.0 1.0 80.0 3.0
Point 64 604.0 717.0 1.0 81.0 3.0
Point 65 578.0 712.0 1.0 82.0 3.0
Point 66 565.0 700.0 1.0 83.0 3.0
Point 67 559.0 683.0 1.0 84.0 3.0
Point 68 560.0 690.0 1.0 85.0 3.0
Point 69 561.0 692.0 1.0 86.0 3.0
Point 70 554.0 684.0 1.0 87.0 3.0
Point 71 562.0 675.0 1.0 88.0 3.0
Point 72 561.0 672.0 1.0 89.0 3.0
Point 73 550.0 683.0 1.0 90.0 3.0
End of MTrackJ Data File
