MTrackJ 1.5.1 Data File
Displaying false true true 1 0 0 0 100 12 0 1 0 0 1 9 1 false false true false
Assembly 1 FF0000
Cluster 1 FF0000
Track 1 FF0000 true
Point 1 515.0 767.0 1.0 1.0 3.0
Point 2 516.0 766.0 1.0 2.0 3.0
Point 3 515.0 764.0 1.0 3.0 3.0
Point 4 514.0 764.0 1.0 4.0 3.0
Point 5 517.0 764.0 1.0 5.0 3.0
Point 6 517.0 764.0 1.0 6.0 3.0
Point 7 513.0 753.0 1.0 7.0 3.0
Point 8 504.0 747.0 1.0 8.0 3.0
Point 9 503.0 739.0 1.0 9.0 3.0
Point 10 502.0 733.0 1.0 10.0 3.0
Point 11 501.0 730.0 1.0 11.0 3.0
Point 12 500.0 725.0 1.0 12.0 3.0
Point 13 493.0 723.0 1.0 13.0 3.0
Point 14 488.0 719.0 1.0 14.0 3.0
Point 26 478.0 717.0 1.0 15.0 3.0
Point 27 479.0 713.0 1.0 16.0 3.0
Point 28 482.0 711.0 1.0 17.0 3.0
Point 29 482.0 710.0 1.0 18.0 3.0
Point 30 483.0 708.0 1.0 19.0 3.0
Point 31 484.0 707.0 1.0 20.0 3.0
Point 32 486.0 705.0 1.0 21.0 3.0
Point 33 486.0 702.0 1.0 22.0 3.0
Point 34 488.0 698.0 1.0 23.0 3.0
Point 35 491.0 694.0 1.0 24.0 3.0
Point 25 496.0 690.0 1.0 25.0 3.0
Point 36 499.0 685.0 1.0 26.0 3.0
Point 37 500.0 684.0 1.0 27.0 3.0
Point 38 496.0 684.0 1.0 28.0 3.0
Point 39 507.0 686.0 1.0 29.0 3.0
Point 40 506.0 684.0 1.0 30.0 3.0
Point 41 511.0 684.0 1.0 31.0 3.0
Point 42 523.0 686.0 1.0 32.0 3.0
Point 43 525.0 688.0 1.0 33.0 3.0
Point 44 532.0 688.0 1.0 34.0 3.0
Point 45 537.0 689.0 1.0 35.0 3.0
Point 46 536.0 688.0 1.0 36.0 3.0
Point 47 535.0 681.0 1.0 37.0 3.0
Point 48 565.0 685.0 1.0 38.0 3.0
Point 49 578.0 686.0 1.0 39.0 3.0
Point 50 592.0 691.0 1.0 40.0 3.0
Point 51 601.0 696.0 1.0 41.0 3.0
Point 52 598.0 698.0 1.0 42.0 3.0
Point 53 603.0 698.0 1.0 43.0 3.0
Point 54 606.0 697.0 1.0 44.0 3.0
Point 55 607.0 694.0 1.0 45.0 3.0
Point 56 602.0 688.0 1.0 46.0 3.0
Point 57 589.0 680.0 1.0 47.0 3.0
Point 58 595.0 680.0 1.0 48.0 3.0
Point 59 604.0 685.0 1.0 49.0 3.0
Point 60 616.0 699.0 1.0 50.0 3.0
Point 61 607.0 697.0 1.0 51.0 3.0
Point 62 605.0 690.0 1.0 52.0 3.0
Point 63 605.0 685.0 1.0 53.0 3.0
Point 64 619.0 687.0 1.0 54.0 3.0
Point 65 601.0 687.0 1.0 55.0 3.0
Point 66 601.0 688.0 1.0 56.0 3.0
Point 67 603.0 687.0 1.0 57.0 3.0
Point 68 610.0 692.0 1.0 58.0 3.0
Point 69 610.0 700.0 1.0 59.0 3.0
Point 70 620.0 711.0 1.0 60.0 3.0
Point 71 625.0 728.0 1.0 61.0 3.0
Point 72 627.0 727.0 1.0 62.0 3.0
Point 73 629.0 723.0 1.0 63.0 3.0
Point 74 629.0 723.0 1.0 64.0 3.0
Point 75 630.0 720.0 1.0 65.0 3.0
Point 76 629.0 718.0 1.0 66.0 3.0
Point 77 629.0 720.0 1.0 67.0 3.0
Point 78 629.0 739.0 1.0 68.0 3.0
Point 79 631.0 739.0 1.0 69.0 3.0
Point 80 629.0 736.0 1.0 70.0 3.0
Point 81 626.0 733.0 1.0 71.0 3.0
Point 82 625.0 730.0 1.0 72.0 3.0
Point 83 625.0 730.0 1.0 73.0 3.0
Point 84 624.0 737.0 1.0 74.0 3.0
Point 85 622.0 742.0 1.0 75.0 3.0
Point 86 621.0 740.0 1.0 76.0 3.0
Point 87 610.0 723.0 1.0 77.0 3.0
Point 88 605.0 716.0 1.0 78.0 3.0
Point 89 601.0 712.0 1.0 79.0 3.0
Point 90 587.0 708.0 1.0 80.0 3.0
Point 91 582.0 701.0 1.0 81.0 3.0
Point 92 579.0 696.0 1.0 82.0 3.0
Point 93 575.0 693.0 1.0 83.0 3.0
Point 94 571.0 682.0 1.0 84.0 3.0
Point 95 566.0 675.0 1.0 85.0 3.0
Point 96 570.0 682.0 1.0 86.0 3.0
Point 97 567.0 680.0 1.0 87.0 3.0
Point 98 562.0 673.0 1.0 88.0 3.0
Point 99 564.0 664.0 1.0 89.0 3.0
Point 100 560.0 671.0 1.0 90.0 3.0
End of MTrackJ Data File
