MTrackJ 1.5.1 Data File
Displaying true true true 1 2 0 0 100 10 0 0 0 0 1 12 0 false true true false
Assembly 1 FF0000
Cluster 1 FF0000
Track 1 FF0000 true
Point 10 163.0 323.0 1.0 8.0 1.0
Point 11 151.0 254.0 1.0 22.0 1.0
Point 12 187.0 245.0 1.0 79.0 1.0
Point 13 274.0 225.0 1.0 86.0 1.0
Point 2 283.5 308.16666666666663 1.0 91.0 1.0
Point 3 342.1666666666667 300.16666666666663 1.0 96.0 1.0
Point 4 344.1666666666667 394.1666666666667 1.0 104.0 1.0
Point 14 376.0 377.0 1.0 110.0 1.0
Point 5 356.8333333333333 191.5 1.0 120.0 1.0
Point 6 384.8333333333333 160.83333333333331 1.0 129.0 1.0
Point 7 401.5 132.83333333333334 1.0 141.0 1.0
Point 8 455.5 134.83333333333334 1.0 168.0 1.0
End of MTrackJ Data File
