MTrackJ 1.5.1 Data File
Displaying true true true 2 0 0 0 100 10 0 0 0 0 1 12 0 true true true false
Assembly 1 FF0000
Cluster 1 FF0000
Track 1 FF0000 true
Point 1 46.0 331.0 1.0 1.0 1.0
Point 2 52.0 333.0 1.0 2.0 1.0
Point 3 51.0 337.0 1.0 3.0 1.0
Point 4 47.0 337.0 1.0 4.0 1.0
Point 5 53.0 341.0 1.0 5.0 1.0
Point 6 57.0 342.0 1.0 6.0 1.0
Point 7 59.0 343.0 1.0 7.0 1.0
Point 8 60.0 344.0 1.0 8.0 1.0
Point 9 58.0 344.0 1.0 9.0 1.0
Point 10 54.0 342.0 1.0 10.0 1.0
Point 11 54.0 342.0 1.0 11.0 1.0
Point 12 51.0 342.0 1.0 12.0 1.0
Point 13 51.0 341.0 1.0 13.0 1.0
Point 14 53.0 340.0 1.0 14.0 1.0
Point 15 52.0 339.0 1.0 15.0 1.0
Point 16 49.0 339.0 1.0 16.0 1.0
Point 17 49.0 337.0 1.0 17.0 1.0
Point 18 49.0 337.0 1.0 18.0 1.0
Point 19 52.0 338.0 1.0 19.0 1.0
Point 20 56.0 336.0 1.0 20.0 1.0
Point 21 60.0 332.0 1.0 21.0 1.0
Point 22 60.0 331.0 1.0 22.0 1.0
Point 23 57.0 333.0 1.0 23.0 1.0
Point 24 56.0 334.0 1.0 24.0 1.0
Point 25 56.0 334.0 1.0 25.0 1.0
Point 26 57.0 336.0 1.0 26.0 1.0
Point 27 54.0 334.0 1.0 27.0 1.0
Point 28 54.0 334.0 1.0 28.0 1.0
Point 29 55.0 334.0 1.0 29.0 1.0
Point 30 54.0 336.0 1.0 30.0 1.0
Point 31 54.0 334.0 1.0 31.0 1.0
Point 32 52.0 332.0 1.0 32.0 1.0
Point 33 52.0 332.0 1.0 33.0 1.0
Point 34 53.0 332.0 1.0 34.0 1.0
Point 35 53.0 332.0 1.0 35.0 1.0
Point 36 53.0 332.0 1.0 36.0 1.0
Point 37 54.0 332.0 1.0 37.0 1.0
Point 38 55.0 330.0 1.0 38.0 1.0
Point 39 56.0 329.0 1.0 39.0 1.0
Point 40 57.0 329.0 1.0 40.0 1.0
Point 41 56.0 328.0 1.0 41.0 1.0
Point 42 56.0 328.0 1.0 42.0 1.0
Point 43 56.0 328.0 1.0 43.0 1.0
Point 44 58.0 327.0 1.0 44.0 1.0
Point 45 58.0 327.0 1.0 45.0 1.0
Point 46 56.0 324.0 1.0 46.0 1.0
Point 47 56.0 324.0 1.0 47.0 1.0
Point 48 58.0 323.0 1.0 48.0 1.0
Point 49 55.0 325.0 1.0 49.0 1.0
Point 50 55.0 325.0 1.0 50.0 1.0
Point 51 55.0 325.0 1.0 51.0 1.0
Point 52 55.0 325.0 1.0 52.0 1.0
Point 53 55.0 325.0 1.0 53.0 1.0
Point 54 56.0 324.0 1.0 54.0 1.0
Point 55 56.0 324.0 1.0 55.0 1.0
Point 56 56.0 324.0 1.0 56.0 1.0
Point 57 56.0 324.0 1.0 57.0 1.0
Point 58 56.0 324.0 1.0 58.0 1.0
Track 2 FFFF00 true
Point 1 57.0 322.0 1.0 59.0 1.0
Point 2 58.0 321.0 1.0 60.0 1.0
Point 3 63.0 316.0 1.0 61.0 1.0
Point 4 63.0 316.0 1.0 62.0 1.0
Point 5 64.0 316.0 1.0 63.0 1.0
Point 6 64.0 315.0 1.0 64.0 1.0
Point 7 67.0 312.0 1.0 65.0 1.0
Point 8 69.0 311.0 1.0 66.0 1.0
Point 9 69.0 311.0 1.0 67.0 1.0
Point 10 70.0 309.0 1.0 68.0 1.0
Point 11 71.0 309.0 1.0 69.0 1.0
Point 12 72.0 309.0 1.0 70.0 1.0
Point 13 75.0 305.0 1.0 71.0 1.0
Point 14 76.0 304.0 1.0 72.0 1.0
Point 15 75.0 303.0 1.0 73.0 1.0
Point 16 69.0 304.0 1.0 74.0 1.0
Point 17 64.0 307.0 1.0 75.0 1.0
Point 18 81.0 300.0 1.0 76.0 1.0
Point 19 88.0 294.0 1.0 77.0 1.0
Point 20 96.0 286.0 1.0 78.0 1.0
Point 21 95.0 286.0 1.0 79.0 1.0
Point 22 95.0 285.0 1.0 80.0 1.0
Point 23 93.0 283.0 1.0 81.0 1.0
Point 24 93.0 282.0 1.0 82.0 1.0
Point 25 93.0 282.0 1.0 83.0 1.0
Point 26 159.0 262.0 1.0 84.0 1.0
Point 27 185.0 250.0 1.0 85.0 1.0
Point 28 191.0 248.0 1.0 86.0 1.0
Point 29 192.0 248.0 1.0 87.0 1.0
Point 30 202.0 244.0 1.0 88.0 1.0
Point 31 211.0 244.0 1.0 89.0 1.0
Point 32 217.0 239.0 1.0 90.0 1.0
Point 33 216.0 237.0 1.0 91.0 1.0
Point 34 215.0 236.0 1.0 92.0 1.0
Point 35 218.0 233.0 1.0 93.0 1.0
Point 36 218.0 233.0 1.0 94.0 1.0
Point 37 223.0 235.0 1.0 95.0 1.0
Point 38 226.0 233.0 1.0 96.0 1.0
Point 39 228.0 232.0 1.0 97.0 1.0
Point 40 231.0 232.0 1.0 98.0 1.0
Point 41 237.0 229.0 1.0 99.0 1.0
Point 42 237.0 229.0 1.0 100.0 1.0
Point 43 239.0 231.0 1.0 101.0 1.0
Point 44 239.0 234.0 1.0 102.0 1.0
Point 45 248.0 234.0 1.0 103.0 1.0
Point 46 252.0 239.0 1.0 104.0 1.0
Point 47 283.0 270.0 1.0 105.0 1.0
Point 48 273.0 266.0 1.0 106.0 1.0
Point 49 274.0 267.0 1.0 107.0 1.0
Point 50 273.0 261.0 1.0 108.0 1.0
Point 51 274.0 256.0 1.0 109.0 1.0
Point 52 275.0 255.0 1.0 110.0 1.0
Point 53 274.0 254.0 1.0 111.0 1.0
Point 54 274.0 254.0 1.0 112.0 1.0
Point 55 276.0 253.0 1.0 113.0 1.0
Point 56 278.0 257.0 1.0 114.0 1.0
Point 57 279.0 256.0 1.0 115.0 1.0
Point 58 283.0 254.0 1.0 116.0 1.0
Point 59 284.0 249.0 1.0 117.0 1.0
Point 60 286.0 246.0 1.0 118.0 1.0
Point 61 289.0 248.0 1.0 119.0 1.0
Point 62 290.0 252.0 1.0 120.0 1.0
Point 63 294.0 250.0 1.0 121.0 1.0
Point 64 300.0 245.0 1.0 122.0 1.0
Point 65 355.0 236.0 1.0 123.0 1.0
Point 66 348.0 236.0 1.0 124.0 1.0
Point 67 352.0 236.0 1.0 125.0 1.0
Point 68 354.0 235.0 1.0 126.0 1.0
Point 69 354.0 235.0 1.0 127.0 1.0
Point 70 354.0 235.0 1.0 128.0 1.0
Point 71 354.0 235.0 1.0 129.0 1.0
Point 72 356.0 234.0 1.0 130.0 1.0
Point 73 356.0 234.0 1.0 131.0 1.0
Point 74 358.0 232.0 1.0 132.0 1.0
Point 75 358.0 230.0 1.0 133.0 1.0
Point 76 360.0 229.0 1.0 134.0 1.0
Point 77 360.0 228.0 1.0 135.0 1.0
Point 78 359.0 226.0 1.0 136.0 1.0
Point 79 358.0 225.0 1.0 137.0 1.0
Point 80 358.0 224.0 1.0 138.0 1.0
Point 81 359.0 222.0 1.0 139.0 1.0
Point 82 359.0 216.0 1.0 140.0 1.0
Point 83 358.0 210.0 1.0 141.0 1.0
Point 84 357.0 203.0 1.0 142.0 1.0
Point 85 361.0 200.0 1.0 143.0 1.0
Point 86 361.0 200.0 1.0 144.0 1.0
Point 87 361.0 200.0 1.0 145.0 1.0
Point 88 361.0 200.0 1.0 146.0 1.0
Point 89 363.0 198.0 1.0 147.0 1.0
Point 90 363.0 198.0 1.0 148.0 1.0
Point 91 366.0 197.0 1.0 149.0 1.0
Point 92 366.0 196.0 1.0 150.0 1.0
Point 93 366.0 196.0 1.0 151.0 1.0
Point 94 366.0 196.0 1.0 152.0 1.0
Point 95 363.0 210.0 1.0 153.0 1.0
Point 96 364.0 219.0 1.0 154.0 1.0
Point 97 363.0 243.0 1.0 155.0 1.0
Point 98 365.0 245.0 1.0 156.0 1.0
Point 99 365.0 245.0 1.0 157.0 1.0
Point 100 365.0 245.0 1.0 158.0 1.0
Point 101 364.0 245.0 1.0 159.0 1.0
Point 102 363.0 241.0 1.0 160.0 1.0
Point 103 364.0 231.0 1.0 161.0 1.0
Point 104 363.0 230.0 1.0 162.0 1.0
Point 105 360.0 228.0 1.0 163.0 1.0
Point 106 361.0 225.0 1.0 164.0 1.0
Point 107 360.0 224.0 1.0 165.0 1.0
Point 108 362.0 217.0 1.0 166.0 1.0
Point 109 362.0 218.0 1.0 167.0 1.0
Point 110 363.0 213.0 1.0 168.0 1.0
Point 111 364.0 211.0 1.0 169.0 1.0
Point 112 371.0 192.0 1.0 170.0 1.0
Point 113 367.0 185.0 1.0 171.0 1.0
Point 114 367.0 184.0 1.0 172.0 1.0
Point 115 367.0 184.0 1.0 173.0 1.0
Point 116 365.0 186.0 1.0 174.0 1.0
Point 117 364.0 186.0 1.0 175.0 1.0
Point 118 364.0 187.0 1.0 176.0 1.0
Point 119 364.0 187.0 1.0 177.0 1.0
Point 120 364.0 187.0 1.0 178.0 1.0
Point 121 365.0 194.0 1.0 179.0 1.0
Point 122 365.0 194.0 1.0 180.0 1.0
Point 123 362.0 201.0 1.0 181.0 1.0
Point 124 362.0 207.0 1.0 182.0 1.0
Point 125 362.0 210.0 1.0 183.0 1.0
Point 126 362.0 211.0 1.0 184.0 1.0
Point 127 363.0 212.0 1.0 185.0 1.0
Point 128 365.0 205.0 1.0 186.0 1.0
Point 129 365.0 204.0 1.0 187.0 1.0
Point 130 365.0 204.0 1.0 188.0 1.0
Point 131 365.0 204.0 1.0 189.0 1.0
Point 132 365.0 204.0 1.0 190.0 1.0
Point 133 367.0 201.0 1.0 191.0 1.0
Point 134 367.0 201.0 1.0 192.0 1.0
Point 135 366.0 202.0 1.0 193.0 1.0
Point 136 366.0 202.0 1.0 194.0 1.0
Point 137 365.0 203.0 1.0 195.0 1.0
Point 138 364.0 203.0 1.0 196.0 1.0
Point 139 361.0 205.0 1.0 197.0 1.0
Point 140 361.0 205.0 1.0 198.0 1.0
Point 141 363.0 206.0 1.0 199.0 1.0
Point 142 363.0 210.0 1.0 200.0 1.0
Point 143 363.0 211.0 1.0 201.0 1.0
Point 144 361.0 213.0 1.0 202.0 1.0
Point 145 361.0 212.0 1.0 203.0 1.0
Point 146 361.0 212.0 1.0 204.0 1.0
Point 147 366.0 205.0 1.0 205.0 1.0
Point 148 366.0 202.0 1.0 206.0 1.0
Point 149 366.0 200.0 1.0 207.0 1.0
Point 150 360.0 203.0 1.0 208.0 1.0
Point 151 360.0 203.0 1.0 209.0 1.0
Point 152 358.0 199.0 1.0 210.0 1.0
Point 153 361.0 195.0 1.0 211.0 1.0
Point 154 363.0 193.0 1.0 212.0 1.0
Point 155 364.0 196.0 1.0 213.0 1.0
Point 156 363.0 197.0 1.0 214.0 1.0
Point 157 363.0 197.0 1.0 215.0 1.0
Point 158 364.0 198.0 1.0 216.0 1.0
Point 159 362.0 200.0 1.0 217.0 1.0
Point 160 362.0 200.0 1.0 218.0 1.0
Point 161 362.0 198.0 1.0 219.0 1.0
Point 162 360.0 195.0 1.0 220.0 1.0
Point 163 359.0 195.0 1.0 221.0 1.0
Point 164 360.0 196.0 1.0 222.0 1.0
Point 165 359.0 199.0 1.0 223.0 1.0
Point 166 359.0 200.0 1.0 224.0 1.0
Point 167 357.0 202.0 1.0 225.0 1.0
Point 168 358.0 200.0 1.0 226.0 1.0
Track 3 00FF00 true
Point 1 357.0 201.0 1.0 227.0 1.0
Point 2 358.0 199.0 1.0 228.0 1.0
Point 3 359.0 197.0 1.0 229.0 1.0
Point 4 360.0 195.0 1.0 230.0 1.0
Point 5 368.0 191.0 1.0 231.0 1.0
Point 6 374.0 187.0 1.0 232.0 1.0
Point 7 372.0 187.0 1.0 233.0 1.0
Point 8 372.0 187.0 1.0 234.0 1.0
Point 9 371.0 188.0 1.0 235.0 1.0
Point 10 369.0 189.0 1.0 236.0 1.0
Point 11 369.0 187.0 1.0 237.0 1.0
Point 12 369.0 186.0 1.0 238.0 1.0
Point 13 370.0 186.0 1.0 239.0 1.0
Point 15 370.0 186.0 1.0 240.0 1.0
End of MTrackJ Data File
