MTrackJ 1.5.1 Data File
Displaying true true true 1 2 0 0 100 10 0 0 0 0 1 12 0 false true true false
Assembly 1 FF0000
Cluster 1 FF0000
Track 1 FF0000 true
Point 1 48.0 366.0 1.0 1.0 2.0
Point 2 52.0 364.0 1.0 2.0 2.0
Point 3 65.0 361.0 1.0 3.0 2.0
Point 4 74.0 357.0 1.0 4.0 2.0
Point 5 88.0 358.0 1.0 5.0 2.0
Point 6 90.0 361.0 1.0 6.0 2.0
Point 7 97.0 362.0 1.0 7.0 2.0
Point 8 93.0 362.0 1.0 8.0 2.0
Point 9 82.0 354.0 1.0 9.0 2.0
Point 10 82.0 346.0 1.0 10.0 2.0
Point 11 82.0 339.0 1.0 11.0 2.0
Point 12 93.0 327.0 1.0 12.0 2.0
Point 13 105.0 322.0 1.0 13.0 2.0
Point 14 114.0 316.0 1.0 14.0 2.0
Point 15 119.0 312.0 1.0 15.0 2.0
Point 16 131.0 300.0 1.0 16.0 2.0
Point 17 148.0 285.0 1.0 17.0 2.0
Point 18 150.0 279.0 1.0 18.0 2.0
Point 19 149.0 271.0 1.0 19.0 2.0
Point 20 147.0 261.0 1.0 20.0 2.0
Point 21 140.0 270.0 1.0 21.0 2.0
Point 22 143.0 269.0 1.0 22.0 2.0
Point 23 138.0 276.0 1.0 23.0 2.0
Point 24 139.0 272.0 1.0 24.0 2.0
Point 25 137.0 267.0 1.0 25.0 2.0
Point 26 133.0 277.0 1.0 26.0 2.0
Point 27 132.0 285.0 1.0 27.0 2.0
Point 28 129.0 294.0 1.0 28.0 2.0
Point 29 126.0 290.0 1.0 29.0 2.0
Point 30 124.0 292.0 1.0 30.0 2.0
Point 31 123.0 287.0 1.0 31.0 2.0
Point 32 123.0 287.0 1.0 32.0 2.0
Point 33 123.0 287.0 1.0 33.0 2.0
Point 34 129.0 288.0 1.0 34.0 2.0
Point 35 133.0 297.0 1.0 35.0 2.0
Point 36 136.0 302.0 1.0 36.0 2.0
Point 37 138.0 311.0 1.0 37.0 2.0
Point 38 139.0 329.0 1.0 38.0 2.0
Point 39 138.0 327.0 1.0 39.0 2.0
Point 40 139.0 317.0 1.0 40.0 2.0
Point 41 137.0 300.0 1.0 41.0 2.0
Point 42 137.0 301.0 1.0 42.0 2.0
Point 43 136.0 303.0 1.0 43.0 2.0
Point 44 138.0 321.0 1.0 44.0 2.0
Point 45 140.0 316.0 1.0 45.0 2.0
Point 46 132.0 307.0 1.0 46.0 2.0
Point 47 131.0 302.0 1.0 47.0 2.0
Point 48 126.0 295.0 1.0 48.0 2.0
Point 49 126.0 295.0 1.0 49.0 2.0
Point 50 123.0 299.0 1.0 50.0 2.0
Point 51 123.0 300.0 1.0 51.0 2.0
Point 52 117.0 300.0 1.0 52.0 2.0
Point 53 114.0 301.0 1.0 53.0 2.0
Point 54 112.0 302.0 1.0 54.0 2.0
Point 55 117.0 306.0 1.0 55.0 2.0
Point 56 110.0 305.0 1.0 56.0 2.0
Point 57 108.0 301.0 1.0 57.0 2.0
Point 58 107.0 300.0 1.0 58.0 2.0
Point 59 104.0 299.0 1.0 59.0 2.0
Point 60 108.0 293.0 1.0 60.0 2.0
Point 61 128.0 277.0 1.0 61.0 2.0
Point 62 131.0 268.0 1.0 62.0 2.0
Point 63 135.0 260.0 1.0 63.0 2.0
Point 64 125.0 268.0 1.0 64.0 2.0
Point 65 124.0 267.0 1.0 65.0 2.0
Point 66 117.0 270.0 1.0 66.0 2.0
Point 67 116.0 267.0 1.0 67.0 2.0
Point 68 113.0 270.0 1.0 68.0 2.0
Point 69 102.0 277.0 1.0 69.0 2.0
Point 70 103.0 278.0 1.0 70.0 2.0
Point 71 101.0 279.0 1.0 71.0 2.0
Point 72 97.0 285.0 1.0 72.0 2.0
Point 73 95.0 285.0 1.0 73.0 2.0
Point 74 96.0 284.0 1.0 74.0 2.0
Point 75 96.0 283.0 1.0 75.0 2.0
Point 76 94.0 282.0 1.0 76.0 2.0
Point 77 99.0 290.0 1.0 77.0 2.0
Point 78 99.0 287.0 1.0 78.0 2.0
Point 79 125.0 269.0 1.0 79.0 2.0
Point 80 131.0 267.0 1.0 80.0 2.0
Point 81 150.0 263.0 1.0 81.0 2.0
Point 82 171.0 256.0 1.0 82.0 2.0
Point 83 205.0 249.0 1.0 83.0 2.0
Point 84 232.0 244.0 1.0 84.0 2.0
Point 85 236.0 243.0 1.0 85.0 2.0
Point 86 251.0 229.0 1.0 86.0 2.0
Point 87 256.0 233.0 1.0 87.0 2.0
Point 88 259.0 230.0 1.0 88.0 2.0
Point 89 264.0 235.0 1.0 89.0 2.0
Point 90 272.0 246.0 1.0 90.0 2.0
Point 91 271.0 246.0 1.0 91.0 2.0
Point 92 264.0 243.0 1.0 92.0 2.0
Point 93 275.0 253.0 1.0 93.0 2.0
Point 94 277.0 263.0 1.0 94.0 2.0
Point 95 270.0 257.0 1.0 95.0 2.0
Point 96 278.0 272.0 1.0 96.0 2.0
Point 97 281.0 275.0 1.0 97.0 2.0
Point 98 289.0 275.0 1.0 98.0 2.0
Point 99 295.0 286.0 1.0 99.0 2.0
Point 100 289.0 291.0 1.0 100.0 2.0
Point 101 289.0 298.0 1.0 101.0 2.0
Point 102 289.0 300.0 1.0 102.0 2.0
Point 103 298.0 337.0 1.0 103.0 2.0
Point 104 310.0 370.0 1.0 104.0 2.0
Point 105 307.0 351.0 1.0 105.0 2.0
Point 106 297.0 332.0 1.0 106.0 2.0
Point 107 297.0 315.0 1.0 107.0 2.0
Point 108 294.0 305.0 1.0 108.0 2.0
Point 109 292.0 294.0 1.0 109.0 2.0
Point 110 293.0 295.0 1.0 110.0 2.0
Point 111 290.0 296.0 1.0 111.0 2.0
Point 112 289.0 299.0 1.0 112.0 2.0
Point 113 291.0 295.0 1.0 113.0 2.0
Point 114 292.0 297.0 1.0 114.0 2.0
Point 115 296.0 298.0 1.0 115.0 2.0
Point 116 297.0 294.0 1.0 116.0 2.0
Point 117 309.0 307.0 1.0 117.0 2.0
Point 118 313.0 302.0 1.0 118.0 2.0
Point 119 314.0 303.0 1.0 119.0 2.0
Point 120 313.0 280.0 1.0 120.0 2.0
Point 121 315.0 267.0 1.0 121.0 2.0
Point 122 354.0 262.0 1.0 122.0 2.0
Point 123 355.0 259.0 1.0 123.0 2.0
Point 124 360.0 260.0 1.0 124.0 2.0
Point 125 360.0 256.0 1.0 125.0 2.0
Point 126 355.0 248.0 1.0 126.0 2.0
Point 127 355.0 245.0 1.0 127.0 2.0
Point 128 357.0 241.0 1.0 128.0 2.0
Point 129 357.0 232.0 1.0 129.0 2.0
Point 130 365.0 216.0 1.0 130.0 2.0
Point 131 363.0 214.0 1.0 131.0 2.0
Point 132 363.0 217.0 1.0 132.0 2.0
Point 133 365.0 214.0 1.0 133.0 2.0
Point 134 366.0 212.0 1.0 134.0 2.0
Point 135 366.0 210.0 1.0 135.0 2.0
Point 136 368.0 208.0 1.0 136.0 2.0
Point 137 366.0 211.0 1.0 137.0 2.0
Point 138 365.0 211.0 1.0 138.0 2.0
Point 139 368.0 208.0 1.0 139.0 2.0
Point 140 370.0 209.0 1.0 140.0 2.0
Point 141 369.0 207.0 1.0 141.0 2.0
Point 142 375.0 198.0 1.0 142.0 2.0
Point 143 372.0 197.0 1.0 143.0 2.0
Point 144 374.0 194.0 1.0 144.0 2.0
Point 145 373.0 191.0 1.0 145.0 2.0
Point 146 373.0 191.0 1.0 146.0 2.0
Point 147 381.0 187.0 1.0 147.0 2.0
Point 148 379.0 192.0 1.0 148.0 2.0
Point 149 376.0 194.0 1.0 149.0 2.0
Point 150 376.0 197.0 1.0 150.0 2.0
Point 151 377.0 198.0 1.0 151.0 2.0
Point 152 377.0 215.0 1.0 152.0 2.0
Point 153 376.0 252.0 1.0 153.0 2.0
Point 154 383.0 289.0 1.0 154.0 2.0
Point 155 387.0 306.0 1.0 155.0 2.0
Point 156 382.0 295.0 1.0 156.0 2.0
Point 157 381.0 291.0 1.0 157.0 2.0
Point 158 379.0 283.0 1.0 158.0 2.0
Point 159 373.0 275.0 1.0 159.0 2.0
Point 160 376.0 266.0 1.0 160.0 2.0
Point 161 373.0 253.0 1.0 161.0 2.0
Point 162 372.0 253.0 1.0 162.0 2.0
Point 163 370.0 259.0 1.0 163.0 2.0
Point 164 370.0 254.0 1.0 164.0 2.0
Point 165 368.0 229.0 1.0 165.0 2.0
Point 166 366.0 221.0 1.0 166.0 2.0
Point 167 368.0 213.0 1.0 167.0 2.0
Point 168 371.0 205.0 1.0 168.0 2.0
Point 169 376.0 186.0 1.0 169.0 2.0
Point 170 374.0 182.0 1.0 170.0 2.0
Point 171 369.0 184.0 1.0 171.0 2.0
Point 172 372.0 186.0 1.0 172.0 2.0
Point 173 368.0 191.0 1.0 173.0 2.0
Point 174 368.0 192.0 1.0 174.0 2.0
Point 175 372.0 193.0 1.0 175.0 2.0
Point 176 370.0 202.0 1.0 176.0 2.0
Point 177 369.0 206.0 1.0 177.0 2.0
Point 178 362.0 204.0 1.0 178.0 2.0
Point 179 367.0 209.0 1.0 179.0 2.0
Point 180 370.0 212.0 1.0 180.0 2.0
Point 181 368.0 218.0 1.0 181.0 2.0
Point 182 369.0 224.0 1.0 182.0 2.0
Point 183 369.0 226.0 1.0 183.0 2.0
Point 184 371.0 224.0 1.0 184.0 2.0
Point 185 367.0 212.0 1.0 185.0 2.0
Point 186 370.0 209.0 1.0 186.0 2.0
Point 187 368.0 209.0 1.0 187.0 2.0
Point 188 372.0 205.0 1.0 188.0 2.0
Point 189 368.0 208.0 1.0 189.0 2.0
Point 190 371.0 212.0 1.0 190.0 2.0
Point 191 368.0 213.0 1.0 191.0 2.0
Point 192 368.0 215.0 1.0 192.0 2.0
Point 193 371.0 217.0 1.0 193.0 2.0
Point 194 366.0 221.0 1.0 194.0 2.0
Point 195 365.0 216.0 1.0 195.0 2.0
Point 196 365.0 222.0 1.0 196.0 2.0
Point 197 365.0 223.0 1.0 197.0 2.0
Point 198 363.0 228.0 1.0 198.0 2.0
Point 199 361.0 230.0 1.0 199.0 2.0
Point 200 348.0 229.0 1.0 200.0 2.0
End of MTrackJ Data File
