MTrackJ 1.5.1 Data File
Displaying true true true 1 2 0 0 100 10 0 0 0 0 1 12 0 false true true false
Assembly 1 FF0000
Cluster 1 FF0000
Track 1 FF0000 true
Point 1 774.0 461.0 1.0 1.0 1.0
Point 2 775.0 457.0 1.0 2.0 1.0
Point 3 774.0 452.0 1.0 3.0 1.0
Point 4 783.0 446.0 1.0 4.0 1.0
Point 5 777.0 447.0 1.0 5.0 1.0
Point 6 775.0 445.0 1.0 6.0 1.0
Point 7 779.0 439.0 1.0 7.0 1.0
Point 8 786.0 440.0 1.0 8.0 1.0
Point 9 785.0 433.0 1.0 9.0 1.0
Point 10 788.0 424.0 1.0 10.0 1.0
Point 11 801.0 413.0 1.0 11.0 1.0
Point 12 796.0 417.0 1.0 12.0 1.0
Point 13 793.0 422.0 1.0 13.0 1.0
Point 14 792.0 408.0 1.0 14.0 1.0
Point 21 795.0 407.0 1.0 15.0 1.0
Point 16 799.0 410.0 1.0 16.0 1.0
Point 22 794.0 408.0 1.0 17.0 1.0
Point 18 799.0 405.0 1.0 18.0 1.0
Point 20 798.0 405.0 1.0 19.0 1.0
Point 23 811.0 384.0 1.0 20.0 1.0
Point 24 815.0 382.0 1.0 21.0 1.0
Point 25 807.0 389.0 1.0 22.0 1.0
Point 26 820.0 381.0 1.0 23.0 1.0
Point 27 811.0 374.0 1.0 24.0 1.0
Point 28 816.0 377.0 1.0 25.0 1.0
Point 30 822.0 372.0 1.0 26.0 1.0
Point 31 818.0 373.0 1.0 27.0 1.0
Point 32 815.0 379.0 1.0 28.0 1.0
Point 33 827.0 368.0 1.0 29.0 1.0
Point 34 825.0 369.0 1.0 30.0 1.0
Point 35 820.0 370.0 1.0 31.0 1.0
Point 36 819.0 372.0 1.0 32.0 1.0
Point 37 826.0 369.0 1.0 33.0 1.0
Point 38 823.0 371.0 1.0 34.0 1.0
Point 39 823.0 374.0 1.0 35.0 1.0
Point 40 824.0 375.0 1.0 36.0 1.0
Point 41 824.0 369.0 1.0 37.0 1.0
Point 42 818.0 373.0 1.0 38.0 1.0
Point 43 827.0 363.0 1.0 39.0 1.0
Point 44 828.0 366.0 1.0 40.0 1.0
Point 45 826.0 367.0 1.0 41.0 1.0
Point 46 825.0 371.0 1.0 42.0 1.0
Point 47 826.0 369.0 1.0 43.0 1.0
Point 48 828.0 367.0 1.0 44.0 1.0
Point 49 825.0 370.0 1.0 45.0 1.0
Point 50 825.0 371.0 1.0 46.0 1.0
Point 51 821.0 376.0 1.0 47.0 1.0
Point 52 818.0 372.0 1.0 48.0 1.0
Point 53 810.0 365.0 1.0 49.0 1.0
Point 54 816.0 369.0 1.0 50.0 1.0
Point 55 818.0 372.0 1.0 51.0 1.0
Point 56 813.0 359.0 1.0 52.0 1.0
Point 57 816.0 358.0 1.0 53.0 1.0
Point 58 818.0 358.0 1.0 54.0 1.0
Point 60 824.0 351.0 1.0 55.0 1.0
Point 61 826.0 359.0 1.0 56.0 1.0
Point 62 818.0 361.0 1.0 57.0 1.0
Point 63 823.0 361.0 1.0 58.0 1.0
Point 64 817.0 362.0 1.0 59.0 1.0
Point 65 825.0 359.0 1.0 60.0 1.0
Point 66 832.0 365.0 1.0 61.0 1.0
Point 59 819.0 359.0 1.0 62.0 1.0
Point 67 810.0 358.0 1.0 63.0 1.0
Point 68 803.0 357.0 1.0 64.0 1.0
Point 69 798.0 354.0 1.0 65.0 1.0
Point 70 798.0 356.0 1.0 66.0 1.0
Point 71 807.0 353.0 1.0 67.0 1.0
Point 72 802.0 353.0 1.0 68.0 1.0
Point 73 811.0 356.0 1.0 69.0 1.0
Point 74 818.0 359.0 1.0 70.0 1.0
Point 75 817.0 355.0 1.0 71.0 1.0
Point 76 817.0 361.0 1.0 72.0 1.0
Point 77 817.0 357.0 1.0 73.0 1.0
Point 78 818.0 354.0 1.0 74.0 1.0
Point 79 824.0 351.0 1.0 75.0 1.0
Point 80 829.0 349.0 1.0 76.0 1.0
Point 81 818.0 357.0 1.0 77.0 1.0
Point 82 824.0 361.0 1.0 78.0 1.0
Point 83 820.0 355.0 1.0 79.0 1.0
Point 84 818.0 357.0 1.0 80.0 1.0
Point 85 816.0 355.0 1.0 81.0 1.0
Point 86 818.0 357.0 1.0 82.0 1.0
Point 87 818.0 356.0 1.0 83.0 1.0
Point 88 819.0 356.0 1.0 84.0 1.0
Point 89 815.0 356.0 1.0 85.0 1.0
Point 90 809.0 356.0 1.0 86.0 1.0
Point 91 791.0 354.0 1.0 87.0 1.0
Point 92 784.0 354.0 1.0 88.0 1.0
Point 93 792.0 351.0 1.0 89.0 1.0
Point 94 787.0 352.0 1.0 90.0 1.0
Point 95 800.0 355.0 1.0 91.0 1.0
Point 96 791.0 355.0 1.0 92.0 1.0
Point 97 791.0 351.0 1.0 93.0 1.0
Point 98 788.0 353.0 1.0 94.0 1.0
Point 99 796.0 353.0 1.0 95.0 1.0
Point 100 794.0 354.0 1.0 96.0 1.0
Point 101 784.0 359.0 1.0 97.0 1.0
Point 102 791.0 351.0 1.0 98.0 1.0
Point 103 793.0 352.0 1.0 99.0 1.0
Point 104 796.0 351.0 1.0 100.0 1.0
Point 105 797.0 350.0 1.0 101.0 1.0
Point 106 799.0 353.0 1.0 102.0 1.0
Point 107 800.0 352.0 1.0 103.0 1.0
Point 108 807.0 351.0 1.0 104.0 1.0
Point 109 806.0 346.0 1.0 105.0 1.0
Point 110 794.0 348.0 1.0 106.0 1.0
Point 111 814.0 348.0 1.0 107.0 1.0
Point 112 815.0 348.0 1.0 108.0 1.0
Point 113 791.0 349.0 1.0 109.0 1.0
Point 114 816.0 345.0 1.0 110.0 1.0
Point 115 811.0 353.0 1.0 111.0 1.0
Point 116 801.0 349.0 1.0 112.0 1.0
Point 117 795.0 348.0 1.0 113.0 1.0
Point 118 802.0 344.0 1.0 114.0 1.0
Point 119 810.0 344.0 1.0 115.0 1.0
Point 120 807.0 344.0 1.0 116.0 1.0
Point 121 792.0 341.0 1.0 117.0 1.0
Point 122 794.0 348.0 1.0 118.0 1.0
Point 123 798.0 345.0 1.0 119.0 1.0
Point 124 801.0 347.0 1.0 120.0 1.0
Point 125 809.0 347.0 1.0 121.0 1.0
Point 126 813.0 353.0 1.0 122.0 1.0
Point 130 793.0 350.0 1.0 123.0 1.0
Point 131 810.0 349.0 1.0 124.0 1.0
Point 132 806.0 347.0 1.0 125.0 1.0
Point 133 807.0 344.0 1.0 126.0 1.0
Point 134 808.0 347.0 1.0 127.0 1.0
Point 135 808.0 346.0 1.0 128.0 1.0
Point 136 823.0 351.0 1.0 129.0 1.0
Point 137 800.0 341.0 1.0 130.0 1.0
Point 138 805.0 342.0 1.0 131.0 1.0
Point 139 815.0 345.0 1.0 132.0 1.0
Point 140 824.0 333.0 1.0 133.0 1.0
Point 141 813.0 348.0 1.0 134.0 1.0
Point 142 815.0 352.0 1.0 135.0 1.0
Point 143 821.0 351.0 1.0 136.0 1.0
Point 144 818.0 353.0 1.0 137.0 1.0
Point 145 816.0 359.0 1.0 138.0 1.0
Point 146 816.0 348.0 1.0 139.0 1.0
Point 147 812.0 354.0 1.0 140.0 1.0
Point 148 802.0 351.0 1.0 141.0 1.0
Point 149 794.0 348.0 1.0 142.0 1.0
Point 150 803.0 351.0 1.0 143.0 1.0
Point 151 792.0 350.0 1.0 144.0 1.0
Point 152 794.0 348.0 1.0 145.0 1.0
Point 153 800.0 353.0 1.0 146.0 1.0
Point 154 809.0 358.0 1.0 147.0 1.0
Point 155 804.0 360.0 1.0 148.0 1.0
Point 156 801.0 357.0 1.0 149.0 1.0
Point 157 802.0 362.0 1.0 150.0 1.0
Point 158 806.0 370.0 1.0 151.0 1.0
Point 159 801.0 378.0 1.0 152.0 1.0
Point 160 808.0 355.0 1.0 153.0 1.0
Point 161 816.0 355.0 1.0 154.0 1.0
Point 162 809.0 354.0 1.0 155.0 1.0
Point 163 801.0 365.0 1.0 156.0 1.0
Point 164 809.0 358.0 1.0 157.0 1.0
Point 165 808.0 359.0 1.0 158.0 1.0
Point 166 808.0 360.0 1.0 159.0 1.0
Point 167 804.0 363.0 1.0 160.0 1.0
Point 168 799.0 361.0 1.0 161.0 1.0
Point 169 794.0 364.0 1.0 162.0 1.0
Point 170 795.0 362.0 1.0 163.0 1.0
Point 171 796.0 355.0 1.0 164.0 1.0
Point 172 794.0 347.0 1.0 165.0 1.0
Point 173 788.0 351.0 1.0 166.0 1.0
Point 174 796.0 347.0 1.0 167.0 1.0
Point 175 785.0 354.0 1.0 168.0 1.0
Point 176 787.0 361.0 1.0 169.0 1.0
Point 177 792.0 363.0 1.0 170.0 1.0
Point 178 800.0 364.0 1.0 171.0 1.0
Point 179 794.0 365.0 1.0 172.0 1.0
Point 180 787.0 362.0 1.0 173.0 1.0
Point 181 781.0 354.0 1.0 174.0 1.0
Point 182 783.0 359.0 1.0 175.0 1.0
Point 183 785.0 364.0 1.0 176.0 1.0
Point 184 790.0 367.0 1.0 177.0 1.0
Point 185 791.0 349.0 1.0 178.0 1.0
Point 186 793.0 349.0 1.0 179.0 1.0
Point 187 790.0 349.0 1.0 180.0 1.0
Point 191 785.0 363.0 1.0 181.0 1.0
Point 192 788.0 364.0 1.0 182.0 1.0
Point 190 793.0 349.0 1.0 183.0 1.0
Point 199 793.0 351.0 1.0 184.0 1.0
Point 194 780.0 364.0 1.0 185.0 1.0
Point 196 786.0 364.0 1.0 186.0 1.0
Point 197 795.0 359.0 1.0 187.0 1.0
Point 198 792.0 363.0 1.0 188.0 1.0
Point 200 787.0 364.0 1.0 189.0 1.0
Point 201 793.0 365.0 1.0 190.0 1.0
Point 202 800.0 357.0 1.0 191.0 1.0
Point 203 810.0 353.0 1.0 192.0 1.0
Point 204 800.0 358.0 1.0 193.0 1.0
Point 205 799.0 354.0 1.0 194.0 1.0
Point 206 808.0 353.0 1.0 195.0 1.0
Point 207 807.0 354.0 1.0 196.0 1.0
Point 208 803.0 352.0 1.0 197.0 1.0
Point 209 802.0 354.0 1.0 198.0 1.0
Point 210 796.0 356.0 1.0 199.0 1.0
Point 211 794.0 349.0 1.0 200.0 1.0
Point 212 792.0 346.0 1.0 201.0 1.0
Point 213 793.0 348.0 1.0 202.0 1.0
Point 214 792.0 347.0 1.0 203.0 1.0
Point 215 793.0 348.0 1.0 204.0 1.0
Point 216 799.0 345.0 1.0 205.0 1.0
Point 217 791.0 350.0 1.0 206.0 1.0
Point 218 806.0 348.0 1.0 207.0 1.0
Point 219 805.0 344.0 1.0 208.0 1.0
Point 220 805.0 346.0 1.0 209.0 1.0
Point 221 809.0 337.0 1.0 210.0 1.0
Point 222 807.0 340.0 1.0 211.0 1.0
Point 223 809.0 341.0 1.0 212.0 1.0
End of MTrackJ Data File
