MTrackJ 1.5.1 Data File
Displaying true true true 1 2 0 0 100 10 0 0 0 0 1 12 0 false true true false
Assembly 1 FF0000
Cluster 1 FF0000
Track 1 FF0000 true
Point 1 816.0 405.0 1.0 1.0 1.0
Point 2 816.0 404.0 1.0 2.0 1.0
Point 3 816.0 403.0 1.0 3.0 1.0
Point 4 818.0 400.0 1.0 4.0 1.0
Point 5 818.0 397.0 1.0 5.0 1.0
Point 6 818.0 393.0 1.0 6.0 1.0
Point 7 818.0 392.0 1.0 7.0 1.0
Point 8 819.0 386.0 1.0 8.0 1.0
Point 9 818.0 386.0 1.0 9.0 1.0
Point 10 821.0 383.0 1.0 10.0 1.0
Point 11 819.0 382.0 1.0 11.0 1.0
Point 12 822.0 381.0 1.0 12.0 1.0
Point 13 823.0 379.0 1.0 13.0 1.0
Point 14 822.0 379.0 1.0 14.0 1.0
Point 15 822.0 378.0 1.0 15.0 1.0
Point 16 824.0 375.0 1.0 16.0 1.0
Point 17 822.0 378.0 1.0 17.0 1.0
Point 18 822.0 378.0 1.0 18.0 1.0
Point 19 825.0 375.0 1.0 19.0 1.0
Point 20 825.0 374.0 1.0 20.0 1.0
Point 21 827.0 373.0 1.0 21.0 1.0
Point 22 828.0 369.0 1.0 22.0 1.0
Point 23 828.0 369.0 1.0 23.0 1.0
Point 24 828.0 368.0 1.0 24.0 1.0
Point 25 826.0 369.0 1.0 25.0 1.0
Point 26 827.0 369.0 1.0 26.0 1.0
Point 27 827.0 369.0 1.0 27.0 1.0
Point 28 830.0 367.0 1.0 28.0 1.0
Point 29 831.0 367.0 1.0 29.0 1.0
Point 30 831.0 367.0 1.0 30.0 1.0
Point 31 834.0 361.0 1.0 31.0 1.0
Point 32 835.0 361.0 1.0 32.0 1.0
Point 33 835.0 361.0 1.0 33.0 1.0
Point 34 835.0 360.0 1.0 34.0 1.0
Point 35 836.0 360.0 1.0 35.0 1.0
Point 36 835.0 359.0 1.0 36.0 1.0
Point 37 835.0 358.0 1.0 37.0 1.0
Point 38 835.0 360.0 1.0 38.0 1.0
Point 39 835.0 360.0 1.0 39.0 1.0
Point 40 835.0 360.0 1.0 40.0 1.0
Point 41 835.0 356.0 1.0 41.0 1.0
Point 42 836.0 356.0 1.0 42.0 1.0
Point 43 839.0 355.0 1.0 43.0 1.0
Point 44 840.0 356.0 1.0 44.0 1.0
Point 45 840.0 356.0 1.0 45.0 1.0
Point 46 841.0 355.0 1.0 46.0 1.0
Point 47 844.0 356.0 1.0 47.0 1.0
Point 48 845.0 352.0 1.0 48.0 1.0
Point 49 844.0 352.0 1.0 49.0 1.0
Point 50 843.0 352.0 1.0 50.0 1.0
Point 51 844.0 349.0 1.0 51.0 1.0
Point 52 845.0 351.0 1.0 52.0 1.0
Point 53 846.0 351.0 1.0 53.0 1.0
Point 54 846.0 351.0 1.0 54.0 1.0
Point 55 846.0 351.0 1.0 55.0 1.0
Point 56 845.0 353.0 1.0 56.0 1.0
Point 57 844.0 353.0 1.0 57.0 1.0
Point 58 844.0 351.0 1.0 58.0 1.0
Point 59 845.0 351.0 1.0 59.0 1.0
Point 60 848.0 351.0 1.0 60.0 1.0
Point 61 848.0 351.0 1.0 61.0 1.0
Point 62 848.0 348.0 1.0 62.0 1.0
Point 63 848.0 348.0 1.0 63.0 1.0
Point 64 848.0 348.0 1.0 64.0 1.0
Point 65 848.0 349.0 1.0 65.0 1.0
Point 66 847.0 349.0 1.0 66.0 1.0
Point 67 847.0 350.0 1.0 67.0 1.0
Point 68 848.0 346.0 1.0 68.0 1.0
Point 69 848.0 349.0 1.0 69.0 1.0
Point 70 848.0 349.0 1.0 70.0 1.0
Point 71 849.0 346.0 1.0 71.0 1.0
Point 72 850.0 346.0 1.0 72.0 1.0
Point 73 851.0 346.0 1.0 73.0 1.0
Point 74 851.0 345.0 1.0 74.0 1.0
Point 75 851.0 344.0 1.0 75.0 1.0
Point 76 854.0 344.0 1.0 76.0 1.0
Point 77 853.0 345.0 1.0 77.0 1.0
Point 78 854.0 345.0 1.0 78.0 1.0
Point 79 854.0 345.0 1.0 79.0 1.0
Point 80 855.0 345.0 1.0 80.0 1.0
Point 81 856.0 346.0 1.0 81.0 1.0
Point 82 856.0 346.0 1.0 82.0 1.0
Point 83 856.0 345.0 1.0 83.0 1.0
Point 84 856.0 345.0 1.0 84.0 1.0
Point 85 856.0 345.0 1.0 85.0 1.0
Point 86 857.0 345.0 1.0 86.0 1.0
Point 87 857.0 345.0 1.0 87.0 1.0
Point 88 857.0 345.0 1.0 88.0 1.0
Point 89 856.0 346.0 1.0 89.0 1.0
Point 90 855.0 346.0 1.0 90.0 1.0
Point 91 854.0 346.0 1.0 91.0 1.0
Point 92 854.0 345.0 1.0 92.0 1.0
Point 93 854.0 345.0 1.0 93.0 1.0
Point 94 854.0 345.0 1.0 94.0 1.0
Point 95 854.0 345.0 1.0 95.0 1.0
Point 96 855.0 345.0 1.0 96.0 1.0
Point 97 855.0 344.0 1.0 97.0 1.0
Point 98 857.0 342.0 1.0 98.0 1.0
Point 99 856.0 340.0 1.0 99.0 1.0
Point 100 859.0 340.0 1.0 100.0 1.0
Point 101 859.0 340.0 1.0 101.0 1.0
Point 102 857.0 339.0 1.0 102.0 1.0
Point 103 858.0 338.0 1.0 103.0 1.0
Point 104 858.0 338.0 1.0 104.0 1.0
Point 105 859.0 338.0 1.0 105.0 1.0
Point 106 857.0 338.0 1.0 106.0 1.0
Point 107 857.0 338.0 1.0 107.0 1.0
Point 108 857.0 338.0 1.0 108.0 1.0
Point 109 857.0 338.0 1.0 109.0 1.0
Point 110 857.0 337.0 1.0 110.0 1.0
Point 111 857.0 336.0 1.0 111.0 1.0
Point 112 857.0 335.0 1.0 112.0 1.0
Point 113 857.0 335.0 1.0 113.0 1.0
Point 114 856.0 335.0 1.0 114.0 1.0
Point 115 855.0 335.0 1.0 115.0 1.0
Point 116 855.0 335.0 1.0 116.0 1.0
Point 117 855.0 334.0 1.0 117.0 1.0
Point 118 854.0 334.0 1.0 118.0 1.0
Point 119 853.0 334.0 1.0 119.0 1.0
Point 120 850.0 334.0 1.0 120.0 1.0
Point 121 846.0 335.0 1.0 121.0 1.0
Point 122 847.0 335.0 1.0 122.0 1.0
Point 123 847.0 335.0 1.0 123.0 1.0
Point 124 849.0 334.0 1.0 124.0 1.0
Point 125 845.0 335.0 1.0 125.0 1.0
Point 126 847.0 333.0 1.0 126.0 1.0
Point 127 849.0 330.0 1.0 127.0 1.0
Point 128 849.0 330.0 1.0 128.0 1.0
Point 129 850.0 327.0 1.0 129.0 1.0
Point 130 851.0 327.0 1.0 130.0 1.0
Point 131 851.0 327.0 1.0 131.0 1.0
Point 132 848.0 329.0 1.0 132.0 1.0
Point 133 847.0 327.0 1.0 133.0 1.0
Point 134 845.0 330.0 1.0 134.0 1.0
Point 135 843.0 329.0 1.0 135.0 1.0
Point 136 843.0 327.0 1.0 136.0 1.0
Point 137 844.0 327.0 1.0 137.0 1.0
Point 138 844.0 327.0 1.0 138.0 1.0
Point 139 844.0 328.0 1.0 139.0 1.0
Point 140 846.0 327.0 1.0 140.0 1.0
Point 141 844.0 329.0 1.0 141.0 1.0
Point 142 842.0 328.0 1.0 142.0 1.0
Point 143 841.0 328.0 1.0 143.0 1.0
Point 144 841.0 327.0 1.0 144.0 1.0
Point 145 840.0 327.0 1.0 145.0 1.0
Point 146 839.0 327.0 1.0 146.0 1.0
Point 147 840.0 326.0 1.0 147.0 1.0
Point 148 839.0 328.0 1.0 148.0 1.0
Point 149 837.0 329.0 1.0 149.0 1.0
Point 150 836.0 328.0 1.0 150.0 1.0
Point 151 838.0 328.0 1.0 151.0 1.0
Point 152 837.0 328.0 1.0 152.0 1.0
Point 153 835.0 330.0 1.0 153.0 1.0
Point 154 833.0 332.0 1.0 154.0 1.0
Point 155 834.0 329.0 1.0 155.0 1.0
Point 156 834.0 331.0 1.0 156.0 1.0
Point 157 833.0 333.0 1.0 157.0 1.0
Point 158 834.0 333.0 1.0 158.0 1.0
Point 159 834.0 328.0 1.0 159.0 1.0
Point 160 835.0 328.0 1.0 160.0 1.0
Point 161 836.0 329.0 1.0 161.0 1.0
Point 162 836.0 329.0 1.0 162.0 1.0
Point 163 836.0 327.0 1.0 163.0 1.0
Point 164 835.0 325.0 1.0 164.0 1.0
Point 165 834.0 324.0 1.0 165.0 1.0
Point 166 834.0 321.0 1.0 166.0 1.0
Point 167 835.0 322.0 1.0 167.0 1.0
Point 168 835.0 324.0 1.0 168.0 1.0
Point 169 832.0 325.0 1.0 169.0 1.0
Point 170 832.0 325.0 1.0 170.0 1.0
Point 171 834.0 323.0 1.0 171.0 1.0
Point 172 834.0 324.0 1.0 172.0 1.0
Point 173 833.0 324.0 1.0 173.0 1.0
Point 174 831.0 324.0 1.0 174.0 1.0
Point 175 828.0 324.0 1.0 175.0 1.0
Point 176 826.0 325.0 1.0 176.0 1.0
Point 177 827.0 325.0 1.0 177.0 1.0
Point 178 829.0 324.0 1.0 178.0 1.0
Point 179 829.0 323.0 1.0 179.0 1.0
Point 180 831.0 323.0 1.0 180.0 1.0
Point 181 832.0 320.0 1.0 181.0 1.0
Point 182 832.0 320.0 1.0 182.0 1.0
Point 183 833.0 318.0 1.0 183.0 1.0
Point 184 833.0 317.0 1.0 184.0 1.0
Point 185 833.0 316.0 1.0 185.0 1.0
Point 186 832.0 316.0 1.0 186.0 1.0
Point 187 832.0 315.0 1.0 187.0 1.0
Point 188 831.0 315.0 1.0 188.0 1.0
Point 189 831.0 313.0 1.0 189.0 1.0
Point 190 829.0 313.0 1.0 190.0 1.0
Point 191 831.0 313.0 1.0 191.0 1.0
Point 192 831.0 313.0 1.0 192.0 1.0
Point 193 830.0 314.0 1.0 193.0 1.0
Point 194 828.0 315.0 1.0 194.0 1.0
Point 195 830.0 313.0 1.0 195.0 1.0
Point 196 829.0 314.0 1.0 196.0 1.0
Point 197 829.0 313.0 1.0 197.0 1.0
Point 198 830.0 313.0 1.0 198.0 1.0
Point 199 831.0 313.0 1.0 199.0 1.0
Point 200 831.0 313.0 1.0 200.0 1.0
Point 201 831.0 313.0 1.0 201.0 1.0
Point 202 831.0 313.0 1.0 202.0 1.0
Point 203 830.0 313.0 1.0 203.0 1.0
Point 204 828.0 313.0 1.0 204.0 1.0
Point 205 827.0 312.0 1.0 205.0 1.0
Point 206 826.0 312.0 1.0 206.0 1.0
Point 207 826.0 312.0 1.0 207.0 1.0
Point 208 828.0 312.0 1.0 208.0 1.0
Point 209 829.0 312.0 1.0 209.0 1.0
Point 210 828.0 310.0 1.0 210.0 1.0
Point 211 828.0 310.0 1.0 211.0 1.0
Point 212 828.0 310.0 1.0 212.0 1.0
End of MTrackJ Data File
