MTrackJ 1.5.1 Data File
Displaying true true true 2 0 0 0 100 10 0 0 0 0 1 12 0 true true true false
Assembly 1 FF0000
Cluster 1 FF0000
Track 1 FF0000 true
Point 1 905.8333333333333 618.8333333333333 1.0 51.0 1.0
Point 2 905.8333333333333 618.8333333333333 1.0 52.0 1.0
Point 3 905.8333333333333 618.8333333333333 1.0 53.0 1.0
Point 4 905.1666666666667 618.1666666666667 1.0 54.0 1.0
Point 5 905.1666666666667 617.5 1.0 55.0 1.0
Point 6 905.1666666666667 616.1666666666667 1.0 56.0 1.0
Point 7 904.5 613.5 1.0 57.0 1.0
Point 8 903.8333333333333 611.5 1.0 58.0 1.0
Point 9 902.5 608.8333333333333 1.0 59.0 1.0
Point 10 901.8333333333333 607.5 1.0 60.0 1.0
Point 11 901.1666666666667 606.8333333333333 1.0 61.0 1.0
Point 12 897.8333333333333 606.1666666666667 1.0 62.0 1.0
Point 13 897.8333333333333 606.1666666666667 1.0 63.0 1.0
Point 14 897.8333333333333 606.1666666666667 1.0 64.0 1.0
Point 15 897.8333333333333 606.1666666666667 1.0 65.0 1.0
Point 16 896.5 605.5 1.0 66.0 1.0
Point 17 896.5 605.5 1.0 67.0 1.0
Point 18 896.5 605.5 1.0 68.0 1.0
Point 19 896.5 605.5 1.0 69.0 1.0
Point 20 895.8333333333333 604.1666666666667 1.0 70.0 1.0
Point 21 895.8333333333333 604.1666666666667 1.0 71.0 1.0
Point 22 895.8333333333333 603.5 1.0 72.0 1.0
Point 23 895.8333333333333 603.5 1.0 73.0 1.0
Point 24 893.8333333333333 602.8333333333333 1.0 74.0 1.0
Point 25 893.1666666666667 602.1666666666667 1.0 75.0 1.0
Point 26 891.8333333333333 602.1666666666667 1.0 76.0 1.0
Point 27 891.8333333333333 602.1666666666667 1.0 77.0 1.0
Point 28 890.5 600.8333333333333 1.0 78.0 1.0
Point 29 891.1666666666667 598.8333333333333 1.0 79.0 1.0
Point 30 891.1666666666667 597.5 1.0 80.0 1.0
Point 31 891.1666666666667 597.5 1.0 81.0 1.0
Point 32 891.1666666666667 597.5 1.0 82.0 1.0
Point 33 890.5 597.5 1.0 83.0 1.0
Point 34 889.8333333333333 598.1666666666667 1.0 84.0 1.0
Point 35 889.8333333333333 598.1666666666667 1.0 85.0 1.0
Point 36 889.8333333333333 597.5 1.0 86.0 1.0
Point 37 890.5 596.1666666666667 1.0 87.0 1.0
Point 38 890.5 596.1666666666667 1.0 88.0 1.0
Point 39 890.5 596.1666666666667 1.0 89.0 1.0
Point 40 889.8333333333333 594.8333333333333 1.0 90.0 1.0
Point 41 889.8333333333333 592.1666666666667 1.0 91.0 1.0
Point 42 889.8333333333333 590.8333333333333 1.0 92.0 1.0
Point 43 888.5 588.8333333333333 1.0 93.0 1.0
Point 44 887.8333333333333 588.1666666666667 1.0 94.0 1.0
Point 45 887.8333333333333 587.5 1.0 95.0 1.0
Point 46 887.1666666666667 586.8333333333333 1.0 96.0 1.0
Point 47 885.1666666666667 586.1666666666667 1.0 97.0 1.0
Point 48 884.5 585.5 1.0 98.0 1.0
Point 49 884.5 584.8333333333333 1.0 99.0 1.0
Point 50 884.5 584.8333333333333 1.0 100.0 1.0
Point 51 884.5 585.5 1.0 101.0 1.0
Point 52 883.1666666666667 580.8333333333333 1.0 102.0 1.0
Point 53 883.1666666666667 580.8333333333333 1.0 103.0 1.0
Point 54 883.1666666666667 580.8333333333333 1.0 104.0 1.0
Point 55 883.1666666666667 580.8333333333333 1.0 105.0 1.0
Point 56 884.5 580.8333333333333 1.0 106.0 1.0
Point 57 883.8333333333333 579.5 1.0 107.0 1.0
Point 58 884.5 578.1666666666667 1.0 108.0 1.0
Point 59 884.5 577.5 1.0 109.0 1.0
Point 60 876.5 576.8333333333333 1.0 110.0 1.0
Point 61 876.5 576.8333333333333 1.0 111.0 1.0
Point 62 879.1666666666667 575.5 1.0 112.0 1.0
Point 63 879.8333333333333 575.5 1.0 113.0 1.0
Point 64 881.1666666666667 576.1666666666667 1.0 114.0 1.0
Point 65 882.5 576.1666666666667 1.0 115.0 1.0
Point 66 882.5 576.1666666666667 1.0 116.0 1.0
Point 67 882.5 576.1666666666667 1.0 117.0 1.0
Point 68 882.5 576.8333333333333 1.0 118.0 1.0
Point 69 882.5 576.8333333333333 1.0 119.0 1.0
Point 70 882.5 576.1666666666667 1.0 120.0 1.0
Point 71 882.5 576.1666666666667 1.0 121.0 1.0
Point 72 881.1666666666667 574.1666666666666 1.0 122.0 1.0
Point 73 875.8333333333333 572.8333333333334 1.0 123.0 1.0
Point 74 875.1666666666667 570.1666666666666 1.0 124.0 1.0
Point 75 873.8333333333333 570.1666666666666 1.0 125.0 1.0
Point 76 873.8333333333333 569.5 1.0 126.0 1.0
Point 77 873.8333333333333 569.5 1.0 127.0 1.0
Point 78 873.8333333333333 569.5 1.0 128.0 1.0
Point 79 873.8333333333333 569.5 1.0 129.0 1.0
Point 80 873.8333333333333 569.5 1.0 130.0 1.0
Point 81 873.8333333333333 569.5 1.0 131.0 1.0
Point 82 873.8333333333333 569.5 1.0 132.0 1.0
Point 83 873.8333333333333 569.5 1.0 133.0 1.0
Point 84 870.5 568.1666666666666 1.0 134.0 1.0
Point 85 869.8333333333333 567.5 1.0 135.0 1.0
Point 86 869.1666666666667 564.1666666666666 1.0 136.0 1.0
Point 87 869.1666666666667 564.1666666666666 1.0 137.0 1.0
Point 88 866.5 562.8333333333334 1.0 138.0 1.0
Point 89 867.1666666666667 562.8333333333334 1.0 139.0 1.0
Point 91 868.5 564.8333333333334 1.0 140.0 1.0
End of MTrackJ Data File
