MTrackJ 1.5.1 Data File
Displaying true true true 2 0 0 0 100 10 0 0 0 0 1 12 0 true true true false
Assembly 1 FF0000
Cluster 1 FF0000
Track 1 FF0000 true
Point 1 925.8333333333333 600.8333333333333 1.0 51.0 2.0
Point 2 882.5 608.8333333333333 1.0 52.0 2.0
Point 3 876.5 610.1666666666667 1.0 53.0 2.0
Point 4 869.1666666666667 613.5 1.0 54.0 2.0
Point 5 863.8333333333333 611.5 1.0 55.0 2.0
Point 6 861.1666666666667 612.8333333333333 1.0 56.0 2.0
Point 7 860.5 610.8333333333333 1.0 57.0 2.0
Point 8 858.5 606.1666666666667 1.0 58.0 2.0
Point 9 855.1666666666667 612.1666666666667 1.0 59.0 2.0
Point 10 855.8333333333333 612.8333333333333 1.0 60.0 2.0
Point 11 856.5 611.5 1.0 61.0 2.0
Point 12 854.5 614.8333333333333 1.0 62.0 2.0
Point 13 847.8333333333333 614.8333333333333 1.0 63.0 2.0
Point 14 848.5 612.1666666666667 1.0 64.0 2.0
Point 15 853.1666666666667 610.1666666666667 1.0 65.0 2.0
Point 16 856.5 608.1666666666667 1.0 66.0 2.0
Point 17 857.1666666666667 604.8333333333333 1.0 67.0 2.0
Point 18 858.5 602.1666666666667 1.0 68.0 2.0
Point 19 855.1666666666667 600.1666666666667 1.0 69.0 2.0
Point 20 852.5 602.1666666666667 1.0 70.0 2.0
Point 21 853.1666666666667 596.1666666666667 1.0 71.0 2.0
Point 22 843.1666666666667 596.8333333333333 1.0 72.0 2.0
Point 23 841.8333333333333 592.1666666666667 1.0 73.0 2.0
Point 24 844.5 590.1666666666667 1.0 74.0 2.0
Point 25 847.8333333333333 590.1666666666667 1.0 75.0 2.0
Point 26 851.8333333333333 591.5 1.0 76.0 2.0
Point 27 851.8333333333333 590.8333333333333 1.0 77.0 2.0
Point 28 851.1666666666667 592.1666666666667 1.0 78.0 2.0
Point 29 858.5 582.8333333333333 1.0 79.0 2.0
Point 30 861.8333333333333 572.1666666666666 1.0 80.0 2.0
Point 31 858.5 574.1666666666666 1.0 81.0 2.0
Point 32 863.1666666666667 574.1666666666666 1.0 82.0 2.0
Point 33 863.8333333333333 576.8333333333333 1.0 83.0 2.0
Point 34 858.5 581.5 1.0 84.0 2.0
Point 35 854.5 584.1666666666667 1.0 85.0 2.0
Point 36 847.8333333333333 581.5 1.0 86.0 2.0
Point 37 849.8333333333333 581.5 1.0 87.0 2.0
Point 38 852.5 584.8333333333333 1.0 88.0 2.0
Point 39 845.1666666666667 582.1666666666667 1.0 89.0 2.0
Point 40 847.1666666666667 576.8333333333333 1.0 90.0 2.0
Point 41 850.5 577.5 1.0 91.0 2.0
Point 42 853.8333333333333 567.5 1.0 92.0 2.0
Point 43 849.8333333333333 571.5 1.0 93.0 2.0
Point 44 853.1666666666667 570.1666666666666 1.0 94.0 2.0
Point 45 847.1666666666667 570.8333333333334 1.0 95.0 2.0
Point 46 845.8333333333333 574.1666666666666 1.0 96.0 2.0
Point 47 846.5 575.5 1.0 97.0 2.0
Point 48 846.5 574.1666666666666 1.0 98.0 2.0
Point 49 850.5 572.8333333333334 1.0 99.0 2.0
Point 50 851.1666666666667 571.5 1.0 100.0 2.0
Point 51 848.5 569.5 1.0 101.0 2.0
Point 52 847.1666666666667 571.5 1.0 102.0 2.0
Point 53 841.1666666666667 570.8333333333334 1.0 103.0 2.0
Point 54 837.8333333333333 572.1666666666666 1.0 104.0 2.0
Point 55 840.5 570.1666666666666 1.0 105.0 2.0
Point 56 831.8333333333333 572.1666666666666 1.0 106.0 2.0
Point 57 839.1666666666667 568.1666666666666 1.0 107.0 2.0
Point 58 841.1666666666667 567.5 1.0 108.0 2.0
Point 59 837.8333333333333 569.5 1.0 109.0 2.0
Point 60 839.1666666666667 564.1666666666666 1.0 110.0 2.0
Point 61 844.5 566.8333333333334 1.0 111.0 2.0
Point 62 843.8333333333333 565.5 1.0 112.0 2.0
Point 63 843.1666666666667 562.8333333333334 1.0 113.0 2.0
Point 64 847.8333333333333 556.8333333333334 1.0 114.0 2.0
Point 65 847.1666666666667 556.1666666666666 1.0 115.0 2.0
Point 66 842.5 554.1666666666666 1.0 116.0 2.0
Point 67 840.5 554.8333333333334 1.0 117.0 2.0
Point 68 843.1666666666667 550.1666666666666 1.0 118.0 2.0
Point 69 841.1666666666667 556.1666666666666 1.0 119.0 2.0
Point 70 842.5 556.8333333333334 1.0 120.0 2.0
Point 71 847.1666666666667 557.5 1.0 121.0 2.0
Point 72 845.1666666666667 555.5 1.0 122.0 2.0
Point 73 845.8333333333333 548.8333333333334 1.0 123.0 2.0
Point 74 843.8333333333333 551.5 1.0 124.0 2.0
Point 75 844.5 554.8333333333334 1.0 125.0 2.0
Point 76 844.5 562.1666666666666 1.0 126.0 2.0
Point 77 837.8333333333333 570.1666666666666 1.0 127.0 2.0
Point 78 837.8333333333333 562.1666666666666 1.0 128.0 2.0
Point 79 843.8333333333333 550.8333333333334 1.0 129.0 2.0
Point 80 843.8333333333333 560.8333333333334 1.0 130.0 2.0
Point 81 841.1666666666667 554.1666666666666 1.0 131.0 2.0
Point 82 841.8333333333333 559.5 1.0 132.0 2.0
Point 83 845.1666666666667 557.5 1.0 133.0 2.0
Point 84 846.5 558.8333333333334 1.0 134.0 2.0
Point 85 840.5 558.1666666666666 1.0 135.0 2.0
Point 86 843.1666666666667 555.5 1.0 136.0 2.0
Point 87 841.1666666666667 556.1666666666666 1.0 137.0 2.0
Point 88 840.5 556.8333333333334 1.0 138.0 2.0
Point 89 837.8333333333333 558.8333333333334 1.0 139.0 2.0
Point 90 833.8333333333333 562.1666666666666 1.0 140.0 2.0
End of MTrackJ Data File
