MTrackJ 1.5.1 Data File
Displaying false true true 1 2 0 0 100 20 0 0 0 0 1 8 0 false false true false
Assembly 1 FF0000
Cluster 1 FF0000
Track 1 FF0000 true
Point 1 1398.5 250.83333333333334 1.0 6.0 1.0
Point 2 1471.8333333333333 326.83333333333337 1.0 32.0 1.0
Point 3 1389.8333333333333 238.83333333333334 1.0 44.0 1.0
Point 4 1509.8333333333333 328.83333333333337 1.0 60.0 1.0
Point 5 1471.8333333333333 266.16666666666663 1.0 61.0 1.0
Point 6 1377.1666666666667 249.5 1.0 89.0 1.0
Point 7 1346.5 306.83333333333337 1.0 102.0 1.0
Point 8 1403.8333333333333 310.83333333333337 1.0 107.0 1.0
Point 9 1503.8333333333333 286.16666666666663 1.0 109.0 1.0
Point 10 1470.5 248.83333333333334 1.0 150.0 1.0
Point 11 1544.5 178.16666666666669 1.0 178.0 1.0
Point 12 1476.5 121.5 1.0 186.0 1.0
End of MTrackJ Data File
