MTrackJ 1.5.1 Data File
Displaying false true true 1 2 0 0 100 20 0 0 0 0 1 8 0 false false true false
Assembly 1 FF0000
Cluster 1 FF0000
Track 1 FF0000 true
Point 1 1478.5 342.1666666666667 1.0 1.0 1.0
Point 2 1473.8333333333333 341.5 1.0 2.0 1.0
Point 3 1475.1666666666667 342.1666666666667 1.0 3.0 1.0
Point 4 1476.5 339.5 1.0 4.0 1.0
Point 5 1475.1666666666667 336.8333333333333 1.0 5.0 1.0
Point 6 1475.1666666666667 336.8333333333333 1.0 6.0 1.0
Point 7 1477.1666666666667 335.5 1.0 7.0 1.0
Point 8 1477.1666666666667 334.8333333333333 1.0 8.0 1.0
Point 9 1474.5 334.1666666666667 1.0 9.0 1.0
Point 10 1473.8333333333333 332.8333333333333 1.0 10.0 1.0
Point 11 1475.8333333333333 332.1666666666667 1.0 11.0 1.0
Point 12 1472.5 328.16666666666663 1.0 12.0 1.0
Point 13 1475.8333333333333 327.5 1.0 13.0 1.0
Point 14 1472.5 329.5 1.0 14.0 1.0
Point 15 1475.1666666666667 328.16666666666663 1.0 15.0 1.0
Point 16 1473.8333333333333 326.83333333333337 1.0 16.0 1.0
Point 17 1473.8333333333333 326.16666666666663 1.0 17.0 1.0
Point 18 1474.5 322.83333333333337 1.0 18.0 1.0
Point 19 1478.5 322.83333333333337 1.0 19.0 1.0
Point 20 1479.8333333333333 319.5 1.0 20.0 1.0
Point 21 1478.5 320.83333333333337 1.0 21.0 1.0
Point 22 1479.1666666666667 320.16666666666663 1.0 22.0 1.0
Point 23 1481.1666666666667 322.83333333333337 1.0 23.0 1.0
Point 24 1480.5 320.16666666666663 1.0 24.0 1.0
Point 25 1480.5 318.83333333333337 1.0 25.0 1.0
Point 26 1479.1666666666667 318.16666666666663 1.0 26.0 1.0
Point 27 1481.1666666666667 319.5 1.0 27.0 1.0
Point 28 1481.8333333333333 320.16666666666663 1.0 28.0 1.0
Point 29 1480.5 318.83333333333337 1.0 29.0 1.0
Point 30 1479.1666666666667 316.16666666666663 1.0 30.0 1.0
Point 31 1478.5 316.16666666666663 1.0 31.0 1.0
Point 32 1475.8333333333333 316.83333333333337 1.0 32.0 1.0
Point 33 1473.8333333333333 316.16666666666663 1.0 33.0 1.0
Point 34 1476.5 316.83333333333337 1.0 34.0 1.0
Point 35 1477.1666666666667 316.16666666666663 1.0 35.0 1.0
Point 36 1475.8333333333333 318.16666666666663 1.0 36.0 1.0
Point 37 1474.5 318.16666666666663 1.0 37.0 1.0
Point 38 1475.8333333333333 319.5 1.0 38.0 1.0
Point 39 1477.1666666666667 318.16666666666663 1.0 39.0 1.0
Point 40 1475.1666666666667 315.5 1.0 40.0 1.0
Point 41 1461.8333333333333 312.16666666666663 1.0 41.0 1.0
Point 42 1453.8333333333333 306.83333333333337 1.0 42.0 1.0
Point 43 1452.5 298.83333333333337 1.0 43.0 1.0
Point 44 1449.8333333333333 299.5 1.0 44.0 1.0
Point 45 1448.5 300.16666666666663 1.0 45.0 1.0
Point 46 1443.8333333333333 296.16666666666663 1.0 46.0 1.0
Point 47 1442.5 296.83333333333337 1.0 47.0 1.0
Point 48 1442.5 296.83333333333337 1.0 48.0 1.0
Point 49 1432.5 286.16666666666663 1.0 49.0 1.0
Point 50 1432.5 287.5 1.0 50.0 1.0
Point 51 1434.5 287.5 1.0 51.0 1.0
Point 52 1434.5 287.5 1.0 52.0 1.0
Point 53 1435.8333333333333 289.5 1.0 53.0 1.0
Point 54 1438.5 292.16666666666663 1.0 54.0 1.0
Point 55 1436.5 289.5 1.0 55.0 1.0
Point 56 1436.5 287.5 1.0 56.0 1.0
Point 57 1433.8333333333333 288.83333333333337 1.0 57.0 1.0
Point 58 1433.1666666666667 288.83333333333337 1.0 58.0 1.0
Point 59 1426.5 280.16666666666663 1.0 59.0 1.0
Point 60 1432.5 282.16666666666663 1.0 60.0 1.0
Point 61 1433.8333333333333 282.16666666666663 1.0 61.0 1.0
Point 62 1439.8333333333333 286.83333333333337 1.0 62.0 1.0
Point 63 1444.5 288.83333333333337 1.0 63.0 1.0
Point 64 1453.1666666666667 295.5 1.0 64.0 1.0
Point 65 1455.1666666666667 294.83333333333337 1.0 65.0 1.0
Point 66 1455.1666666666667 295.5 1.0 66.0 1.0
Point 67 1457.8333333333333 296.16666666666663 1.0 67.0 1.0
Point 68 1455.8333333333333 296.16666666666663 1.0 68.0 1.0
Point 69 1455.8333333333333 296.83333333333337 1.0 69.0 1.0
Point 70 1455.8333333333333 293.5 1.0 70.0 1.0
Point 71 1455.1666666666667 292.16666666666663 1.0 71.0 1.0
Point 72 1450.5 290.83333333333337 1.0 72.0 1.0
Point 73 1449.8333333333333 293.5 1.0 73.0 1.0
Point 74 1446.5 289.5 1.0 74.0 1.0
Point 75 1446.5 290.16666666666663 1.0 75.0 1.0
Point 76 1445.8333333333333 289.5 1.0 76.0 1.0
Point 77 1445.1666666666667 288.16666666666663 1.0 77.0 1.0
Point 78 1445.1666666666667 286.16666666666663 1.0 78.0 1.0
Point 79 1443.1666666666667 283.5 1.0 79.0 1.0
Point 80 1441.8333333333333 279.5 1.0 80.0 1.0
Point 81 1441.1666666666667 278.83333333333337 1.0 81.0 1.0
Point 82 1438.5 280.83333333333337 1.0 82.0 1.0
Point 83 1438.5 280.16666666666663 1.0 83.0 1.0
Point 84 1441.8333333333333 284.16666666666663 1.0 84.0 1.0
Point 85 1443.1666666666667 286.83333333333337 1.0 85.0 1.0
Point 86 1443.1666666666667 286.16666666666663 1.0 86.0 1.0
Point 87 1441.8333333333333 284.16666666666663 1.0 87.0 1.0
Point 88 1438.5 282.16666666666663 1.0 88.0 1.0
Point 89 1436.5 280.16666666666663 1.0 89.0 1.0
Point 90 1434.5 277.5 1.0 90.0 1.0
Point 91 1433.8333333333333 276.16666666666663 1.0 91.0 1.0
Point 92 1433.8333333333333 275.5 1.0 92.0 1.0
Point 93 1436.5 275.5 1.0 93.0 1.0
Point 94 1436.5 277.5 1.0 94.0 1.0
Point 95 1436.5 277.5 1.0 95.0 1.0
Point 96 1433.8333333333333 274.83333333333337 1.0 96.0 1.0
Point 97 1432.5 271.5 1.0 97.0 1.0
Point 98 1429.1666666666667 271.5 1.0 98.0 1.0
Point 99 1425.8333333333333 271.5 1.0 99.0 1.0
Point 100 1426.5 272.16666666666663 1.0 100.0 1.0
Point 101 1424.5 272.83333333333337 1.0 101.0 1.0
Point 102 1422.5 271.5 1.0 102.0 1.0
Point 103 1427.8333333333333 274.83333333333337 1.0 103.0 1.0
Point 104 1431.8333333333333 278.16666666666663 1.0 104.0 1.0
Point 105 1429.8333333333333 278.83333333333337 1.0 105.0 1.0
Point 106 1432.5 278.83333333333337 1.0 106.0 1.0
Point 107 1431.8333333333333 277.5 1.0 107.0 1.0
Point 108 1430.5 276.16666666666663 1.0 108.0 1.0
Point 109 1432.5 276.16666666666663 1.0 109.0 1.0
Point 110 1432.5 277.5 1.0 110.0 1.0
Point 111 1432.5 275.5 1.0 111.0 1.0
Point 112 1432.5 272.16666666666663 1.0 112.0 1.0
Point 113 1430.5 271.5 1.0 113.0 1.0
Point 114 1429.1666666666667 272.16666666666663 1.0 114.0 1.0
Point 115 1429.1666666666667 272.16666666666663 1.0 115.0 1.0
Point 116 1427.8333333333333 272.16666666666663 1.0 116.0 1.0
Point 117 1425.8333333333333 272.16666666666663 1.0 117.0 1.0
Point 118 1423.1666666666667 270.16666666666663 1.0 118.0 1.0
Point 119 1424.5 270.83333333333337 1.0 119.0 1.0
Point 120 1427.1666666666667 271.5 1.0 120.0 1.0
Point 121 1425.8333333333333 269.5 1.0 121.0 1.0
Point 122 1425.8333333333333 272.16666666666663 1.0 122.0 1.0
Point 123 1427.8333333333333 275.5 1.0 123.0 1.0
Point 124 1427.8333333333333 272.16666666666663 1.0 124.0 1.0
Point 125 1428.5 272.16666666666663 1.0 125.0 1.0
Point 126 1425.8333333333333 269.5 1.0 126.0 1.0
Point 127 1425.8333333333333 269.5 1.0 127.0 1.0
Point 128 1429.1666666666667 266.83333333333337 1.0 128.0 1.0
Point 129 1426.5 267.5 1.0 129.0 1.0
Point 130 1427.8333333333333 269.5 1.0 130.0 1.0
Point 131 1427.8333333333333 269.5 1.0 131.0 1.0
Point 132 1427.1666666666667 269.5 1.0 132.0 1.0
Point 133 1427.8333333333333 270.83333333333337 1.0 133.0 1.0
Point 134 1428.5 270.83333333333337 1.0 134.0 1.0
Point 135 1425.8333333333333 268.83333333333337 1.0 135.0 1.0
Point 136 1425.1666666666667 267.5 1.0 136.0 1.0
Point 137 1426.5 266.83333333333337 1.0 137.0 1.0
Point 138 1426.5 266.16666666666663 1.0 138.0 1.0
Point 139 1430.5 267.5 1.0 139.0 1.0
Point 140 1429.8333333333333 268.83333333333337 1.0 140.0 1.0
Point 141 1428.5 267.5 1.0 141.0 1.0
Point 142 1427.8333333333333 268.83333333333337 1.0 142.0 1.0
Point 143 1429.1666666666667 269.5 1.0 143.0 1.0
Point 144 1427.1666666666667 268.16666666666663 1.0 144.0 1.0
Point 145 1425.1666666666667 266.16666666666663 1.0 145.0 1.0
Point 146 1425.1666666666667 266.83333333333337 1.0 146.0 1.0
Point 147 1425.1666666666667 265.5 1.0 147.0 1.0
Point 148 1427.1666666666667 266.83333333333337 1.0 148.0 1.0
Point 149 1428.5 266.16666666666663 1.0 149.0 1.0
Point 150 1427.8333333333333 268.16666666666663 1.0 150.0 1.0
Point 151 1425.8333333333333 266.16666666666663 1.0 151.0 1.0
Point 152 1424.5 264.83333333333337 1.0 152.0 1.0
Point 153 1424.5 265.5 1.0 153.0 1.0
Point 154 1419.8333333333333 266.16666666666663 1.0 154.0 1.0
Point 155 1419.8333333333333 264.83333333333337 1.0 155.0 1.0
Point 156 1417.1666666666667 266.16666666666663 1.0 156.0 1.0
Point 157 1417.1666666666667 268.16666666666663 1.0 157.0 1.0
Point 158 1417.1666666666667 268.83333333333337 1.0 158.0 1.0
Point 159 1418.5 268.16666666666663 1.0 159.0 1.0
Point 160 1415.8333333333333 265.5 1.0 160.0 1.0
Point 161 1416.5 264.83333333333337 1.0 161.0 1.0
Point 162 1416.5 265.5 1.0 162.0 1.0
Point 163 1417.1666666666667 263.5 1.0 163.0 1.0
Point 164 1414.5 264.16666666666663 1.0 164.0 1.0
Point 165 1415.8333333333333 264.16666666666663 1.0 165.0 1.0
Point 166 1415.8333333333333 264.16666666666663 1.0 166.0 1.0
Point 167 1417.1666666666667 263.5 1.0 167.0 1.0
Point 168 1415.8333333333333 264.16666666666663 1.0 168.0 1.0
Point 169 1418.5 262.16666666666663 1.0 169.0 1.0
Point 170 1419.1666666666667 264.83333333333337 1.0 170.0 1.0
Point 171 1423.1666666666667 268.16666666666663 1.0 171.0 1.0
Point 172 1426.5 269.5 1.0 172.0 1.0
Point 173 1435.8333333333333 268.16666666666663 1.0 173.0 1.0
Point 174 1439.8333333333333 263.5 1.0 174.0 1.0
Point 175 1441.8333333333333 261.5 1.0 175.0 1.0
Point 176 1441.1666666666667 258.16666666666663 1.0 176.0 1.0
Point 177 1441.8333333333333 256.83333333333337 1.0 177.0 1.0
Point 178 1441.1666666666667 252.83333333333334 1.0 178.0 1.0
Point 179 1441.8333333333333 248.16666666666666 1.0 179.0 1.0
Point 180 1444.5 239.5 1.0 180.0 1.0
Point 181 1443.8333333333333 238.16666666666666 1.0 181.0 1.0
Point 182 1444.5 232.83333333333334 1.0 182.0 1.0
Point 183 1445.1666666666667 223.5 1.0 183.0 1.0
Point 184 1445.1666666666667 218.16666666666666 1.0 184.0 1.0
Point 185 1450.5 208.83333333333334 1.0 185.0 1.0
Point 186 1449.1666666666667 204.16666666666666 1.0 186.0 1.0
Point 187 1449.1666666666667 199.5 1.0 187.0 1.0
Point 188 1449.8333333333333 192.83333333333331 1.0 188.0 1.0
Point 189 1452.5 186.83333333333331 1.0 189.0 1.0
Point 190 1447.8333333333333 190.83333333333331 1.0 190.0 1.0
Point 191 1449.8333333333333 188.16666666666669 1.0 191.0 1.0
Point 192 1452.5 186.16666666666669 1.0 192.0 1.0
Point 193 1454.5 182.83333333333331 1.0 193.0 1.0
Point 194 1451.1666666666667 184.16666666666669 1.0 194.0 1.0
Point 195 1451.8333333333333 184.83333333333331 1.0 195.0 1.0
Point 196 1453.1666666666667 182.83333333333331 1.0 196.0 1.0
Point 197 1450.5 181.5 1.0 197.0 1.0
Point 198 1450.5 179.5 1.0 198.0 1.0
Point 199 1451.8333333333333 180.16666666666669 1.0 199.0 1.0
Point 200 1456.5 181.5 1.0 200.0 1.0
End of MTrackJ Data File
