MTrackJ 1.5.1 Data File
Displaying true true true 2 0 0 0 100 10 0 0 0 0 1 12 0 true true true false
Assembly 1 FF0000
Cluster 1 FF0000
Track 1 FF0000 true
Point 1 753.0 188.0 1.0 1.0 1.0
Point 2 756.0 186.0 1.0 2.0 1.0
Track 2 FFFF00 true
Point 1 757.0 182.0 1.0 3.0 1.0
Point 2 756.0 177.0 1.0 4.0 1.0
Point 3 755.0 176.0 1.0 5.0 1.0
Track 3 00FF00 true
Point 1 755.0 175.0 1.0 6.0 1.0
Point 2 750.0 173.0 1.0 7.0 1.0
Point 3 749.0 172.0 1.0 8.0 1.0
Point 4 749.0 170.0 1.0 9.0 1.0
Track 4 00FFFF true
Point 1 749.0 168.0 1.0 10.0 1.0
Point 2 749.0 167.0 1.0 11.0 1.0
Point 3 749.0 167.0 1.0 12.0 1.0
Point 4 749.0 167.0 1.0 13.0 1.0
Point 5 749.0 167.0 1.0 14.0 1.0
Point 6 748.0 162.0 1.0 15.0 1.0
Point 7 747.0 161.0 1.0 16.0 1.0
Point 8 747.0 161.0 1.0 17.0 1.0
Track 5 0000FF true
Point 1 749.0 164.0 1.0 18.0 1.0
Track 6 FF00FF true
Point 1 750.0 165.0 1.0 19.0 1.0
Point 2 750.0 165.0 1.0 20.0 1.0
Track 7 FF9900 true
Point 1 750.0 164.0 1.0 21.0 1.0
Point 2 752.0 165.0 1.0 22.0 1.0
Point 3 752.0 165.0 1.0 23.0 1.0
Track 8 8B05BE true
Point 1 753.0 168.0 1.0 24.0 1.0
Point 2 753.0 169.0 1.0 25.0 1.0
Point 3 754.0 169.0 1.0 26.0 1.0
Point 4 756.0 168.0 1.0 27.0 1.0
Track 9 008B42 true
Point 1 757.0 168.0 1.0 28.0 1.0
Track 10 FFD18B true
Point 1 757.0 169.0 1.0 29.0 1.0
Point 2 758.0 170.0 1.0 30.0 1.0
Track 11 00388B true
Point 1 759.0 171.0 1.0 31.0 1.0
Point 2 763.0 175.0 1.0 32.0 1.0
Point 3 772.0 176.0 1.0 33.0 1.0
Track 12 D6FF8B true
Point 1 773.0 176.0 1.0 34.0 1.0
Point 2 773.0 175.0 1.0 35.0 1.0
Point 3 772.0 176.0 1.0 36.0 1.0
Point 4 772.0 176.0 1.0 37.0 1.0
Track 13 BE0521 true
Point 1 771.0 176.0 1.0 38.0 1.0
Track 14 FF8B9C true
Point 1 772.0 179.0 1.0 39.0 1.0
Track 15 8B6E00 true
Point 1 772.0 179.0 1.0 40.0 1.0
Point 2 773.0 177.0 1.0 41.0 1.0
Point 3 773.0 177.0 1.0 42.0 1.0
Track 16 AC55F7 true
Point 1 775.0 177.0 1.0 43.0 1.0
Point 2 775.0 177.0 1.0 44.0 1.0
Point 3 775.0 177.0 1.0 45.0 1.0
Point 4 775.0 177.0 1.0 46.0 1.0
Track 17 ABFF8B true
Point 1 776.0 177.0 1.0 47.0 1.0
Track 18 008B76 true
Point 1 776.0 177.0 1.0 48.0 1.0
Point 2 776.0 177.0 1.0 49.0 1.0
Track 19 A0BE05 true
Point 1 776.0 178.0 1.0 50.0 1.0
Point 2 783.0 180.0 1.0 51.0 1.0
Point 3 783.0 180.0 1.0 52.0 1.0
Track 20 FF6900 true
Point 1 781.0 180.0 1.0 53.0 1.0
Point 2 779.0 179.0 1.0 54.0 1.0
Point 3 779.0 179.0 1.0 55.0 1.0
Track 21 BE0589 true
Point 1 781.0 179.0 1.0 56.0 1.0
Point 2 785.0 179.0 1.0 57.0 1.0
Point 3 785.0 179.0 1.0 58.0 1.0
Point 4 785.0 178.0 1.0 59.0 1.0
Track 22 5577F7 true
Point 1 792.0 178.0 1.0 60.0 1.0
Point 2 792.0 178.0 1.0 61.0 1.0
Point 3 790.0 179.0 1.0 62.0 1.0
Track 23 00FF79 true
Point 1 788.0 179.0 1.0 63.0 1.0
Point 2 788.0 179.0 1.0 64.0 1.0
Point 3 788.0 179.0 1.0 65.0 1.0
Point 4 789.0 180.0 1.0 66.0 1.0
Track 24 F79855 true
Point 1 788.0 182.0 1.0 67.0 1.0
Point 2 788.0 183.0 1.0 68.0 1.0
Point 3 788.0 183.0 1.0 69.0 1.0
Track 25 8B0063 true
Point 1 788.0 180.0 1.0 70.0 1.0
Track 26 8BB9FF true
Point 1 789.0 181.0 1.0 71.0 1.0
Point 2 790.0 183.0 1.0 72.0 1.0
Point 3 790.0 183.0 1.0 73.0 1.0
Point 4 802.0 183.0 1.0 74.0 1.0
Point 5 803.0 183.0 1.0 75.0 1.0
Point 6 802.0 183.0 1.0 76.0 1.0
Track 27 8B3900 true
Point 1 804.0 184.0 1.0 77.0 1.0
Point 2 804.0 186.0 1.0 78.0 1.0
Point 3 805.0 188.0 1.0 79.0 1.0
Track 28 A6FF00 true
Point 1 807.0 189.0 1.0 80.0 1.0
Point 2 807.0 189.0 1.0 81.0 1.0
Point 3 808.0 189.0 1.0 82.0 1.0
Point 4 808.0 188.0 1.0 83.0 1.0
Point 5 808.0 188.0 1.0 84.0 1.0
Point 6 808.0 188.0 1.0 85.0 1.0
Point 7 808.0 188.0 1.0 86.0 1.0
Point 8 808.0 188.0 1.0 87.0 1.0
Point 9 807.0 189.0 1.0 88.0 1.0
Track 29 6905BE true
Point 1 805.0 190.0 1.0 89.0 1.0
Point 2 805.0 190.0 1.0 90.0 1.0
Track 30 F58BFF true
Point 1 805.0 187.0 1.0 91.0 1.0
Point 2 805.0 186.0 1.0 92.0 1.0
Point 3 805.0 186.0 1.0 93.0 1.0
Track 31 8BFFEE true
Point 1 803.0 185.0 1.0 94.0 1.0
Point 2 803.0 184.0 1.0 95.0 1.0
Point 3 803.0 184.0 1.0 96.0 1.0
Track 32 268B00 true
Point 1 802.0 183.0 1.0 97.0 1.0
Point 2 802.0 183.0 1.0 98.0 1.0
Point 3 802.0 183.0 1.0 99.0 1.0
Point 4 802.0 183.0 1.0 100.0 1.0
Track 33 FFFC8B true
Point 1 803.0 183.0 1.0 101.0 1.0
Point 2 803.0 183.0 1.0 102.0 1.0
Point 3 804.0 184.0 1.0 103.0 1.0
Track 34 BE5205 true
Point 1 805.0 183.0 1.0 104.0 1.0
Point 2 807.0 181.0 1.0 105.0 1.0
Point 3 807.0 181.0 1.0 106.0 1.0
Track 35 054FBE true
Point 1 807.0 181.0 1.0 107.0 1.0
Track 36 7F008B true
Point 1 807.0 181.0 1.0 108.0 1.0
Point 2 807.0 181.0 1.0 109.0 1.0
Track 37 F7556D true
Point 1 807.0 181.0 1.0 110.0 1.0
Point 2 807.0 181.0 1.0 111.0 1.0
Point 3 807.0 181.0 1.0 112.0 1.0
Track 38 31008B true
Point 1 808.0 181.0 1.0 113.0 1.0
Point 2 808.0 181.0 1.0 114.0 1.0
Point 3 808.0 181.0 1.0 115.0 1.0
Point 4 809.0 180.0 1.0 116.0 1.0
Track 39 81F755 true
Point 1 809.0 180.0 1.0 117.0 1.0
Point 2 809.0 180.0 1.0 118.0 1.0
Point 3 809.0 180.0 1.0 119.0 1.0
Track 40 F7F355 true
Point 1 807.0 178.0 1.0 120.0 1.0
Track 41 8B0015 true
Point 1 805.0 178.0 1.0 121.0 1.0
Track 42 F755C8 true
Point 1 804.0 179.0 1.0 122.0 1.0
Point 2 804.0 178.0 1.0 123.0 1.0
Point 3 804.0 178.0 1.0 124.0 1.0
Point 4 804.0 178.0 1.0 125.0 1.0
Track 43 8B8EFF true
Point 1 804.0 178.0 1.0 126.0 1.0
Point 2 805.0 178.0 1.0 127.0 1.0
Point 3 803.0 178.0 1.0 128.0 1.0
Track 44 748B00 true
Point 1 802.0 177.0 1.0 129.0 1.0
Point 2 802.0 176.0 1.0 130.0 1.0
Point 3 800.0 174.0 1.0 131.0 1.0
Point 4 800.0 174.0 1.0 132.0 1.0
Track 45 BE7405 true
Point 1 800.0 174.0 1.0 133.0 1.0
Point 2 801.0 174.0 1.0 134.0 1.0
Point 3 801.0 174.0 1.0 135.0 1.0
Track 46 CA55F7 true
Point 1 801.0 174.0 1.0 136.0 1.0
Track 47 0096FF true
Point 1 802.0 174.0 1.0 137.0 1.0
Point 2 802.0 174.0 1.0 138.0 1.0
Point 3 802.0 174.0 1.0 139.0 1.0
Point 4 803.0 173.0 1.0 140.0 1.0
Point 5 804.0 173.0 1.0 141.0 1.0
Point 6 806.0 168.0 1.0 142.0 1.0
Track 48 38BE05 true
Point 1 796.0 169.0 1.0 143.0 1.0
Point 2 796.0 168.0 1.0 144.0 1.0
Point 3 796.0 168.0 1.0 145.0 1.0
Track 49 FFBB8B true
Point 1 796.0 168.0 1.0 146.0 1.0
Point 2 797.0 167.0 1.0 147.0 1.0
Point 3 796.0 165.0 1.0 148.0 1.0
Track 50 052CBE true
Point 1 797.0 164.0 1.0 149.0 1.0
Point 2 797.0 161.0 1.0 150.0 1.0
Point 3 797.0 159.0 1.0 151.0 1.0
Track 51 B900FF true
Point 1 797.0 158.0 1.0 152.0 1.0
Point 2 796.0 159.0 1.0 153.0 1.0
Point 3 796.0 160.0 1.0 154.0 1.0
Point 4 796.0 159.0 1.0 155.0 1.0
Track 52 0595BE true
Point 1 795.0 157.0 1.0 156.0 1.0
Point 2 795.0 157.0 1.0 157.0 1.0
Point 3 795.0 156.0 1.0 158.0 1.0
Track 53 BEF755 true
Point 1 794.0 156.0 1.0 159.0 1.0
Point 2 793.0 156.0 1.0 160.0 1.0
Point 3 790.0 156.0 1.0 161.0 1.0
Track 54 8BE5FF true
Point 1 789.0 156.0 1.0 162.0 1.0
Track 55 006C8B true
Point 1 781.0 154.0 1.0 163.0 1.0
Point 2 782.0 153.0 1.0 164.0 1.0
Point 3 782.0 152.0 1.0 165.0 1.0
Point 4 782.0 152.0 1.0 166.0 1.0
Point 5 782.0 151.0 1.0 167.0 1.0
Point 6 781.0 149.0 1.0 168.0 1.0
Track 56 F7B655 true
Point 1 782.0 149.0 1.0 169.0 1.0
Point 2 783.0 149.0 1.0 170.0 1.0
Point 3 783.0 149.0 1.0 171.0 1.0
Track 57 FF00B6 true
Point 1 782.0 149.0 1.0 172.0 1.0
Track 58 4B008B true
Point 1 783.0 149.0 1.0 173.0 1.0
Point 2 783.0 149.0 1.0 174.0 1.0
Point 3 784.0 149.0 1.0 175.0 1.0
Point 4 784.0 149.0 1.0 176.0 1.0
Track 59 5559F7 true
Point 1 784.0 149.0 1.0 177.0 1.0
Point 2 784.0 148.0 1.0 178.0 1.0
Point 3 785.0 147.0 1.0 179.0 1.0
Point 4 787.0 146.0 1.0 180.0 1.0
Point 5 786.0 148.0 1.0 181.0 1.0
Track 60 55F7DF true
Point 1 786.0 148.0 1.0 182.0 1.0
Point 2 787.0 147.0 1.0 183.0 1.0
Point 3 788.0 147.0 1.0 184.0 1.0
Track 61 8B5300 true
Point 1 788.0 146.0 1.0 185.0 1.0
Point 2 793.0 147.0 1.0 186.0 1.0
Point 3 800.0 150.0 1.0 187.0 1.0
Point 4 810.0 151.0 1.0 188.0 1.0
Track 62 FFC900 true
Point 1 811.0 153.0 1.0 189.0 1.0
Point 2 811.0 154.0 1.0 190.0 1.0
Point 3 807.0 155.0 1.0 191.0 1.0
Track 63 05BE5D true
Point 1 806.0 154.0 1.0 192.0 1.0
Point 2 806.0 153.0 1.0 193.0 1.0
Point 3 800.0 152.0 1.0 194.0 1.0
Track 64 0572BE true
Point 1 795.0 154.0 1.0 195.0 1.0
Point 2 795.0 153.0 1.0 196.0 1.0
Point 3 795.0 151.0 1.0 197.0 1.0
Track 65 00038B true
Point 1 795.0 147.0 1.0 198.0 1.0
Point 2 794.0 148.0 1.0 199.0 1.0
Point 3 793.0 148.0 1.0 200.0 1.0
Track 66 E955F7 true
Point 1 788.0 146.0 1.0 201.0 1.0
Point 2 787.0 147.0 1.0 202.0 1.0
Point 3 785.0 148.0 1.0 203.0 1.0
Track 67 8E55F7 true
Point 1 786.0 150.0 1.0 204.0 1.0
Point 2 787.0 151.0 1.0 205.0 1.0
Point 3 787.0 150.0 1.0 206.0 1.0
Point 4 787.0 149.0 1.0 207.0 1.0
Point 5 788.0 148.0 1.0 208.0 1.0
Point 6 790.0 148.0 1.0 209.0 1.0
Point 7 796.0 149.0 1.0 210.0 1.0
Point 8 799.0 149.0 1.0 211.0 1.0
Track 68 00C6FF true
Point 1 810.0 150.0 1.0 212.0 1.0
Point 2 810.0 152.0 1.0 213.0 1.0
Point 3 811.0 152.0 1.0 214.0 1.0
Track 69 D6FF00 true
Point 1 816.0 151.0 1.0 215.0 1.0
Point 2 818.0 153.0 1.0 216.0 1.0
Point 3 819.0 152.0 1.0 217.0 1.0
Point 5 818.0 150.0 1.0 218.0 1.0
End of MTrackJ Data File
