MTrackJ 1.5.1 Data File
Displaying false true true 1 2 0 0 95 8 0 0 0 0 1 10 0 false true true false
Assembly 1 FF0000
Cluster 1 FF0000
Track 1 FF0000 true
Point 1 257.0 637.0 1.0 1.0 1.0
Point 2 250.0 632.0 1.0 2.0 1.0
Point 3 238.0 626.0 1.0 3.0 1.0
Point 4 245.0 626.0 1.0 4.0 1.0
Point 5 258.0 633.0 1.0 5.0 1.0
Point 6 263.0 632.0 1.0 6.0 1.0
Point 7 262.0 631.0 1.0 7.0 1.0
Point 8 251.0 625.0 1.0 8.0 1.0
Point 9 228.0 614.0 1.0 9.0 1.0
Point 10 209.0 598.0 1.0 10.0 1.0
Point 11 197.0 596.0 1.0 11.0 1.0
Point 12 210.0 598.0 1.0 12.0 1.0
Point 13 201.0 586.0 1.0 13.0 1.0
Point 14 199.0 583.0 1.0 14.0 1.0
Point 15 205.0 587.0 1.0 15.0 1.0
Point 16 210.0 591.0 1.0 16.0 1.0
Point 17 223.0 601.0 1.0 17.0 1.0
Point 18 234.0 602.0 1.0 18.0 1.0
Point 19 235.0 601.0 1.0 19.0 1.0
Point 20 233.0 596.0 1.0 20.0 1.0
Point 21 236.0 597.0 1.0 21.0 1.0
Point 22 234.0 594.0 1.0 22.0 1.0
Point 23 237.0 588.0 1.0 23.0 1.0
Point 24 234.0 594.0 1.0 24.0 1.0
Point 25 232.0 593.0 1.0 25.0 1.0
Point 26 232.0 595.0 1.0 26.0 1.0
Point 27 241.0 597.0 1.0 27.0 1.0
Point 28 240.0 592.0 1.0 28.0 1.0
Point 29 242.0 592.0 1.0 29.0 1.0
Point 30 239.0 597.0 1.0 30.0 1.0
Point 31 247.0 599.0 1.0 31.0 1.0
Point 32 246.0 597.0 1.0 32.0 1.0
Point 33 259.0 604.0 1.0 33.0 1.0
Point 34 280.0 613.0 1.0 34.0 1.0
Point 35 305.0 611.0 1.0 35.0 1.0
Point 36 329.0 600.0 1.0 36.0 1.0
Point 37 342.0 602.0 1.0 37.0 1.0
Point 38 342.0 602.0 1.0 38.0 1.0
Point 39 321.0 598.0 1.0 39.0 1.0
Point 40 303.0 596.0 1.0 40.0 1.0
Point 41 338.0 569.0 1.0 41.0 1.0
Point 42 337.0 568.0 1.0 42.0 1.0
Point 43 345.0 553.0 1.0 43.0 1.0
Point 44 352.0 511.0 1.0 44.0 1.0
Point 45 357.0 512.0 1.0 45.0 1.0
Point 46 354.0 510.0 1.0 46.0 1.0
Point 47 337.0 550.0 1.0 47.0 1.0
Point 48 331.0 554.0 1.0 48.0 1.0
Point 49 336.0 549.0 1.0 49.0 1.0
Point 50 334.0 545.0 1.0 50.0 1.0
Point 51 333.0 551.0 1.0 51.0 1.0
Point 52 333.0 546.0 1.0 52.0 1.0
Point 53 334.0 549.0 1.0 53.0 1.0
Point 54 331.0 565.0 1.0 54.0 1.0
Point 55 332.0 567.0 1.0 55.0 1.0
Point 56 330.0 565.0 1.0 56.0 1.0
Point 57 328.0 570.0 1.0 57.0 1.0
Point 58 323.0 578.0 1.0 58.0 1.0
Point 59 326.0 580.0 1.0 59.0 1.0
Point 60 329.0 577.0 1.0 60.0 1.0
Point 61 328.0 571.0 1.0 61.0 1.0
Point 62 328.0 570.0 1.0 62.0 1.0
Point 63 317.0 579.0 1.0 63.0 1.0
Point 64 325.0 571.0 1.0 64.0 1.0
Point 65 323.0 574.0 1.0 65.0 1.0
Point 66 328.0 580.0 1.0 66.0 1.0
Point 67 328.0 575.0 1.0 67.0 1.0
Point 68 329.0 576.0 1.0 68.0 1.0
Point 69 334.0 566.0 1.0 69.0 1.0
Point 70 341.0 541.0 1.0 70.0 1.0
Point 71 332.0 555.0 1.0 71.0 1.0
Point 72 349.0 533.0 1.0 72.0 1.0
Point 73 366.0 511.0 1.0 73.0 1.0
Point 74 363.0 516.0 1.0 74.0 1.0
Point 75 364.0 519.0 1.0 75.0 1.0
Point 76 357.0 527.0 1.0 76.0 1.0
Point 77 360.0 524.0 1.0 77.0 1.0
Point 78 363.0 516.0 1.0 78.0 1.0
Point 79 365.0 517.0 1.0 79.0 1.0
Point 80 356.0 530.0 1.0 80.0 1.0
Point 83 360.0 559.0 1.0 81.0 1.0
Point 84 342.0 549.0 1.0 82.0 1.0
Point 85 339.0 559.0 1.0 83.0 1.0
Point 86 336.0 565.0 1.0 84.0 1.0
Point 87 330.0 576.0 1.0 85.0 1.0
Point 88 326.0 593.0 1.0 86.0 1.0
Point 89 324.0 592.0 1.0 87.0 1.0
Point 90 324.0 585.0 1.0 88.0 1.0
Point 91 331.0 576.0 1.0 89.0 1.0
Point 92 332.0 573.0 1.0 90.0 1.0
Point 93 330.0 571.0 1.0 91.0 1.0
Point 94 335.0 561.0 1.0 92.0 1.0
Point 95 331.0 562.0 1.0 93.0 1.0
Point 96 331.0 571.0 1.0 94.0 1.0
Point 97 329.0 573.0 1.0 95.0 1.0
Point 98 328.0 575.0 1.0 96.0 1.0
Point 99 329.0 576.0 1.0 97.0 1.0
Point 100 323.0 578.0 1.0 98.0 1.0
Point 101 326.0 572.0 1.0 99.0 1.0
Point 102 319.0 574.0 1.0 100.0 1.0
Point 103 328.0 576.0 1.0 101.0 1.0
Point 104 325.0 577.0 1.0 102.0 1.0
Point 105 316.0 578.0 1.0 103.0 1.0
Point 106 306.0 588.0 1.0 104.0 1.0
Point 107 301.0 583.0 1.0 105.0 1.0
Point 108 300.0 587.0 1.0 106.0 1.0
Point 109 295.0 595.0 1.0 107.0 1.0
Point 110 295.0 595.0 1.0 108.0 1.0
Point 111 292.0 585.0 1.0 109.0 1.0
Point 112 296.0 590.0 1.0 110.0 1.0
Point 113 303.0 585.0 1.0 111.0 1.0
Point 114 300.0 582.0 1.0 112.0 1.0
Point 115 298.0 582.0 1.0 113.0 1.0
Point 116 292.0 577.0 1.0 114.0 1.0
Point 117 304.0 589.0 1.0 115.0 1.0
Point 118 296.0 589.0 1.0 116.0 1.0
Point 119 294.0 590.0 1.0 117.0 1.0
Point 120 295.0 583.0 1.0 118.0 1.0
Point 121 303.0 584.0 1.0 119.0 1.0
Point 122 298.0 583.0 1.0 120.0 1.0
Point 123 301.0 589.0 1.0 121.0 1.0
Point 124 294.0 580.0 1.0 122.0 1.0
Point 125 303.0 586.0 1.0 123.0 1.0
Point 126 306.0 587.0 1.0 124.0 1.0
Point 127 312.0 583.0 1.0 125.0 1.0
Point 128 307.0 581.0 1.0 126.0 1.0
Point 129 308.0 585.0 1.0 127.0 1.0
Point 130 315.0 585.0 1.0 128.0 1.0
Point 131 308.0 585.0 1.0 129.0 1.0
Point 132 313.0 593.0 1.0 130.0 1.0
Point 133 315.0 592.0 1.0 131.0 1.0
Point 134 318.0 592.0 1.0 132.0 1.0
Point 135 312.0 585.0 1.0 133.0 1.0
Point 136 311.0 583.0 1.0 134.0 1.0
Point 137 315.0 574.0 1.0 135.0 1.0
Point 138 311.0 571.0 1.0 136.0 1.0
Point 139 309.0 572.0 1.0 137.0 1.0
Point 140 309.0 575.0 1.0 138.0 1.0
Point 141 307.0 583.0 1.0 139.0 1.0
Point 142 310.0 582.0 1.0 140.0 1.0
Point 143 309.0 570.0 1.0 141.0 1.0
Point 144 308.0 572.0 1.0 142.0 1.0
Point 145 320.0 568.0 1.0 143.0 1.0
Point 146 314.0 569.0 1.0 144.0 1.0
Point 147 315.0 567.0 1.0 145.0 1.0
Point 148 318.0 565.0 1.0 146.0 1.0
Point 149 321.0 568.0 1.0 147.0 1.0
Point 150 326.0 563.0 1.0 148.0 1.0
Point 151 330.0 559.0 1.0 149.0 1.0
Point 152 328.0 560.0 1.0 150.0 1.0
Point 153 332.0 558.0 1.0 151.0 1.0
Point 154 332.0 553.0 1.0 152.0 1.0
Point 155 335.0 552.0 1.0 153.0 1.0
Point 156 336.0 556.0 1.0 154.0 1.0
Point 169 331.5 557.1666666666666 1.0 155.0 1.0
Point 168 331.5 559.1666666666666 1.0 156.0 1.0
Point 170 340.8333333333333 559.8333333333334 1.0 157.0 1.0
Point 167 333.5 560.5 1.0 158.0 1.0
Point 157 342.0 570.0 1.0 159.0 1.0
Point 158 334.0 562.0 1.0 160.0 1.0
Point 159 333.0 551.0 1.0 161.0 1.0
Point 160 335.0 546.0 1.0 162.0 1.0
Point 161 330.0 555.0 1.0 163.0 1.0
Point 162 339.0 555.0 1.0 164.0 1.0
Point 163 336.0 557.0 1.0 165.0 1.0
Point 164 336.0 557.0 1.0 166.0 1.0
Point 165 338.0 558.0 1.0 167.0 1.0
Point 166 337.0 555.0 1.0 168.0 1.0
Point 171 331.5 553.1666666666666 1.0 169.0 1.0
Point 172 338.8333333333333 559.8333333333334 1.0 170.0 1.0
Point 173 335.5 559.8333333333334 1.0 171.0 1.0
Point 174 340.1666666666667 562.5 1.0 172.0 1.0
Point 175 339.5 559.8333333333334 1.0 173.0 1.0
Point 176 343.5 560.5 1.0 174.0 1.0
Point 177 342.1666666666667 559.8333333333334 1.0 175.0 1.0
Point 178 344.1666666666667 561.1666666666666 1.0 176.0 1.0
Point 179 346.1666666666667 562.5 1.0 177.0 1.0
Point 180 346.8333333333333 559.1666666666666 1.0 178.0 1.0
Point 181 344.8333333333333 555.1666666666666 1.0 179.0 1.0
Point 182 344.8333333333333 553.8333333333334 1.0 180.0 1.0
Point 183 346.8333333333333 553.8333333333334 1.0 181.0 1.0
Point 184 353.5 525.8333333333334 1.0 182.0 1.0
Point 185 355.5 491.83333333333337 1.0 183.0 1.0
Point 186 358.1666666666667 477.1666666666667 1.0 184.0 1.0
Point 187 358.1666666666667 474.5 1.0 185.0 1.0
Point 188 358.1666666666667 475.8333333333333 1.0 186.0 1.0
Point 189 358.1666666666667 486.5 1.0 187.0 1.0
Point 190 356.8333333333333 483.1666666666667 1.0 188.0 1.0
Point 191 358.1666666666667 482.5 1.0 189.0 1.0
Point 192 356.1666666666667 470.5 1.0 190.0 1.0
Point 193 360.1666666666667 471.8333333333333 1.0 191.0 1.0
Point 194 354.1666666666667 472.5 1.0 192.0 1.0
Point 195 353.5 471.1666666666667 1.0 193.0 1.0
Point 196 350.8333333333333 473.8333333333333 1.0 194.0 1.0
Point 197 352.8333333333333 471.1666666666667 1.0 195.0 1.0
Point 198 366.8333333333333 475.8333333333333 1.0 196.0 1.0
Point 199 374.8333333333333 478.5 1.0 197.0 1.0
Point 200 358.1666666666667 470.5 1.0 198.0 1.0
Point 201 374.8333333333333 469.1666666666667 1.0 199.0 1.0
Point 202 338.1666666666667 449.1666666666667 1.0 200.0 1.0
End of MTrackJ Data File
