MTrackJ 1.5.1 Data File
Displaying false true true 2 2 0 0 95 80 0 0 0 0 1 10 0 false true true false
Assembly 1 FF0000
Cluster 1 FF0000
Track 1 FF0000 true
Point 3 282.8333333333333 638.5 1.0 1.0 1.0
Point 2 278.8333333333333 635.1666666666666 1.0 2.0 1.0
Point 4 278.8333333333333 635.1666666666666 1.0 3.0 1.0
Point 5 276.8333333333333 629.8333333333334 1.0 4.0 1.0
Point 6 274.1666666666667 627.1666666666666 1.0 5.0 1.0
Point 7 276.1666666666667 625.8333333333334 1.0 6.0 1.0
Point 8 274.1666666666667 625.1666666666666 1.0 7.0 1.0
Point 9 272.8333333333333 623.1666666666666 1.0 8.0 1.0
Point 10 270.1666666666667 625.1666666666666 1.0 9.0 1.0
Point 11 263.5 617.8333333333334 1.0 10.0 1.0
Point 12 258.1666666666667 617.1666666666666 1.0 11.0 1.0
Point 14 258.1666666666667 615.8333333333334 1.0 12.0 1.0
Point 15 258.8333333333333 614.5 1.0 13.0 1.0
Point 16 264.8333333333333 613.1666666666666 1.0 14.0 1.0
Point 17 262.8333333333333 611.1666666666666 1.0 15.0 1.0
Point 18 262.1666666666667 611.1666666666666 1.0 16.0 1.0
Point 19 262.1666666666667 609.1666666666666 1.0 17.0 1.0
Point 20 264.1666666666667 609.1666666666666 1.0 18.0 1.0
Point 21 264.1666666666667 609.1666666666666 1.0 19.0 1.0
Point 22 258.8333333333333 607.8333333333334 1.0 20.0 1.0
Point 23 256.1666666666667 603.1666666666666 1.0 21.0 1.0
Point 24 258.1666666666667 602.5 1.0 22.0 1.0
Point 25 260.1666666666667 600.5 1.0 23.0 1.0
Point 26 258.8333333333333 598.5 1.0 24.0 1.0
Point 27 257.5 597.8333333333334 1.0 25.0 1.0
Point 28 258.1666666666667 596.5 1.0 26.0 1.0
Point 29 259.5 596.5 1.0 27.0 1.0
Point 30 259.5 595.8333333333334 1.0 28.0 1.0
Point 31 262.1666666666667 597.1666666666666 1.0 29.0 1.0
Point 32 260.1666666666667 595.8333333333334 1.0 30.0 1.0
Point 33 260.1666666666667 594.5 1.0 31.0 1.0
Point 34 263.5 595.1666666666666 1.0 32.0 1.0
Point 35 262.8333333333333 594.5 1.0 33.0 1.0
Point 36 266.8333333333333 600.5 1.0 34.0 1.0
Point 37 268.1666666666667 596.5 1.0 35.0 1.0
Point 38 279.5 600.5 1.0 36.0 1.0
Point 39 288.1666666666667 601.1666666666666 1.0 37.0 1.0
Point 40 288.1666666666667 599.8333333333334 1.0 38.0 1.0
Point 41 292.8333333333333 599.8333333333334 1.0 39.0 1.0
Point 42 288.1666666666667 597.8333333333334 1.0 40.0 1.0
Point 43 289.5 599.8333333333334 1.0 41.0 1.0
Point 44 286.1666666666667 596.5 1.0 42.0 1.0
Point 45 292.1666666666667 597.1666666666666 1.0 43.0 1.0
Point 46 304.8333333333333 591.1666666666666 1.0 44.0 1.0
Point 48 298.8333333333333 589.8333333333334 1.0 45.0 1.0
Point 49 301.5 590.5 1.0 46.0 1.0
Point 50 306.8333333333333 586.5 1.0 47.0 1.0
Point 51 300.1666666666667 591.8333333333334 1.0 48.0 1.0
Point 52 296.1666666666667 591.8333333333334 1.0 49.0 1.0
Point 53 301.5 593.1666666666666 1.0 50.0 1.0
Point 54 301.5 589.8333333333334 1.0 51.0 1.0
Point 55 302.8333333333333 589.8333333333334 1.0 52.0 1.0
Point 56 301.5 589.8333333333334 1.0 53.0 1.0
Point 57 304.1666666666667 590.5 1.0 54.0 1.0
Point 58 300.1666666666667 589.1666666666666 1.0 55.0 1.0
Point 59 296.8333333333333 589.1666666666666 1.0 56.0 1.0
Point 60 300.8333333333333 587.1666666666666 1.0 57.0 1.0
Point 61 298.1666666666667 587.1666666666666 1.0 58.0 1.0
Point 62 296.1666666666667 587.8333333333334 1.0 59.0 1.0
Point 63 296.8333333333333 589.8333333333334 1.0 60.0 1.0
Point 64 297.5 586.5 1.0 61.0 1.0
Point 65 295.5 588.5 1.0 62.0 1.0
Point 66 296.8333333333333 586.5 1.0 63.0 1.0
Point 67 296.8333333333333 586.5 1.0 64.0 1.0
Point 68 296.1666666666667 586.5 1.0 65.0 1.0
Point 69 299.5 585.1666666666666 1.0 66.0 1.0
Point 70 298.1666666666667 583.8333333333334 1.0 67.0 1.0
Point 71 298.8333333333333 584.5 1.0 68.0 1.0
Point 72 300.1666666666667 583.8333333333334 1.0 69.0 1.0
Point 73 295.5 581.1666666666666 1.0 70.0 1.0
Point 74 300.1666666666667 581.1666666666666 1.0 71.0 1.0
Point 75 296.8333333333333 581.1666666666666 1.0 72.0 1.0
Point 76 302.8333333333333 576.5 1.0 73.0 1.0
Point 77 311.5 575.1666666666666 1.0 74.0 1.0
Point 78 314.1666666666667 573.8333333333334 1.0 75.0 1.0
Point 79 314.1666666666667 571.8333333333334 1.0 76.0 1.0
Point 80 314.8333333333333 569.8333333333334 1.0 77.0 1.0
Point 81 311.5 568.5 1.0 78.0 1.0
Point 82 314.8333333333333 568.5 1.0 79.0 1.0
Point 83 316.1666666666667 569.1666666666666 1.0 80.0 1.0
Point 84 314.1666666666667 569.1666666666666 1.0 81.0 1.0
Point 85 312.8333333333333 573.1666666666666 1.0 82.0 1.0
Point 86 314.1666666666667 572.5 1.0 83.0 1.0
Point 87 311.5 572.5 1.0 84.0 1.0
Point 88 310.8333333333333 571.1666666666666 1.0 85.0 1.0
Point 89 310.8333333333333 569.8333333333334 1.0 86.0 1.0
Point 90 314.8333333333333 571.1666666666666 1.0 87.0 1.0
Point 91 314.1666666666667 570.5 1.0 88.0 1.0
Point 92 312.8333333333333 571.8333333333334 1.0 89.0 1.0
Point 93 314.1666666666667 569.8333333333334 1.0 90.0 1.0
Point 94 310.1666666666667 567.1666666666666 1.0 91.0 1.0
Point 95 318.8333333333333 571.8333333333334 1.0 92.0 1.0
Point 96 318.1666666666667 567.1666666666666 1.0 93.0 1.0
Point 97 318.8333333333333 565.1666666666666 1.0 94.0 1.0
Point 98 316.1666666666667 563.8333333333334 1.0 95.0 1.0
Point 99 314.1666666666667 561.1666666666666 1.0 96.0 1.0
Point 100 313.5 564.5 1.0 97.0 1.0
Point 101 311.5 564.5 1.0 98.0 1.0
Point 102 315.5 563.8333333333334 1.0 99.0 1.0
Point 103 312.1666666666667 564.5 1.0 100.0 1.0
Point 104 312.1666666666667 561.8333333333334 1.0 101.0 1.0
Point 105 313.5 565.1666666666666 1.0 102.0 1.0
Point 106 307.5 563.8333333333334 1.0 103.0 1.0
Point 107 305.5 562.5 1.0 104.0 1.0
Point 108 302.8333333333333 569.8333333333334 1.0 105.0 1.0
Point 109 306.1666666666667 567.1666666666666 1.0 106.0 1.0
Point 110 297.5 569.1666666666666 1.0 107.0 1.0
Point 111 305.5 571.1666666666666 1.0 108.0 1.0
Point 112 304.1666666666667 569.1666666666666 1.0 109.0 1.0
Point 113 309.5 567.1666666666666 1.0 110.0 1.0
Point 114 307.5 572.5 1.0 111.0 1.0
Point 115 306.8333333333333 568.5 1.0 112.0 1.0
Point 116 312.1666666666667 565.1666666666666 1.0 113.0 1.0
Point 117 309.5 565.8333333333334 1.0 114.0 1.0
Point 118 307.5 567.1666666666666 1.0 115.0 1.0
Point 119 307.5 568.5 1.0 116.0 1.0
Point 120 306.8333333333333 565.1666666666666 1.0 117.0 1.0
Point 121 308.8333333333333 565.1666666666666 1.0 118.0 1.0
Point 122 307.5 565.1666666666666 1.0 119.0 1.0
Point 123 307.5 567.1666666666666 1.0 120.0 1.0
Point 124 309.5 567.1666666666666 1.0 121.0 1.0
Point 125 309.5 567.1666666666666 1.0 122.0 1.0
Point 126 308.1666666666667 563.8333333333334 1.0 123.0 1.0
Point 127 308.1666666666667 558.5 1.0 124.0 1.0
Point 128 310.1666666666667 557.1666666666666 1.0 125.0 1.0
Point 129 311.5 557.8333333333334 1.0 126.0 1.0
Point 130 310.8333333333333 555.8333333333334 1.0 127.0 1.0
Point 131 309.5 559.1666666666666 1.0 128.0 1.0
Point 132 306.8333333333333 561.1666666666666 1.0 129.0 1.0
Point 133 308.8333333333333 559.1666666666666 1.0 130.0 1.0
Point 134 306.8333333333333 562.5 1.0 131.0 1.0
Point 135 305.5 563.1666666666666 1.0 132.0 1.0
Point 136 302.1666666666667 564.5 1.0 133.0 1.0
Point 137 306.1666666666667 564.5 1.0 134.0 1.0
Point 138 306.8333333333333 562.5 1.0 135.0 1.0
Point 139 308.8333333333333 559.8333333333334 1.0 136.0 1.0
Point 140 308.8333333333333 559.8333333333334 1.0 137.0 1.0
Point 141 308.8333333333333 559.8333333333334 1.0 138.0 1.0
Point 142 308.1666666666667 557.8333333333334 1.0 139.0 1.0
Point 143 305.5 561.1666666666666 1.0 140.0 1.0
Point 144 304.8333333333333 561.1666666666666 1.0 141.0 1.0
Point 145 305.5 562.5 1.0 142.0 1.0
Point 146 306.1666666666667 565.1666666666666 1.0 143.0 1.0
Point 147 306.1666666666667 565.8333333333334 1.0 144.0 1.0
Point 148 306.8333333333333 565.8333333333334 1.0 145.0 1.0
Point 149 308.8333333333333 563.1666666666666 1.0 146.0 1.0
Point 150 310.1666666666667 561.8333333333334 1.0 147.0 1.0
Point 151 310.1666666666667 563.1666666666666 1.0 148.0 1.0
Point 152 312.1666666666667 562.5 1.0 149.0 1.0
Point 153 310.8333333333333 559.8333333333334 1.0 150.0 1.0
Point 154 310.8333333333333 558.5 1.0 151.0 1.0
Point 155 312.1666666666667 559.8333333333334 1.0 152.0 1.0
Point 156 313.5 557.1666666666666 1.0 153.0 1.0
Point 157 314.8333333333333 555.8333333333334 1.0 154.0 1.0
Point 158 317.5 555.1666666666666 1.0 155.0 1.0
Point 159 317.5 552.5 1.0 156.0 1.0
Point 160 316.8333333333333 552.5 1.0 157.0 1.0
Point 161 317.5 551.8333333333334 1.0 158.0 1.0
Point 162 318.8333333333333 551.8333333333334 1.0 159.0 1.0
Point 163 319.5 551.1666666666666 1.0 160.0 1.0
Point 164 317.5 549.8333333333334 1.0 161.0 1.0
Point 165 316.1666666666667 547.8333333333334 1.0 162.0 1.0
Point 166 317.5 550.5 1.0 163.0 1.0
Point 167 318.8333333333333 551.1666666666666 1.0 164.0 1.0
Point 168 320.1666666666667 550.5 1.0 165.0 1.0
Point 169 322.1666666666667 549.8333333333334 1.0 166.0 1.0
Point 170 319.5 549.1666666666666 1.0 167.0 1.0
Point 171 318.8333333333333 549.8333333333334 1.0 168.0 1.0
Point 172 320.1666666666667 549.1666666666666 1.0 169.0 1.0
Point 173 322.1666666666667 550.5 1.0 170.0 1.0
Point 174 322.1666666666667 550.5 1.0 171.0 1.0
Point 175 324.8333333333333 547.1666666666666 1.0 172.0 1.0
Point 176 324.8333333333333 546.5 1.0 173.0 1.0
Point 177 326.1666666666667 545.1666666666666 1.0 174.0 1.0
Point 178 327.5 546.5 1.0 175.0 1.0
Point 179 328.8333333333333 547.1666666666666 1.0 176.0 1.0
Point 180 328.8333333333333 547.8333333333334 1.0 177.0 1.0
Point 181 330.8333333333333 547.8333333333334 1.0 178.0 1.0
Point 182 327.5 545.8333333333334 1.0 179.0 1.0
Point 183 330.8333333333333 546.5 1.0 180.0 1.0
Point 184 330.8333333333333 545.8333333333334 1.0 181.0 1.0
Point 185 334.8333333333333 543.8333333333334 1.0 182.0 1.0
Point 186 335.5 543.8333333333334 1.0 183.0 1.0
Point 187 338.1666666666667 541.1666666666666 1.0 184.0 1.0
Point 188 344.8333333333333 533.8333333333334 1.0 185.0 1.0
Point 189 343.5 531.1666666666666 1.0 186.0 1.0
Point 190 346.8333333333333 532.5 1.0 187.0 1.0
Point 191 349.5 531.8333333333334 1.0 188.0 1.0
Point 192 346.8333333333333 530.5 1.0 189.0 1.0
Point 193 346.8333333333333 531.1666666666666 1.0 190.0 1.0
Point 194 347.5 529.1666666666666 1.0 191.0 1.0
Point 195 346.1666666666667 529.1666666666666 1.0 192.0 1.0
Point 196 349.5 527.1666666666666 1.0 193.0 1.0
Point 197 349.5 525.1666666666666 1.0 194.0 1.0
Point 198 350.8333333333333 525.1666666666666 1.0 195.0 1.0
Point 199 350.8333333333333 520.5 1.0 196.0 1.0
Point 200 352.1666666666667 515.8333333333334 1.0 197.0 1.0
Point 201 355.5 503.1666666666667 1.0 198.0 1.0
Point 202 356.8333333333333 500.5 1.0 199.0 1.0
Point 203 359.5 487.1666666666667 1.0 200.0 1.0
End of MTrackJ Data File
