MTrackJ 1.5.1 Data File
Displaying true true true 1 2 0 0 100 10 0 0 0 0 1 12 0 false true true false
Assembly 1 FF0000
Cluster 1 FF0000
Track 1 FF0000 true
Point 1 844.0 991.0 1.0 1.0 1.0
Point 2 846.0 988.0 1.0 2.0 1.0
Point 3 843.0 989.0 1.0 3.0 1.0
Point 4 846.0 987.0 1.0 4.0 1.0
Point 5 847.0 987.0 1.0 5.0 1.0
Point 6 850.0 984.0 1.0 6.0 1.0
Point 7 849.0 983.0 1.0 7.0 1.0
Point 8 850.0 980.0 1.0 8.0 1.0
Point 9 851.0 977.0 1.0 9.0 1.0
Point 10 850.0 977.0 1.0 10.0 1.0
Point 11 851.0 976.0 1.0 11.0 1.0
Point 12 851.0 977.0 1.0 12.0 1.0
Point 13 849.0 979.0 1.0 13.0 1.0
Point 14 848.0 982.0 1.0 14.0 1.0
Point 15 849.0 979.0 1.0 15.0 1.0
Point 16 848.0 980.0 1.0 16.0 1.0
Point 17 847.0 980.0 1.0 17.0 1.0
Point 18 846.0 981.0 1.0 18.0 1.0
Point 19 845.0 981.0 1.0 19.0 1.0
Point 20 850.0 979.0 1.0 20.0 1.0
Point 21 853.0 975.0 1.0 21.0 1.0
Point 22 854.0 972.0 1.0 22.0 1.0
Point 23 854.0 972.0 1.0 23.0 1.0
Point 24 854.0 972.0 1.0 24.0 1.0
Point 25 853.0 973.0 1.0 25.0 1.0
Point 26 856.0 971.0 1.0 26.0 1.0
Point 27 855.0 971.0 1.0 27.0 1.0
Point 28 853.0 971.0 1.0 28.0 1.0
Point 29 855.0 970.0 1.0 29.0 1.0
Point 30 856.0 970.0 1.0 30.0 1.0
Point 31 857.0 969.0 1.0 31.0 1.0
Point 32 857.0 969.0 1.0 32.0 1.0
Point 33 859.0 968.0 1.0 33.0 1.0
Point 34 859.0 967.0 1.0 34.0 1.0
Point 35 859.0 967.0 1.0 35.0 1.0
Point 36 860.0 967.0 1.0 36.0 1.0
Point 37 861.0 967.0 1.0 37.0 1.0
Point 38 858.0 966.0 1.0 38.0 1.0
Point 39 858.0 966.0 1.0 39.0 1.0
Point 40 859.0 966.0 1.0 40.0 1.0
Point 41 860.0 966.0 1.0 41.0 1.0
Point 42 862.0 964.0 1.0 42.0 1.0
Point 43 862.0 964.0 1.0 43.0 1.0
Point 44 863.0 964.0 1.0 44.0 1.0
Point 45 865.0 961.0 1.0 45.0 1.0
Point 46 864.0 962.0 1.0 46.0 1.0
Point 47 865.0 961.0 1.0 47.0 1.0
Point 48 865.0 959.0 1.0 48.0 1.0
Point 49 865.0 959.0 1.0 49.0 1.0
Point 50 869.0 955.0 1.0 50.0 1.0
Point 51 867.0 957.0 1.0 51.0 1.0
Point 52 868.0 956.0 1.0 52.0 1.0
Point 53 867.0 957.0 1.0 53.0 1.0
Point 54 866.0 955.0 1.0 54.0 1.0
Point 55 866.0 955.0 1.0 55.0 1.0
Point 56 863.0 955.0 1.0 56.0 1.0
Point 57 865.0 955.0 1.0 57.0 1.0
Point 58 865.0 956.0 1.0 58.0 1.0
Point 59 865.0 958.0 1.0 59.0 1.0
Point 60 866.0 958.0 1.0 60.0 1.0
Point 61 866.0 958.0 1.0 61.0 1.0
Point 62 866.0 957.0 1.0 62.0 1.0
Point 63 867.0 956.0 1.0 63.0 1.0
Point 64 869.0 954.0 1.0 64.0 1.0
Point 65 871.0 950.0 1.0 65.0 1.0
Point 66 869.0 947.0 1.0 66.0 1.0
Point 67 866.0 946.0 1.0 67.0 1.0
Point 68 863.0 943.0 1.0 68.0 1.0
Point 69 860.0 942.0 1.0 69.0 1.0
Point 70 861.0 940.0 1.0 70.0 1.0
Point 71 862.0 939.0 1.0 71.0 1.0
Point 72 862.0 938.0 1.0 72.0 1.0
Point 73 863.0 935.0 1.0 73.0 1.0
Point 74 862.0 935.0 1.0 74.0 1.0
Point 75 863.0 936.0 1.0 75.0 1.0
Point 76 864.0 934.0 1.0 76.0 1.0
Point 77 862.0 935.0 1.0 77.0 1.0
Point 78 862.0 935.0 1.0 78.0 1.0
Point 79 862.0 934.0 1.0 79.0 1.0
Point 80 864.0 933.0 1.0 80.0 1.0
Point 81 866.0 936.0 1.0 81.0 1.0
Point 82 868.0 935.0 1.0 82.0 1.0
Point 83 868.0 934.0 1.0 83.0 1.0
Point 84 869.0 934.0 1.0 84.0 1.0
Point 85 867.0 937.0 1.0 85.0 1.0
Point 86 870.0 936.0 1.0 86.0 1.0
Point 87 870.0 936.0 1.0 87.0 1.0
Point 88 870.0 935.0 1.0 88.0 1.0
Point 89 869.0 934.0 1.0 89.0 1.0
Point 90 870.0 931.0 1.0 90.0 1.0
Point 91 869.0 928.0 1.0 91.0 1.0
Point 92 869.0 928.0 1.0 92.0 1.0
Point 93 870.0 929.0 1.0 93.0 1.0
Point 94 870.0 929.0 1.0 94.0 1.0
Point 95 872.0 928.0 1.0 95.0 1.0
Point 96 870.0 926.0 1.0 96.0 1.0
Point 97 870.0 925.0 1.0 97.0 1.0
Point 98 871.0 927.0 1.0 98.0 1.0
Point 99 873.0 926.0 1.0 99.0 1.0
Point 100 873.0 925.0 1.0 100.0 1.0
Point 101 872.0 926.0 1.0 101.0 1.0
Point 102 873.0 925.0 1.0 102.0 1.0
Point 103 872.0 926.0 1.0 103.0 1.0
Point 104 871.0 926.0 1.0 104.0 1.0
Point 105 871.0 928.0 1.0 105.0 1.0
Point 106 871.0 927.0 1.0 106.0 1.0
Point 107 871.0 928.0 1.0 107.0 1.0
Point 108 870.0 928.0 1.0 108.0 1.0
Point 109 869.0 928.0 1.0 109.0 1.0
Point 110 868.0 930.0 1.0 110.0 1.0
Point 111 867.0 930.0 1.0 111.0 1.0
Point 112 867.0 931.0 1.0 112.0 1.0
Point 113 867.0 931.0 1.0 113.0 1.0
Point 114 867.0 930.0 1.0 114.0 1.0
Point 115 866.0 931.0 1.0 115.0 1.0
Point 116 868.0 930.0 1.0 116.0 1.0
Point 117 868.0 929.0 1.0 117.0 1.0
Point 118 867.0 929.0 1.0 118.0 1.0
Point 119 867.0 929.0 1.0 119.0 1.0
Point 120 867.0 930.0 1.0 120.0 1.0
Point 121 868.0 930.0 1.0 121.0 1.0
Point 122 870.0 929.0 1.0 122.0 1.0
Point 123 871.0 928.0 1.0 123.0 1.0
Point 124 871.0 929.0 1.0 124.0 1.0
Point 125 871.0 928.0 1.0 125.0 1.0
Point 126 871.0 928.0 1.0 126.0 1.0
Point 127 869.0 927.0 1.0 127.0 1.0
Point 128 869.0 927.0 1.0 128.0 1.0
Point 129 869.0 927.0 1.0 129.0 1.0
Point 130 871.0 926.0 1.0 130.0 1.0
Point 131 870.0 926.0 1.0 131.0 1.0
Point 132 870.0 926.0 1.0 132.0 1.0
Point 133 870.0 926.0 1.0 133.0 1.0
Point 134 870.0 925.0 1.0 134.0 1.0
Point 135 870.0 925.0 1.0 135.0 1.0
Point 136 869.0 924.0 1.0 136.0 1.0
Point 137 868.0 924.0 1.0 137.0 1.0
Point 138 865.0 923.0 1.0 138.0 1.0
Point 139 866.0 922.0 1.0 139.0 1.0
Point 140 866.0 920.0 1.0 140.0 1.0
Point 141 866.0 924.0 1.0 141.0 1.0
Point 142 865.0 925.0 1.0 142.0 1.0
Point 143 866.0 926.0 1.0 143.0 1.0
Point 144 868.0 925.0 1.0 144.0 1.0
Point 145 870.0 923.0 1.0 145.0 1.0
Point 146 870.0 918.0 1.0 146.0 1.0
Point 147 869.0 920.0 1.0 147.0 1.0
Point 148 869.0 920.0 1.0 148.0 1.0
Point 149 866.0 920.0 1.0 149.0 1.0
Point 150 868.0 921.0 1.0 150.0 1.0
Point 151 868.0 920.0 1.0 151.0 1.0
Point 152 868.0 919.0 1.0 152.0 1.0
Point 153 866.0 920.0 1.0 153.0 1.0
Point 154 866.0 920.0 1.0 154.0 1.0
Point 155 866.0 919.0 1.0 155.0 1.0
Point 156 866.0 919.0 1.0 156.0 1.0
Point 157 866.0 918.0 1.0 157.0 1.0
Point 158 867.0 916.0 1.0 158.0 1.0
Point 159 866.0 917.0 1.0 159.0 1.0
Point 160 866.0 917.0 1.0 160.0 1.0
Point 161 868.0 917.0 1.0 161.0 1.0
Point 162 868.0 917.0 1.0 162.0 1.0
Point 163 868.0 917.0 1.0 163.0 1.0
Point 164 868.0 917.0 1.0 164.0 1.0
Point 165 869.0 917.0 1.0 165.0 1.0
Point 166 869.0 917.0 1.0 166.0 1.0
Point 167 869.0 916.0 1.0 167.0 1.0
Point 168 868.0 915.0 1.0 168.0 1.0
Point 169 867.0 915.0 1.0 169.0 1.0
Point 170 867.0 916.0 1.0 170.0 1.0
Point 171 865.0 917.0 1.0 171.0 1.0
Point 172 865.0 917.0 1.0 172.0 1.0
Point 173 866.0 917.0 1.0 173.0 1.0
Point 174 866.0 917.0 1.0 174.0 1.0
Point 175 867.0 916.0 1.0 175.0 1.0
Point 176 867.0 915.0 1.0 176.0 1.0
Point 177 866.0 916.0 1.0 177.0 1.0
Point 178 866.0 917.0 1.0 178.0 1.0
Point 179 867.0 917.0 1.0 179.0 1.0
Point 180 868.0 917.0 1.0 180.0 1.0
Point 181 869.0 917.0 1.0 181.0 1.0
Point 182 871.0 917.0 1.0 182.0 1.0
Point 183 871.0 917.0 1.0 183.0 1.0
Point 184 866.0 919.0 1.0 184.0 1.0
Point 185 867.0 917.0 1.0 185.0 1.0
Point 186 866.0 915.0 1.0 186.0 1.0
Point 187 867.0 914.0 1.0 187.0 1.0
Point 188 868.0 913.0 1.0 188.0 1.0
Point 189 869.0 911.0 1.0 189.0 1.0
Point 190 866.0 909.0 1.0 190.0 1.0
Point 191 866.0 907.0 1.0 191.0 1.0
Point 192 867.0 907.0 1.0 192.0 1.0
Point 193 867.0 908.0 1.0 193.0 1.0
Point 194 867.0 906.0 1.0 194.0 1.0
Point 195 868.0 906.0 1.0 195.0 1.0
Point 196 870.0 905.0 1.0 196.0 1.0
Point 197 868.0 905.0 1.0 197.0 1.0
Point 198 868.0 904.0 1.0 198.0 1.0
Point 199 867.0 901.0 1.0 199.0 1.0
Point 200 867.0 901.0 1.0 200.0 1.0
Point 201 866.0 899.0 1.0 201.0 1.0
Point 202 866.0 899.0 1.0 202.0 1.0
Point 203 867.0 899.0 1.0 203.0 1.0
Point 204 864.0 899.0 1.0 204.0 1.0
Point 205 864.0 899.0 1.0 205.0 1.0
Point 206 864.0 899.0 1.0 206.0 1.0
Point 207 864.0 899.0 1.0 207.0 1.0
Point 208 861.0 899.0 1.0 208.0 1.0
Point 209 858.0 900.0 1.0 209.0 1.0
Point 210 858.0 900.0 1.0 210.0 1.0
Point 211 862.0 900.0 1.0 211.0 1.0
Point 212 862.0 900.0 1.0 212.0 1.0
Point 213 864.0 900.0 1.0 213.0 1.0
Point 214 864.0 898.0 1.0 214.0 1.0
Point 215 864.0 897.0 1.0 215.0 1.0
Point 216 862.0 897.0 1.0 216.0 1.0
Point 217 862.0 896.0 1.0 217.0 1.0
Point 218 862.0 895.0 1.0 218.0 1.0
Point 219 861.0 895.0 1.0 219.0 1.0
Point 220 861.0 894.0 1.0 220.0 1.0
Point 221 861.0 897.0 1.0 221.0 1.0
Point 222 862.0 899.0 1.0 222.0 1.0
Point 223 862.0 899.0 1.0 223.0 1.0
Point 224 862.0 900.0 1.0 224.0 1.0
Point 225 864.0 900.0 1.0 225.0 1.0
Point 226 866.0 898.0 1.0 226.0 1.0
Point 227 865.0 897.0 1.0 227.0 1.0
Point 228 865.0 897.0 1.0 228.0 1.0
Point 229 865.0 899.0 1.0 229.0 1.0
Point 230 866.0 900.0 1.0 230.0 1.0
Point 231 866.0 900.0 1.0 231.0 1.0
Point 232 867.0 899.0 1.0 232.0 1.0
Point 233 866.0 898.0 1.0 233.0 1.0
Point 234 866.0 898.0 1.0 234.0 1.0
Point 235 863.0 898.0 1.0 235.0 1.0
Point 236 863.0 897.0 1.0 236.0 1.0
Point 237 859.0 897.0 1.0 237.0 1.0
Point 238 859.0 897.0 1.0 238.0 1.0
Point 239 861.0 895.0 1.0 239.0 1.0
Point 240 861.0 897.0 1.0 240.0 1.0
End of MTrackJ Data File
