MTrackJ 1.5.1 Data File
Displaying true true true 1 2 0 0 100 10 0 0 0 0 1 12 0 false true true false
Assembly 1 FF0000
Cluster 1 FF0000
Track 1 FF0000 true
Point 1 778.0 1001.0 1.0 7.0 1.0
Point 2 783.0 981.0 1.0 15.0 1.0
Point 3 777.0 946.0 1.0 18.0 1.0
Point 4 889.0 860.0 1.0 42.0 1.0
Point 5 820.0 962.0 1.0 59.0 1.0
Point 6 781.0 948.0 1.0 65.0 1.0
Point 7 818.0 941.0 1.0 74.0 1.0
Point 8 818.0 927.0 1.0 96.0 1.0
Point 9 840.0 897.0 1.0 98.0 1.0
Point 10 820.0 949.0 1.0 105.0 1.0
Point 11 861.0 882.0 1.0 109.0 1.0
Point 12 801.0 940.0 1.0 159.0 1.0
Point 13 807.0 930.0 1.0 162.0 1.0
Point 14 878.0 870.0 1.0 176.0 1.0
Point 15 798.0 858.0 1.0 197.0 1.0
Point 19 841.0 814.0 1.0 207.0 1.0
Point 16 786.0 916.0 1.0 208.0 1.0
Point 17 861.0 999.0 1.0 209.0 1.0
Point 18 779.0 942.0 1.0 210.0 1.0
Point 20 832.0 1032.0 1.0 224.0 1.0
Point 22 810.0 827.0 1.0 236.0 1.0
Point 21 805.0 875.0 1.0 238.0 1.0
End of MTrackJ Data File
