MTrackJ 1.5.1 Data File
Displaying true true true 1 2 0 0 100 10 0 0 0 0 1 12 0 false true true false
Assembly 1 FF0000
Cluster 1 FF0000
Track 1 FF0000 true
Point 1 839.0 974.0 1.0 1.0 1.0
Point 2 838.0 973.0 1.0 2.0 1.0
Point 3 837.0 981.0 1.0 3.0 1.0
Point 4 828.0 988.0 1.0 4.0 1.0
Point 5 831.0 985.0 1.0 5.0 1.0
Point 6 834.0 981.0 1.0 6.0 1.0
Point 7 838.0 977.0 1.0 7.0 1.0
Point 8 830.0 981.0 1.0 8.0 1.0
Point 9 838.0 970.0 1.0 9.0 1.0
Point 10 838.0 975.0 1.0 10.0 1.0
Point 11 825.0 984.0 1.0 11.0 1.0
Point 12 805.0 993.0 1.0 12.0 1.0
Point 13 775.0 1004.0 1.0 13.0 1.0
Point 14 790.0 1001.0 1.0 14.0 1.0
Point 15 791.0 990.0 1.0 15.0 1.0
Point 16 790.0 993.0 1.0 16.0 1.0
Point 17 788.0 993.0 1.0 17.0 1.0
Point 18 801.0 987.0 1.0 18.0 1.0
Point 19 807.0 980.0 1.0 19.0 1.0
Point 20 814.0 975.0 1.0 20.0 1.0
Point 21 817.0 972.0 1.0 21.0 1.0
Point 22 830.0 968.0 1.0 22.0 1.0
Point 23 830.0 965.0 1.0 23.0 1.0
Point 24 832.0 966.0 1.0 24.0 1.0
Point 25 839.0 968.0 1.0 25.0 1.0
Point 26 842.0 963.0 1.0 26.0 1.0
Point 27 844.0 967.0 1.0 27.0 1.0
Point 28 846.0 964.0 1.0 28.0 1.0
Point 29 845.0 967.0 1.0 29.0 1.0
Point 30 846.0 966.0 1.0 30.0 1.0
Point 31 846.0 968.0 1.0 31.0 1.0
Point 32 853.0 972.0 1.0 32.0 1.0
Point 33 853.0 969.0 1.0 33.0 1.0
Point 34 847.0 965.0 1.0 34.0 1.0
Point 35 851.0 970.0 1.0 35.0 1.0
Point 36 849.0 972.0 1.0 36.0 1.0
Point 37 847.0 970.0 1.0 37.0 1.0
Point 38 855.0 968.0 1.0 38.0 1.0
Point 39 856.0 965.0 1.0 39.0 1.0
Point 40 854.0 964.0 1.0 40.0 1.0
Point 41 855.0 964.0 1.0 41.0 1.0
Point 42 862.0 962.0 1.0 42.0 1.0
Point 43 867.0 961.0 1.0 43.0 1.0
Point 44 869.0 955.0 1.0 44.0 1.0
Point 45 870.0 951.0 1.0 45.0 1.0
Point 46 866.0 956.0 1.0 46.0 1.0
Point 47 860.0 955.0 1.0 47.0 1.0
Point 48 850.0 953.0 1.0 48.0 1.0
Point 49 855.0 952.0 1.0 49.0 1.0
Point 50 858.0 956.0 1.0 50.0 1.0
Point 51 858.0 954.0 1.0 51.0 1.0
Point 52 864.0 951.0 1.0 52.0 1.0
Point 53 862.0 948.0 1.0 53.0 1.0
Point 54 859.0 950.0 1.0 54.0 1.0
Point 55 860.0 949.0 1.0 55.0 1.0
Point 56 854.0 955.0 1.0 56.0 1.0
Point 57 855.0 948.0 1.0 57.0 1.0
Point 58 858.0 955.0 1.0 58.0 1.0
Point 59 858.0 959.0 1.0 59.0 1.0
Point 60 858.0 954.0 1.0 60.0 1.0
Point 61 860.0 947.0 1.0 61.0 1.0
Point 62 860.0 940.0 1.0 62.0 1.0
Point 63 859.0 949.0 1.0 63.0 1.0
Point 64 857.0 925.0 1.0 64.0 1.0
Point 65 853.0 922.0 1.0 65.0 1.0
Point 66 831.0 947.0 1.0 66.0 1.0
Point 67 832.0 949.0 1.0 67.0 1.0
Point 68 830.0 930.0 1.0 68.0 1.0
Point 69 814.0 902.0 1.0 69.0 1.0
Point 70 815.0 917.0 1.0 70.0 1.0
Point 71 810.0 902.0 1.0 71.0 1.0
Point 72 807.0 900.0 1.0 72.0 1.0
Point 73 818.0 908.0 1.0 73.0 1.0
Point 74 828.0 917.0 1.0 74.0 1.0
Point 75 833.0 924.0 1.0 75.0 1.0
Point 76 837.0 927.0 1.0 76.0 1.0
Point 77 844.0 926.0 1.0 77.0 1.0
Point 78 847.0 933.0 1.0 78.0 1.0
Point 79 854.0 930.0 1.0 79.0 1.0
Point 80 853.0 927.0 1.0 80.0 1.0
Point 81 856.0 933.0 1.0 81.0 1.0
Point 82 856.0 935.0 1.0 82.0 1.0
Point 83 858.0 941.0 1.0 83.0 1.0
Point 84 858.0 943.0 1.0 84.0 1.0
Point 85 857.0 932.0 1.0 85.0 1.0
Point 86 862.0 934.0 1.0 86.0 1.0
Point 87 865.0 920.0 1.0 87.0 1.0
Point 88 873.0 896.0 1.0 88.0 1.0
Point 89 877.0 876.0 1.0 89.0 1.0
Point 90 878.0 888.0 1.0 90.0 1.0
Point 91 880.0 876.0 1.0 91.0 1.0
Point 92 872.0 899.0 1.0 92.0 1.0
Point 93 869.0 900.0 1.0 93.0 1.0
Point 94 879.0 876.0 1.0 94.0 1.0
Point 95 872.0 899.0 1.0 95.0 1.0
Point 96 864.0 913.0 1.0 96.0 1.0
Point 97 863.0 917.0 1.0 97.0 1.0
Point 98 862.0 921.0 1.0 98.0 1.0
Point 99 863.0 918.0 1.0 99.0 1.0
Point 100 865.0 919.0 1.0 100.0 1.0
Point 101 872.0 908.0 1.0 101.0 1.0
Point 102 871.0 909.0 1.0 102.0 1.0
Point 103 863.0 914.0 1.0 103.0 1.0
Point 104 860.0 919.0 1.0 104.0 1.0
Point 105 867.0 923.0 1.0 105.0 1.0
Point 106 868.0 918.0 1.0 106.0 1.0
Point 107 863.0 917.0 1.0 107.0 1.0
Point 108 865.0 912.0 1.0 108.0 1.0
Point 109 867.0 916.0 1.0 109.0 1.0
Point 110 868.0 918.0 1.0 110.0 1.0
Point 111 861.0 919.0 1.0 111.0 1.0
Point 112 865.0 920.0 1.0 112.0 1.0
Point 113 866.0 919.0 1.0 113.0 1.0
Point 114 864.0 921.0 1.0 114.0 1.0
Point 115 868.0 920.0 1.0 115.0 1.0
Point 116 871.0 922.0 1.0 116.0 1.0
Point 117 872.0 919.0 1.0 117.0 1.0
Point 118 870.0 923.0 1.0 118.0 1.0
Point 119 868.0 928.0 1.0 119.0 1.0
Point 120 875.0 927.0 1.0 120.0 1.0
Point 121 873.0 930.0 1.0 121.0 1.0
Point 122 878.0 927.0 1.0 122.0 1.0
Point 123 879.0 927.0 1.0 123.0 1.0
Point 124 879.0 918.0 1.0 124.0 1.0
Point 125 874.0 927.0 1.0 125.0 1.0
Point 126 869.0 929.0 1.0 126.0 1.0
Point 127 865.0 932.0 1.0 127.0 1.0
Point 128 865.0 930.0 1.0 128.0 1.0
Point 129 864.0 930.0 1.0 129.0 1.0
Point 130 855.0 929.0 1.0 130.0 1.0
Point 131 861.0 928.0 1.0 131.0 1.0
Point 132 868.0 928.0 1.0 132.0 1.0
Point 133 864.0 923.0 1.0 133.0 1.0
Point 134 864.0 923.0 1.0 134.0 1.0
Point 135 868.0 918.0 1.0 135.0 1.0
Point 136 858.0 921.0 1.0 136.0 1.0
Point 137 860.0 923.0 1.0 137.0 1.0
Point 138 862.0 916.0 1.0 138.0 1.0
Point 139 866.0 917.0 1.0 139.0 1.0
Point 140 863.0 919.0 1.0 140.0 1.0
Point 141 864.0 927.0 1.0 141.0 1.0
Point 142 867.0 924.0 1.0 142.0 1.0
Point 143 864.0 929.0 1.0 143.0 1.0
Point 144 865.0 924.0 1.0 144.0 1.0
Point 145 860.0 927.0 1.0 145.0 1.0
Point 146 862.0 927.0 1.0 146.0 1.0
Point 147 860.0 926.0 1.0 147.0 1.0
Point 148 855.0 927.0 1.0 148.0 1.0
Point 149 859.0 921.0 1.0 149.0 1.0
Point 150 863.0 914.0 1.0 150.0 1.0
Point 151 867.0 915.0 1.0 151.0 1.0
Point 152 865.0 915.0 1.0 152.0 1.0
Point 153 866.0 916.0 1.0 153.0 1.0
Point 154 858.0 928.0 1.0 154.0 1.0
Point 155 861.0 923.0 1.0 155.0 1.0
Point 156 861.0 920.0 1.0 156.0 1.0
Point 157 861.0 925.0 1.0 157.0 1.0
Point 158 858.0 923.0 1.0 158.0 1.0
Point 159 855.0 922.0 1.0 159.0 1.0
Point 160 857.0 918.0 1.0 160.0 1.0
Point 161 856.0 923.0 1.0 161.0 1.0
Point 162 855.0 922.0 1.0 162.0 1.0
Point 163 860.0 920.0 1.0 163.0 1.0
Point 164 864.0 916.0 1.0 164.0 1.0
Point 165 869.0 908.0 1.0 165.0 1.0
Point 166 866.0 912.0 1.0 166.0 1.0
Point 167 868.0 912.0 1.0 167.0 1.0
Point 168 869.0 911.0 1.0 168.0 1.0
Point 169 865.0 902.0 1.0 169.0 1.0
Point 170 866.0 905.0 1.0 170.0 1.0
Point 171 868.0 905.0 1.0 171.0 1.0
Point 172 870.0 908.0 1.0 172.0 1.0
Point 173 864.0 910.0 1.0 173.0 1.0
Point 174 864.0 914.0 1.0 174.0 1.0
Point 175 866.0 908.0 1.0 175.0 1.0
Point 176 865.0 915.0 1.0 176.0 1.0
Point 177 862.0 910.0 1.0 177.0 1.0
Point 178 859.0 908.0 1.0 178.0 1.0
Point 179 858.0 910.0 1.0 179.0 1.0
Point 180 860.0 914.0 1.0 180.0 1.0
Point 181 853.0 915.0 1.0 181.0 1.0
Point 182 855.0 913.0 1.0 182.0 1.0
Point 183 862.0 916.0 1.0 183.0 1.0
Point 184 853.0 915.0 1.0 184.0 1.0
Point 185 860.0 920.0 1.0 185.0 1.0
Point 186 859.0 910.0 1.0 186.0 1.0
Point 187 857.0 914.0 1.0 187.0 1.0
Point 188 851.0 912.0 1.0 188.0 1.0
Point 189 857.0 912.0 1.0 189.0 1.0
Point 190 855.0 911.0 1.0 190.0 1.0
Point 191 847.0 914.0 1.0 191.0 1.0
Point 192 852.0 915.0 1.0 192.0 1.0
Point 193 854.0 912.0 1.0 193.0 1.0
Point 194 853.0 915.0 1.0 194.0 1.0
Point 195 852.0 912.0 1.0 195.0 1.0
Point 196 850.0 913.0 1.0 196.0 1.0
Point 197 851.0 904.0 1.0 197.0 1.0
Point 198 838.0 899.0 1.0 198.0 1.0
Point 199 848.0 898.0 1.0 199.0 1.0
Point 200 853.0 903.0 1.0 200.0 1.0
Point 201 852.0 895.0 1.0 201.0 1.0
Point 202 850.0 898.0 1.0 202.0 1.0
Point 203 855.0 912.0 1.0 203.0 1.0
Point 204 845.0 900.0 1.0 204.0 1.0
Point 205 846.0 890.0 1.0 205.0 1.0
Point 206 842.0 892.0 1.0 206.0 1.0
Point 207 845.0 891.0 1.0 207.0 1.0
Point 208 837.0 900.0 1.0 208.0 1.0
Point 209 836.0 907.0 1.0 209.0 1.0
Point 210 840.0 904.0 1.0 210.0 1.0
Point 211 844.0 904.0 1.0 211.0 1.0
Point 212 846.0 905.0 1.0 212.0 1.0
Point 213 853.0 884.0 1.0 213.0 1.0
Point 214 848.0 876.0 1.0 214.0 1.0
Point 215 844.0 883.0 1.0 215.0 1.0
Point 216 847.0 889.0 1.0 216.0 1.0
Point 217 844.0 889.0 1.0 217.0 1.0
Point 218 847.0 906.0 1.0 218.0 1.0
Point 219 852.0 915.0 1.0 219.0 1.0
Point 220 860.0 929.0 1.0 220.0 1.0
Point 221 858.0 934.0 1.0 221.0 1.0
Point 222 858.0 943.0 1.0 222.0 1.0
Point 223 855.0 926.0 1.0 223.0 1.0
Point 224 856.0 942.0 1.0 224.0 1.0
Point 225 857.0 928.0 1.0 225.0 1.0
Point 226 855.0 912.0 1.0 226.0 1.0
Point 227 856.0 933.0 1.0 227.0 1.0
Point 228 858.0 925.0 1.0 228.0 1.0
Point 229 856.0 928.0 1.0 229.0 1.0
Point 230 859.0 944.0 1.0 230.0 1.0
Point 231 860.0 926.0 1.0 231.0 1.0
Point 232 859.0 923.0 1.0 232.0 1.0
Point 233 866.0 909.0 1.0 233.0 1.0
Point 234 861.0 906.0 1.0 234.0 1.0
Point 235 862.0 889.0 1.0 235.0 1.0
Point 236 861.0 891.0 1.0 236.0 1.0
Point 237 859.0 890.0 1.0 237.0 1.0
Point 238 849.0 881.0 1.0 238.0 1.0
Point 239 852.0 880.0 1.0 239.0 1.0
Point 240 850.0 879.0 1.0 240.0 1.0
End of MTrackJ Data File
