MTrackJ 1.5.1 Data File
Displaying false true true 1 0 0 0 100 12 0 1 0 0 1 9 1 false false true false
Assembly 1 FF0000
Cluster 1 FF0000
Track 1 FF0000 true
Point 1 494.0 538.0 1.0 4.0 3.0
Point 2 492.0 540.0 1.0 5.0 3.0
Point 3 485.0 538.0 1.0 6.0 3.0
Point 4 479.0 536.0 1.0 7.0 3.0
Point 5 470.0 530.0 1.0 8.0 3.0
Point 6 441.0 519.0 1.0 9.0 3.0
Point 7 423.0 509.0 1.0 10.0 3.0
Point 8 417.0 499.0 1.0 11.0 3.0
Point 9 413.0 496.0 1.0 12.0 3.0
Point 10 413.0 489.0 1.0 13.0 3.0
Point 11 410.0 478.0 1.0 14.0 3.0
Point 12 403.0 466.0 1.0 15.0 3.0
Point 13 398.0 456.0 1.0 16.0 3.0
Point 14 400.0 456.0 1.0 17.0 3.0
Point 15 405.0 457.0 1.0 18.0 3.0
Point 16 405.0 455.0 1.0 19.0 3.0
Point 17 408.0 455.0 1.0 20.0 3.0
Point 18 410.0 455.0 1.0 21.0 3.0
Point 19 410.0 454.0 1.0 22.0 3.0
Point 20 410.0 454.0 1.0 23.0 3.0
Point 73 416.0 443.0 1.0 24.0 3.0
Point 22 411.0 448.0 1.0 25.0 3.0
Point 23 406.0 445.0 1.0 26.0 3.0
Point 24 400.0 441.0 1.0 27.0 3.0
Point 25 379.0 428.0 1.0 28.0 3.0
Point 26 368.0 420.0 1.0 29.0 3.0
Point 27 363.0 418.0 1.0 30.0 3.0
Point 28 366.0 415.0 1.0 31.0 3.0
Point 29 357.0 405.0 1.0 32.0 3.0
Point 30 344.0 398.0 1.0 33.0 3.0
Point 31 338.0 383.0 1.0 34.0 3.0
Point 32 342.0 382.0 1.0 35.0 3.0
Point 33 352.0 382.0 1.0 36.0 3.0
Point 34 351.0 377.0 1.0 37.0 3.0
Point 35 349.0 367.0 1.0 38.0 3.0
Point 36 347.0 358.0 1.0 39.0 3.0
Point 37 360.0 367.0 1.0 40.0 3.0
Point 38 363.0 374.0 1.0 41.0 3.0
Point 39 365.0 379.0 1.0 42.0 3.0
Point 40 370.0 379.0 1.0 43.0 3.0
Point 41 375.0 378.0 1.0 44.0 3.0
Point 42 375.0 372.0 1.0 45.0 3.0
Point 43 381.0 383.0 1.0 46.0 3.0
Point 44 382.0 385.0 1.0 47.0 3.0
Point 45 385.0 384.0 1.0 48.0 3.0
Point 46 380.0 386.0 1.0 49.0 3.0
Point 47 379.0 385.0 1.0 50.0 3.0
Point 48 377.0 378.0 1.0 51.0 3.0
Point 49 381.0 372.0 1.0 52.0 3.0
Point 50 384.0 383.0 1.0 53.0 3.0
Point 51 388.0 381.0 1.0 54.0 3.0
Point 52 394.0 381.0 1.0 55.0 3.0
Point 53 393.0 377.0 1.0 56.0 3.0
Point 54 383.0 384.0 1.0 57.0 3.0
Point 55 378.0 378.0 1.0 58.0 3.0
Point 56 360.0 389.0 1.0 59.0 3.0
Point 57 353.0 397.0 1.0 60.0 3.0
Point 72 357.0 387.0 1.0 61.0 3.0
Point 71 358.0 391.0 1.0 62.0 3.0
Point 70 361.0 372.0 1.0 63.0 3.0
Point 74 354.0 376.0 1.0 64.0 3.0
Point 75 350.0 383.0 1.0 65.0 3.0
Point 58 350.0 371.0 1.0 66.0 3.0
Point 59 358.0 370.0 1.0 67.0 3.0
Point 60 352.0 356.0 1.0 68.0 3.0
Point 61 363.0 361.0 1.0 69.0 3.0
Point 62 363.0 368.0 1.0 70.0 3.0
Point 63 378.0 359.0 1.0 71.0 3.0
Point 64 392.0 363.0 1.0 72.0 3.0
Point 65 386.0 361.0 1.0 73.0 3.0
Point 66 373.0 401.0 1.0 74.0 3.0
Point 67 374.0 401.0 1.0 75.0 3.0
Point 68 373.0 401.0 1.0 76.0 3.0
Point 69 376.0 397.0 1.0 77.0 3.0
End of MTrackJ Data File
