MTrackJ 1.5.1 Data File
Displaying false true true 1 0 0 0 100 12 0 1 0 0 1 9 1 false false true false
Assembly 1 FF0000
Cluster 1 FF0000
Track 1 FF0000 true
Point 1 504.0 518.0 1.0 4.0 2.0
Point 2 495.0 520.0 1.0 5.0 2.0
Point 3 493.0 519.0 1.0 6.0 2.0
Point 4 494.0 516.0 1.0 7.0 2.0
Point 5 486.0 515.0 1.0 8.0 2.0
Point 6 452.0 515.0 1.0 9.0 2.0
Point 7 408.0 489.0 1.0 10.0 2.0
Point 8 404.0 479.0 1.0 11.0 2.0
Point 9 405.0 475.0 1.0 12.0 2.0
Point 10 402.0 468.0 1.0 13.0 2.0
Point 11 395.0 463.0 1.0 14.0 2.0
Point 12 393.0 455.0 1.0 15.0 2.0
Point 13 386.0 446.0 1.0 16.0 2.0
Point 14 382.0 443.0 1.0 17.0 2.0
Point 15 393.0 446.0 1.0 18.0 2.0
Point 16 395.0 447.0 1.0 19.0 2.0
Point 17 395.0 447.0 1.0 20.0 2.0
Point 18 393.0 443.0 1.0 21.0 2.0
Point 19 396.0 442.0 1.0 22.0 2.0
Point 20 396.0 440.0 1.0 23.0 2.0
Point 21 396.0 438.0 1.0 24.0 2.0
Point 22 398.0 435.0 1.0 25.0 2.0
Point 23 400.0 433.0 1.0 26.0 2.0
Point 24 401.0 431.0 1.0 27.0 2.0
Point 25 388.0 427.0 1.0 28.0 2.0
Point 26 377.0 419.0 1.0 29.0 2.0
Point 27 361.0 402.0 1.0 30.0 2.0
Point 28 358.0 397.0 1.0 31.0 2.0
Point 29 358.0 393.0 1.0 32.0 2.0
Point 30 357.0 390.0 1.0 33.0 2.0
Point 31 344.0 374.0 1.0 34.0 2.0
Point 32 343.0 374.0 1.0 35.0 2.0
Point 33 347.0 375.0 1.0 36.0 2.0
Point 34 347.0 372.0 1.0 37.0 2.0
Point 35 351.0 373.0 1.0 38.0 2.0
Point 36 354.0 371.0 1.0 39.0 2.0
Point 37 359.0 372.0 1.0 40.0 2.0
Point 38 359.0 370.0 1.0 41.0 2.0
Point 39 361.0 372.0 1.0 42.0 2.0
Point 40 361.0 372.0 1.0 43.0 2.0
Point 41 361.0 368.0 1.0 44.0 2.0
Point 42 362.0 369.0 1.0 45.0 2.0
Point 43 364.0 369.0 1.0 46.0 2.0
Point 44 364.0 373.0 1.0 47.0 2.0
Point 45 366.0 377.0 1.0 48.0 2.0
Point 46 368.0 374.0 1.0 49.0 2.0
Point 47 368.0 373.0 1.0 50.0 2.0
Point 48 368.0 373.0 1.0 51.0 2.0
Point 49 370.0 372.0 1.0 52.0 2.0
Point 50 374.0 373.0 1.0 53.0 2.0
Point 51 378.0 374.0 1.0 54.0 2.0
Point 52 382.0 376.0 1.0 55.0 2.0
Point 53 389.0 378.0 1.0 56.0 2.0
Point 54 383.0 377.0 1.0 57.0 2.0
Point 55 380.0 376.0 1.0 58.0 2.0
Point 56 374.0 374.0 1.0 59.0 2.0
Point 57 365.0 368.0 1.0 60.0 2.0
Point 58 355.0 357.0 1.0 61.0 2.0
Point 59 343.0 346.0 1.0 62.0 2.0
Point 60 343.0 346.0 1.0 63.0 2.0
Point 61 346.0 344.0 1.0 64.0 2.0
Point 62 347.0 351.0 1.0 65.0 2.0
Point 63 347.0 352.0 1.0 66.0 2.0
Point 64 353.0 351.0 1.0 67.0 2.0
Point 65 357.0 347.0 1.0 68.0 2.0
Point 66 353.0 340.0 1.0 69.0 2.0
Point 67 362.0 342.0 1.0 70.0 2.0
Point 68 377.0 347.0 1.0 71.0 2.0
Point 69 383.0 351.0 1.0 72.0 2.0
Point 70 390.0 359.0 1.0 73.0 2.0
Point 71 393.0 368.0 1.0 74.0 2.0
Point 72 390.0 381.0 1.0 75.0 2.0
Point 73 389.0 388.0 1.0 76.0 2.0
Point 74 389.0 394.0 1.0 77.0 2.0
Point 75 389.0 395.0 1.0 78.0 2.0
Point 76 388.0 389.0 1.0 79.0 2.0
Point 77 389.0 385.0 1.0 80.0 2.0
Point 78 392.0 383.0 1.0 81.0 2.0
Point 79 391.0 378.0 1.0 82.0 2.0
Point 80 392.0 369.0 1.0 83.0 2.0
Point 81 391.0 356.0 1.0 84.0 2.0
Point 82 394.0 346.0 1.0 85.0 2.0
Point 83 398.0 342.0 1.0 86.0 2.0
Point 84 396.0 335.0 1.0 87.0 2.0
Point 85 398.0 330.0 1.0 88.0 2.0
Point 86 399.0 317.0 1.0 89.0 2.0
Point 87 406.0 310.0 1.0 90.0 2.0
Point 88 421.0 310.0 1.0 91.0 2.0
Point 89 427.0 311.0 1.0 92.0 2.0
Point 90 432.0 311.0 1.0 93.0 2.0
End of MTrackJ Data File
