MTrackJ 1.5.1 Data File
Displaying false true true 2 2 0 0 95 80 0 0 0 0 1 10 0 false true true false
Assembly 1 FF0000
Cluster 1 FF0000
Track 1 FF0000 true
Point 1 760.1666666666667 957.1666666666666 1.0 1.0 1.0
Point 2 760.1666666666667 953.8333333333334 1.0 2.0 1.0
Point 3 760.1666666666667 950.5 1.0 3.0 1.0
Point 4 764.1666666666667 944.5 1.0 4.0 1.0
Point 5 768.1666666666667 941.8333333333334 1.0 5.0 1.0
Point 6 771.5 935.8333333333334 1.0 6.0 1.0
Point 7 774.1666666666667 927.8333333333334 1.0 7.0 1.0
Point 8 774.8333333333333 928.5 1.0 8.0 1.0
Point 9 774.8333333333333 926.5 1.0 9.0 1.0
Point 10 776.8333333333333 922.5 1.0 10.0 1.0
Point 11 776.8333333333333 920.5 1.0 11.0 1.0
Point 12 781.5 921.1666666666666 1.0 12.0 1.0
Point 13 785.5 923.1666666666666 1.0 13.0 1.0
Point 14 791.5 921.8333333333334 1.0 14.0 1.0
Point 15 788.1666666666667 921.1666666666666 1.0 15.0 1.0
Point 16 790.8333333333333 921.1666666666666 1.0 16.0 1.0
Point 17 800.8333333333333 922.5 1.0 17.0 1.0
Point 18 804.1666666666667 920.5 1.0 18.0 1.0
Point 19 805.5 919.8333333333334 1.0 19.0 1.0
Point 20 802.1666666666667 919.8333333333334 1.0 20.0 1.0
Point 21 798.8333333333333 920.5 1.0 21.0 1.0
Point 22 800.1666666666667 917.8333333333334 1.0 22.0 1.0
Point 23 818.8333333333333 925.8333333333334 1.0 23.0 1.0
Point 24 842.1666666666667 937.1666666666666 1.0 24.0 1.0
Point 25 848.1666666666667 945.1666666666666 1.0 25.0 1.0
Point 26 861.5 953.1666666666666 1.0 26.0 1.0
Point 27 861.5 958.5 1.0 27.0 1.0
Point 28 878.1666666666667 962.5 1.0 28.0 1.0
Point 29 881.5 965.1666666666666 1.0 29.0 1.0
Point 30 887.5 969.1666666666666 1.0 30.0 1.0
Point 31 887.5 969.1666666666666 1.0 31.0 1.0
Point 32 890.8333333333333 967.1666666666666 1.0 32.0 1.0
Point 33 884.8333333333333 969.1666666666666 1.0 33.0 1.0
Point 34 884.8333333333333 967.1666666666666 1.0 34.0 1.0
Point 35 877.5 966.5 1.0 35.0 1.0
Point 36 869.5 957.8333333333334 1.0 36.0 1.0
Point 37 857.5 947.8333333333334 1.0 37.0 1.0
Point 38 848.1666666666667 938.5 1.0 38.0 1.0
Point 39 855.5 941.8333333333334 1.0 39.0 1.0
Point 40 846.8333333333333 939.1666666666666 1.0 40.0 1.0
Point 41 846.8333333333333 938.5 1.0 41.0 1.0
Point 42 846.8333333333333 939.8333333333334 1.0 42.0 1.0
Point 43 847.5 943.1666666666666 1.0 43.0 1.0
Point 44 849.5 938.5 1.0 44.0 1.0
Point 45 846.8333333333333 935.8333333333334 1.0 45.0 1.0
Point 46 845.5 931.8333333333334 1.0 46.0 1.0
Point 47 844.1666666666667 930.5 1.0 47.0 1.0
Point 48 844.1666666666667 929.8333333333334 1.0 48.0 1.0
Point 49 840.8333333333333 929.8333333333334 1.0 49.0 1.0
Point 50 842.8333333333333 928.5 1.0 50.0 1.0
Point 51 842.8333333333333 928.5 1.0 51.0 1.0
Point 52 841.5 927.8333333333334 1.0 52.0 1.0
Point 53 828.8333333333333 921.8333333333334 1.0 53.0 1.0
Point 54 822.1666666666667 917.8333333333334 1.0 54.0 1.0
Point 55 818.1666666666667 915.1666666666666 1.0 55.0 1.0
Point 56 814.1666666666667 915.1666666666666 1.0 56.0 1.0
Point 57 802.8333333333333 914.5 1.0 57.0 1.0
Point 58 794.8333333333333 917.8333333333334 1.0 58.0 1.0
Point 59 791.5 919.1666666666666 1.0 59.0 1.0
Point 60 786.8333333333333 922.5 1.0 60.0 1.0
Point 61 778.8333333333333 927.8333333333334 1.0 61.0 1.0
Point 62 774.1666666666667 926.5 1.0 62.0 1.0
Point 63 774.8333333333333 945.8333333333334 1.0 63.0 1.0
Point 64 774.8333333333333 957.8333333333334 1.0 64.0 1.0
Point 65 768.8333333333333 960.5 1.0 65.0 1.0
Point 66 762.8333333333333 954.5 1.0 66.0 1.0
Point 67 741.5 946.5 1.0 67.0 1.0
Point 68 725.5 929.1666666666666 1.0 68.0 1.0
Point 69 724.1666666666666 933.8333333333334 1.0 69.0 1.0
Point 70 712.8333333333334 926.5 1.0 70.0 1.0
Point 71 690.8333333333334 921.8333333333334 1.0 71.0 1.0
Point 72 685.5 917.1666666666666 1.0 72.0 1.0
Point 73 647.5 913.8333333333334 1.0 73.0 1.0
Point 74 634.8333333333334 914.5 1.0 74.0 1.0
Point 75 632.8333333333334 910.5 1.0 75.0 1.0
Point 76 632.1666666666666 907.1666666666666 1.0 76.0 1.0
Point 77 629.5 901.1666666666666 1.0 77.0 1.0
Point 78 630.8333333333334 893.1666666666666 1.0 78.0 1.0
Point 79 631.5 889.8333333333334 1.0 79.0 1.0
Point 80 629.5 885.1666666666666 1.0 80.0 1.0
Point 81 629.5 878.5 1.0 81.0 1.0
Point 82 630.8333333333334 873.8333333333334 1.0 82.0 1.0
Point 83 632.1666666666666 867.8333333333334 1.0 83.0 1.0
Point 84 632.8333333333334 867.8333333333334 1.0 84.0 1.0
Point 85 633.5 865.8333333333334 1.0 85.0 1.0
Point 86 634.1666666666666 857.1666666666666 1.0 86.0 1.0
Point 87 632.8333333333334 844.5 1.0 87.0 1.0
Point 88 631.5 827.8333333333334 1.0 88.0 1.0
Point 89 631.5 811.1666666666666 1.0 89.0 1.0
Point 90 631.5 797.1666666666666 1.0 90.0 1.0
Point 91 634.8333333333334 786.5 1.0 91.0 1.0
Point 92 632.1666666666666 786.5 1.0 92.0 1.0
Point 93 632.1666666666666 789.1666666666666 1.0 93.0 1.0
Point 94 636.1666666666666 786.5 1.0 94.0 1.0
Point 95 635.5 781.8333333333334 1.0 95.0 1.0
Point 96 637.5 777.8333333333334 1.0 96.0 1.0
Point 97 638.1666666666666 780.5 1.0 97.0 1.0
Point 98 636.1666666666666 779.1666666666666 1.0 98.0 1.0
Point 99 638.1666666666666 779.1666666666666 1.0 99.0 1.0
Point 100 636.8333333333334 777.8333333333334 1.0 100.0 1.0
Point 101 644.8333333333334 777.1666666666666 1.0 101.0 1.0
Point 102 647.5 775.1666666666666 1.0 102.0 1.0
Point 103 654.1666666666666 773.8333333333334 1.0 103.0 1.0
Point 104 658.8333333333334 773.8333333333334 1.0 104.0 1.0
Point 105 660.8333333333334 774.5 1.0 105.0 1.0
Point 106 669.5 770.5 1.0 106.0 1.0
Point 107 673.5 767.8333333333334 1.0 107.0 1.0
Point 108 674.1666666666666 770.5 1.0 108.0 1.0
Point 109 661.5 775.8333333333334 1.0 109.0 1.0
Point 110 669.5 772.5 1.0 110.0 1.0
Point 111 668.8333333333334 771.8333333333334 1.0 111.0 1.0
Point 112 665.5 777.1666666666666 1.0 112.0 1.0
Point 113 668.1666666666666 781.1666666666666 1.0 113.0 1.0
Point 114 663.5 787.8333333333334 1.0 114.0 1.0
Point 115 656.8333333333334 803.1666666666666 1.0 115.0 1.0
Point 116 648.8333333333334 811.8333333333334 1.0 116.0 1.0
Point 117 637.5 817.1666666666666 1.0 117.0 1.0
Point 118 639.5 823.1666666666666 1.0 118.0 1.0
Point 119 640.8333333333334 825.1666666666666 1.0 119.0 1.0
Point 120 636.1666666666666 829.8333333333334 1.0 120.0 1.0
Point 121 639.5 829.8333333333334 1.0 121.0 1.0
Point 122 640.8333333333334 827.1666666666666 1.0 122.0 1.0
Point 123 638.8333333333334 831.1666666666666 1.0 123.0 1.0
Point 124 640.8333333333334 833.1666666666666 1.0 124.0 1.0
Point 125 638.1666666666666 831.8333333333334 1.0 125.0 1.0
Point 126 636.8333333333334 833.1666666666666 1.0 126.0 1.0
Point 127 633.5 835.1666666666666 1.0 127.0 1.0
Point 128 634.1666666666666 836.5 1.0 128.0 1.0
Point 129 634.1666666666666 835.8333333333334 1.0 129.0 1.0
Point 130 632.8333333333334 833.1666666666666 1.0 130.0 1.0
Point 131 634.8333333333334 833.1666666666666 1.0 131.0 1.0
Point 132 634.1666666666666 835.1666666666666 1.0 132.0 1.0
Point 133 634.8333333333334 835.8333333333334 1.0 133.0 1.0
Point 134 633.5 837.1666666666666 1.0 134.0 1.0
Point 135 632.1666666666666 837.1666666666666 1.0 135.0 1.0
Point 136 632.8333333333334 833.8333333333334 1.0 136.0 1.0
Point 137 632.8333333333334 830.5 1.0 137.0 1.0
Point 138 633.5 831.1666666666666 1.0 138.0 1.0
Point 139 632.8333333333334 830.5 1.0 139.0 1.0
Point 140 630.1666666666666 830.5 1.0 140.0 1.0
Point 141 629.5 828.5 1.0 141.0 1.0
Point 142 630.1666666666666 829.8333333333334 1.0 142.0 1.0
Point 143 630.8333333333334 824.5 1.0 143.0 1.0
Point 144 632.8333333333334 824.5 1.0 144.0 1.0
Point 145 632.8333333333334 824.5 1.0 145.0 1.0
Point 146 635.5 825.8333333333334 1.0 146.0 1.0
Point 147 634.8333333333334 823.1666666666666 1.0 147.0 1.0
Point 148 634.8333333333334 823.8333333333334 1.0 148.0 1.0
Point 149 632.1666666666666 822.5 1.0 149.0 1.0
Point 150 632.8333333333334 824.5 1.0 150.0 1.0
Point 151 632.1666666666666 824.5 1.0 151.0 1.0
Point 152 630.1666666666666 823.8333333333334 1.0 152.0 1.0
Point 153 628.8333333333334 824.5 1.0 153.0 1.0
Point 154 628.1666666666666 824.5 1.0 154.0 1.0
Point 155 629.5 823.8333333333334 1.0 155.0 1.0
Point 156 629.5 821.8333333333334 1.0 156.0 1.0
Point 157 630.1666666666666 824.5 1.0 157.0 1.0
Point 158 632.1666666666666 825.1666666666666 1.0 158.0 1.0
Point 159 634.8333333333334 823.8333333333334 1.0 159.0 1.0
Point 160 632.1666666666666 821.8333333333334 1.0 160.0 1.0
Point 161 634.8333333333334 821.8333333333334 1.0 161.0 1.0
Point 162 634.8333333333334 821.1666666666666 1.0 162.0 1.0
Point 163 634.1666666666666 819.1666666666666 1.0 163.0 1.0
Point 164 635.5 821.1666666666666 1.0 164.0 1.0
Point 165 637.5 821.8333333333334 1.0 165.0 1.0
Point 166 640.1666666666666 817.8333333333334 1.0 166.0 1.0
Point 167 640.8333333333334 818.5 1.0 167.0 1.0
Point 168 640.1666666666666 817.1666666666666 1.0 168.0 1.0
Point 169 639.5 815.1666666666666 1.0 169.0 1.0
Point 170 643.5 815.1666666666666 1.0 170.0 1.0
Point 171 646.1666666666666 813.8333333333334 1.0 171.0 1.0
Point 172 647.5 813.8333333333334 1.0 172.0 1.0
Point 173 643.5 815.8333333333334 1.0 173.0 1.0
Point 174 639.5 817.8333333333334 1.0 174.0 1.0
Point 175 636.1666666666666 819.1666666666666 1.0 175.0 1.0
Point 176 642.8333333333334 819.1666666666666 1.0 176.0 1.0
Point 177 644.1666666666666 816.5 1.0 177.0 1.0
Point 178 639.5 816.5 1.0 178.0 1.0
Point 179 638.8333333333334 816.5 1.0 179.0 1.0
Point 180 636.8333333333334 816.5 1.0 180.0 1.0
Point 181 638.1666666666666 817.8333333333334 1.0 181.0 1.0
Point 182 638.8333333333334 815.8333333333334 1.0 182.0 1.0
Point 183 640.1666666666666 814.5 1.0 183.0 1.0
Point 184 642.8333333333334 811.8333333333334 1.0 184.0 1.0
Point 185 643.5 813.1666666666666 1.0 185.0 1.0
Point 186 642.1666666666666 812.5 1.0 186.0 1.0
Point 187 640.8333333333334 813.8333333333334 1.0 187.0 1.0
Point 188 641.5 815.8333333333334 1.0 188.0 1.0
Point 189 638.8333333333334 815.8333333333334 1.0 189.0 1.0
Point 190 641.5 813.8333333333334 1.0 190.0 1.0
Point 191 641.5 811.8333333333334 1.0 191.0 1.0
Point 192 639.5 811.1666666666666 1.0 192.0 1.0
Point 193 640.1666666666666 811.8333333333334 1.0 193.0 1.0
Point 194 640.1666666666666 811.1666666666666 1.0 194.0 1.0
Point 195 638.1666666666666 811.8333333333334 1.0 195.0 1.0
Point 196 638.1666666666666 809.1666666666666 1.0 196.0 1.0
Point 197 641.5 811.8333333333334 1.0 197.0 1.0
Point 198 646.1666666666666 803.8333333333334 1.0 198.0 1.0
Point 199 649.5 803.1666666666666 1.0 199.0 1.0
Point 200 654.8333333333334 803.8333333333334 1.0 200.0 1.0
End of MTrackJ Data File
