MTrackJ 1.5.1 Data File
Displaying false true true 1 2 0 0 95 8 0 0 0 0 1 10 0 false true true false
Assembly 1 FF0000
Cluster 1 FF0000
Track 1 FF0000 true
Point 1 781.0 936.0 1.0 1.0 1.0
Point 2 778.0 925.0 1.0 2.0 1.0
Point 3 785.0 934.0 1.0 3.0 1.0
Point 4 784.0 931.0 1.0 4.0 1.0
Point 5 784.0 932.0 1.0 5.0 1.0
Point 6 779.0 914.0 1.0 6.0 1.0
Point 7 775.0 916.0 1.0 7.0 1.0
Point 8 783.0 911.0 1.0 8.0 1.0
Point 9 785.0 893.0 1.0 9.0 1.0
Point 10 795.0 898.0 1.0 10.0 1.0
Point 11 807.0 927.0 1.0 11.0 1.0
Point 12 827.0 929.0 1.0 12.0 1.0
Point 13 832.0 930.0 1.0 13.0 1.0
Point 14 843.0 926.0 1.0 14.0 1.0
Point 15 835.0 920.0 1.0 15.0 1.0
Point 16 836.0 918.0 1.0 16.0 1.0
Point 17 830.0 922.0 1.0 17.0 1.0
Point 18 805.0 906.0 1.0 18.0 1.0
Point 19 806.0 907.0 1.0 19.0 1.0
Point 20 805.0 906.0 1.0 20.0 1.0
Point 21 834.0 938.0 1.0 21.0 1.0
Point 22 855.0 951.0 1.0 22.0 1.0
Point 23 882.0 960.0 1.0 23.0 1.0
Point 24 871.0 967.0 1.0 24.0 1.0
Point 25 876.0 970.0 1.0 25.0 1.0
Point 26 872.0 977.0 1.0 26.0 1.0
Point 27 871.0 970.0 1.0 27.0 1.0
Point 28 870.0 975.0 1.0 28.0 1.0
Point 29 866.0 981.0 1.0 29.0 1.0
Point 30 883.0 986.0 1.0 30.0 1.0
Point 31 894.0 985.0 1.0 31.0 1.0
Point 32 910.0 979.0 1.0 32.0 1.0
Point 33 880.0 964.0 1.0 33.0 1.0
Point 34 855.0 952.0 1.0 34.0 1.0
Point 35 846.0 944.0 1.0 35.0 1.0
Point 36 828.0 930.0 1.0 36.0 1.0
Point 37 827.0 939.0 1.0 37.0 1.0
Point 38 827.0 946.0 1.0 38.0 1.0
Point 40 823.0 936.0 1.0 39.0 1.0
Point 41 828.0 933.0 1.0 40.0 1.0
Point 42 832.0 936.0 1.0 41.0 1.0
Point 43 836.0 943.0 1.0 42.0 1.0
Point 44 835.0 939.0 1.0 43.0 1.0
Point 45 827.0 928.0 1.0 44.0 1.0
Point 46 823.0 930.0 1.0 45.0 1.0
Point 47 814.0 923.0 1.0 46.0 1.0
Point 48 818.0 924.0 1.0 47.0 1.0
Point 49 814.0 916.0 1.0 48.0 1.0
Point 50 826.0 929.0 1.0 49.0 1.0
Point 51 820.0 928.0 1.0 50.0 1.0
Point 52 844.0 920.0 1.0 51.0 1.0
Point 53 833.0 920.0 1.0 52.0 1.0
Point 54 820.0 919.0 1.0 53.0 1.0
Point 55 798.0 921.0 1.0 54.0 1.0
Point 56 779.0 927.0 1.0 55.0 1.0
Point 57 769.0 941.0 1.0 56.0 1.0
Point 58 771.0 945.0 1.0 57.0 1.0
Point 59 759.0 975.0 1.0 58.0 1.0
Point 60 757.0 979.0 1.0 59.0 1.0
Point 61 760.0 972.0 1.0 60.0 1.0
Point 62 768.0 986.0 1.0 61.0 1.0
Point 63 773.0 973.0 1.0 62.0 1.0
Point 64 771.0 955.0 1.0 63.0 1.0
Point 65 763.0 955.0 1.0 64.0 1.0
Point 66 748.0 944.0 1.0 65.0 1.0
Point 67 724.0 930.0 1.0 66.0 1.0
Point 68 703.0 922.0 1.0 67.0 1.0
Point 69 695.0 923.0 1.0 68.0 1.0
Point 70 688.0 916.0 1.0 69.0 1.0
Point 71 667.0 912.0 1.0 70.0 1.0
Point 72 633.0 921.0 1.0 71.0 1.0
Point 73 639.0 913.0 1.0 72.0 1.0
Point 74 599.0 874.0 1.0 73.0 1.0
Point 75 618.0 872.0 1.0 74.0 1.0
Point 76 625.0 884.0 1.0 75.0 1.0
Point 77 626.0 882.0 1.0 76.0 1.0
Point 78 638.0 868.0 1.0 77.0 1.0
Point 79 641.0 870.0 1.0 78.0 1.0
Point 80 638.0 876.0 1.0 79.0 1.0
Point 81 633.0 861.0 1.0 80.0 1.0
Point 82 631.0 866.0 1.0 81.0 1.0
Point 83 633.0 858.0 1.0 82.0 1.0
Point 84 634.0 822.0 1.0 83.0 1.0
Point 85 628.0 833.0 1.0 84.0 1.0
Point 86 632.0 820.0 1.0 85.0 1.0
Point 87 611.0 782.0 1.0 86.0 1.0
Point 88 607.0 781.0 1.0 87.0 1.0
Point 89 616.0 792.0 1.0 88.0 1.0
Point 90 637.0 781.0 1.0 89.0 1.0
Point 91 661.0 778.0 1.0 90.0 1.0
Point 92 643.0 774.0 1.0 91.0 1.0
Point 93 631.0 774.0 1.0 92.0 1.0
Point 94 659.0 778.0 1.0 93.0 1.0
Point 95 645.0 766.0 1.0 94.0 1.0
Point 96 631.0 769.0 1.0 95.0 1.0
Point 97 632.0 763.0 1.0 96.0 1.0
Point 98 634.0 762.0 1.0 97.0 1.0
Point 99 635.0 772.0 1.0 98.0 1.0
Point 100 645.0 776.0 1.0 99.0 1.0
Point 101 649.0 774.0 1.0 100.0 1.0
Point 102 648.0 768.0 1.0 101.0 1.0
Point 103 660.0 777.0 1.0 102.0 1.0
Point 104 665.0 773.0 1.0 103.0 1.0
Point 105 661.0 780.0 1.0 104.0 1.0
Point 106 666.0 776.0 1.0 105.0 1.0
Point 107 670.0 784.0 1.0 106.0 1.0
Point 108 662.0 782.0 1.0 107.0 1.0
Point 109 659.0 788.0 1.0 108.0 1.0
Point 110 655.0 786.0 1.0 109.0 1.0
Point 111 659.0 801.0 1.0 110.0 1.0
Point 112 650.0 810.0 1.0 111.0 1.0
Point 113 653.0 807.0 1.0 112.0 1.0
Point 114 635.0 825.0 1.0 113.0 1.0
Point 115 626.0 819.0 1.0 114.0 1.0
Point 116 630.0 833.0 1.0 115.0 1.0
Point 117 625.0 835.0 1.0 116.0 1.0
Point 118 619.0 847.0 1.0 117.0 1.0
Point 119 629.0 845.0 1.0 118.0 1.0
Point 120 624.0 847.0 1.0 119.0 1.0
Point 121 620.0 845.0 1.0 120.0 1.0
Point 122 612.0 841.0 1.0 121.0 1.0
Point 123 617.0 845.0 1.0 122.0 1.0
Point 124 621.0 849.0 1.0 123.0 1.0
Point 125 614.0 848.0 1.0 124.0 1.0
Point 126 619.0 852.0 1.0 125.0 1.0
Point 127 616.0 862.0 1.0 126.0 1.0
Point 128 617.0 856.0 1.0 127.0 1.0
Point 129 626.0 858.0 1.0 128.0 1.0
Point 130 623.0 856.0 1.0 129.0 1.0
Point 131 617.0 842.0 1.0 130.0 1.0
Point 132 612.0 844.0 1.0 131.0 1.0
Point 133 611.0 843.0 1.0 132.0 1.0
Point 134 618.0 845.0 1.0 133.0 1.0
Point 135 618.0 851.0 1.0 134.0 1.0
Point 136 617.0 830.0 1.0 135.0 1.0
Point 137 617.0 833.0 1.0 136.0 1.0
Point 138 619.0 827.0 1.0 137.0 1.0
Point 139 624.0 825.0 1.0 138.0 1.0
Point 140 618.0 823.0 1.0 139.0 1.0
Point 141 610.0 818.0 1.0 140.0 1.0
Point 142 613.0 815.0 1.0 141.0 1.0
Point 143 621.0 815.0 1.0 142.0 1.0
Point 144 614.0 814.0 1.0 143.0 1.0
Point 145 612.0 814.0 1.0 144.0 1.0
Point 146 614.0 814.0 1.0 145.0 1.0
Point 147 609.0 811.0 1.0 146.0 1.0
Point 148 606.0 809.0 1.0 147.0 1.0
Point 149 615.0 823.0 1.0 148.0 1.0
Point 150 609.0 819.0 1.0 149.0 1.0
Point 151 613.0 819.0 1.0 150.0 1.0
Point 152 616.0 818.0 1.0 151.0 1.0
Point 153 615.0 812.0 1.0 152.0 1.0
Point 154 612.0 815.0 1.0 153.0 1.0
Point 155 619.0 819.0 1.0 154.0 1.0
Point 156 622.0 813.0 1.0 155.0 1.0
Point 157 617.0 817.0 1.0 156.0 1.0
Point 158 606.0 817.0 1.0 157.0 1.0
Point 159 611.0 811.0 1.0 158.0 1.0
Point 160 616.0 808.0 1.0 159.0 1.0
Point 161 621.0 815.0 1.0 160.0 1.0
Point 162 627.0 810.0 1.0 161.0 1.0
Point 163 627.0 807.0 1.0 162.0 1.0
Point 164 653.0 806.0 1.0 163.0 1.0
Point 165 649.0 810.0 1.0 164.0 1.0
Point 166 648.0 806.0 1.0 165.0 1.0
Point 167 662.0 792.0 1.0 166.0 1.0
Point 168 646.0 805.0 1.0 167.0 1.0
Point 169 634.0 810.0 1.0 168.0 1.0
Point 170 628.0 809.0 1.0 169.0 1.0
Point 171 632.0 813.0 1.0 170.0 1.0
Point 172 646.0 804.0 1.0 171.0 1.0
Point 173 635.0 820.0 1.0 172.0 1.0
Point 174 630.0 808.0 1.0 173.0 1.0
Point 175 636.0 796.0 1.0 174.0 1.0
Point 176 634.0 811.0 1.0 175.0 1.0
Point 177 637.0 809.0 1.0 176.0 1.0
Point 178 636.0 805.0 1.0 177.0 1.0
Point 179 622.0 819.0 1.0 178.0 1.0
Point 180 625.0 827.0 1.0 179.0 1.0
Point 181 630.0 817.0 1.0 180.0 1.0
Point 182 636.0 821.0 1.0 181.0 1.0
Point 188 620.0 831.0 1.0 183.0 1.0
Point 183 648.0 817.0 1.0 184.0 1.0
Point 184 645.0 812.0 1.0 185.0 1.0
Point 185 648.0 810.0 1.0 186.0 1.0
Point 186 647.0 813.0 1.0 187.0 1.0
Point 187 644.0 817.0 1.0 188.0 1.0
Point 190 648.0 819.0 1.0 189.0 1.0
Point 189 641.0 817.0 1.0 190.0 1.0
Point 191 645.0 816.0 1.0 191.0 1.0
Point 192 645.0 816.0 1.0 192.0 1.0
Point 193 639.0 820.0 1.0 193.0 1.0
Point 194 635.0 818.0 1.0 194.0 1.0
Point 195 636.0 811.0 1.0 195.0 1.0
Point 196 629.0 819.0 1.0 196.0 1.0
Point 197 646.0 814.0 1.0 197.0 1.0
Point 198 637.0 797.0 1.0 198.0 1.0
Point 199 641.0 807.0 1.0 199.0 1.0
Point 200 649.0 798.0 1.0 200.0 1.0
End of MTrackJ Data File
