MTrackJ 1.5.1 Data File
Displaying true true true 2 0 0 0 100 10 0 0 0 0 1 12 0 true true true false
Assembly 1 FF0000
Cluster 1 FF0000
Track 1 FF0000 true
Point 1 693.0 524.0 1.0 1.0 1.0
Point 2 694.0 521.0 1.0 2.0 1.0
Point 3 693.0 519.0 1.0 3.0 1.0
Point 4 695.0 517.0 1.0 4.0 1.0
Point 5 695.0 517.0 1.0 5.0 1.0
Point 6 693.0 513.0 1.0 6.0 1.0
Point 7 693.0 512.0 1.0 7.0 1.0
Point 8 693.0 512.0 1.0 8.0 1.0
Point 9 691.0 507.0 1.0 9.0 1.0
Point 10 692.0 507.0 1.0 10.0 1.0
Point 11 692.0 505.0 1.0 11.0 1.0
Point 12 691.0 506.0 1.0 12.0 1.0
Point 13 693.0 503.0 1.0 13.0 1.0
Point 14 693.0 502.0 1.0 14.0 1.0
Point 15 692.0 503.0 1.0 15.0 1.0
Point 16 692.0 502.0 1.0 16.0 1.0
Point 17 692.0 497.0 1.0 17.0 1.0
Point 18 692.0 497.0 1.0 18.0 1.0
Point 19 692.0 497.0 1.0 19.0 1.0
Point 20 692.0 497.0 1.0 20.0 1.0
Point 21 692.0 497.0 1.0 21.0 1.0
Point 22 691.0 497.0 1.0 22.0 1.0
Point 23 690.0 497.0 1.0 23.0 1.0
Point 24 690.0 497.0 1.0 24.0 1.0
Point 25 690.0 496.0 1.0 25.0 1.0
Point 26 688.0 494.0 1.0 26.0 1.0
Point 27 687.0 494.0 1.0 27.0 1.0
Point 28 687.0 494.0 1.0 28.0 1.0
Point 29 687.0 494.0 1.0 29.0 1.0
Point 30 686.0 493.0 1.0 30.0 1.0
Point 31 686.0 493.0 1.0 31.0 1.0
Point 32 685.0 490.0 1.0 32.0 1.0
Point 33 685.0 490.0 1.0 33.0 1.0
Point 34 685.0 490.0 1.0 34.0 1.0
Point 35 685.0 490.0 1.0 35.0 1.0
Point 36 685.0 488.0 1.0 36.0 1.0
Point 37 687.0 485.0 1.0 37.0 1.0
Point 38 686.0 485.0 1.0 38.0 1.0
Track 2 FFFF00 true
Point 1 683.0 487.0 1.0 39.0 1.0
Point 2 683.0 487.0 1.0 40.0 1.0
Track 3 00FF00 true
Point 1 682.0 484.0 1.0 41.0 1.0
Point 2 682.0 484.0 1.0 42.0 1.0
Point 3 681.0 484.0 1.0 43.0 1.0
Point 4 681.0 484.0 1.0 44.0 1.0
Point 5 680.0 484.0 1.0 45.0 1.0
Point 6 680.0 484.0 1.0 46.0 1.0
Point 7 679.0 485.0 1.0 47.0 1.0
Point 8 677.0 486.0 1.0 48.0 1.0
Point 9 677.0 486.0 1.0 49.0 1.0
Point 10 676.0 486.0 1.0 50.0 1.0
Point 11 676.0 486.0 1.0 51.0 1.0
Point 12 674.0 484.0 1.0 52.0 1.0
Point 13 672.0 481.0 1.0 53.0 1.0
Point 14 672.0 481.0 1.0 54.0 1.0
Point 15 671.0 481.0 1.0 55.0 1.0
Point 16 671.0 481.0 1.0 56.0 1.0
Point 17 672.0 481.0 1.0 57.0 1.0
Point 18 672.0 481.0 1.0 58.0 1.0
Point 19 672.0 481.0 1.0 59.0 1.0
Point 20 672.0 481.0 1.0 60.0 1.0
Point 21 672.0 481.0 1.0 61.0 1.0
Point 22 658.0 478.0 1.0 62.0 1.0
Track 4 00FFFF true
Point 1 664.0 476.0 1.0 63.0 1.0
Point 2 665.0 476.0 1.0 64.0 1.0
Point 3 666.0 476.0 1.0 65.0 1.0
Point 4 667.0 476.0 1.0 66.0 1.0
Point 5 670.0 479.0 1.0 67.0 1.0
Point 6 668.0 480.0 1.0 68.0 1.0
Point 7 668.0 480.0 1.0 69.0 1.0
Point 8 670.0 477.0 1.0 70.0 1.0
Track 5 0000FF true
Point 1 670.0 477.0 1.0 71.0 1.0
Point 2 670.0 476.0 1.0 72.0 1.0
Point 3 670.0 476.0 1.0 73.0 1.0
Point 4 670.0 476.0 1.0 74.0 1.0
Point 5 669.0 474.0 1.0 75.0 1.0
Point 6 670.0 472.0 1.0 76.0 1.0
Point 7 671.0 469.0 1.0 77.0 1.0
Point 8 671.0 468.0 1.0 78.0 1.0
Point 9 673.0 465.0 1.0 79.0 1.0
Point 10 672.0 464.0 1.0 80.0 1.0
Point 11 672.0 464.0 1.0 81.0 1.0
Point 12 672.0 464.0 1.0 82.0 1.0
Point 13 672.0 465.0 1.0 83.0 1.0
Point 14 671.0 467.0 1.0 84.0 1.0
Point 15 671.0 467.0 1.0 85.0 1.0
Point 16 671.0 467.0 1.0 86.0 1.0
Point 17 668.0 467.0 1.0 87.0 1.0
Track 6 FF00FF true
Point 1 668.0 467.0 1.0 88.0 1.0
Point 2 668.0 467.0 1.0 89.0 1.0
Point 3 668.0 467.0 1.0 90.0 1.0
Point 4 670.0 467.0 1.0 91.0 1.0
Point 5 670.0 465.0 1.0 92.0 1.0
Point 6 669.0 463.0 1.0 93.0 1.0
Point 7 668.0 460.0 1.0 94.0 1.0
Point 8 667.0 460.0 1.0 95.0 1.0
Point 9 670.0 459.0 1.0 96.0 1.0
Track 7 FF9900 true
Point 1 669.0 459.0 1.0 97.0 1.0
Point 2 669.0 459.0 1.0 98.0 1.0
Point 3 669.0 459.0 1.0 99.0 1.0
Point 4 668.0 458.0 1.0 100.0 1.0
Point 5 667.0 458.0 1.0 101.0 1.0
Point 6 665.0 458.0 1.0 102.0 1.0
Point 7 661.0 460.0 1.0 103.0 1.0
Point 8 660.0 460.0 1.0 104.0 1.0
Point 9 660.0 460.0 1.0 105.0 1.0
Track 8 8B05BE true
Point 1 660.0 458.0 1.0 106.0 1.0
Point 2 661.0 458.0 1.0 107.0 1.0
Point 3 663.0 458.0 1.0 108.0 1.0
Point 4 663.0 458.0 1.0 109.0 1.0
Point 5 662.0 458.0 1.0 110.0 1.0
Point 6 662.0 458.0 1.0 111.0 1.0
Track 9 008B42 true
Point 1 663.0 459.0 1.0 112.0 1.0
Point 2 663.0 459.0 1.0 113.0 1.0
Point 3 663.0 459.0 1.0 114.0 1.0
Point 4 663.0 459.0 1.0 115.0 1.0
Point 5 663.0 459.0 1.0 116.0 1.0
Track 10 FFD18B true
Point 1 663.0 459.0 1.0 117.0 1.0
Point 2 661.0 461.0 1.0 118.0 1.0
Point 3 661.0 462.0 1.0 119.0 1.0
Point 4 660.0 463.0 1.0 120.0 1.0
Track 11 00388B true
Point 1 658.0 471.0 1.0 121.0 1.0
Point 2 658.0 471.0 1.0 122.0 1.0
Point 3 657.0 474.0 1.0 123.0 1.0
Track 12 D6FF8B true
Point 1 657.0 474.0 1.0 124.0 1.0
Point 2 659.0 474.0 1.0 125.0 1.0
Point 3 659.0 474.0 1.0 126.0 1.0
Point 4 650.0 472.0 1.0 127.0 1.0
Point 5 651.0 472.0 1.0 128.0 1.0
Point 6 651.0 472.0 1.0 129.0 1.0
Track 13 BE0521 true
Point 1 653.0 473.0 1.0 130.0 1.0
Point 2 653.0 473.0 1.0 131.0 1.0
Point 3 650.0 480.0 1.0 132.0 1.0
Track 14 FF8B9C true
Point 1 650.0 480.0 1.0 133.0 1.0
Point 2 650.0 480.0 1.0 134.0 1.0
Point 3 651.0 480.0 1.0 135.0 1.0
Point 4 651.0 480.0 1.0 136.0 1.0
Point 5 650.0 482.0 1.0 137.0 1.0
Point 6 649.0 484.0 1.0 138.0 1.0
Track 15 8B6E00 true
Point 1 649.0 484.0 1.0 139.0 1.0
Point 2 649.0 484.0 1.0 140.0 1.0
Point 3 648.0 484.0 1.0 141.0 1.0
Point 4 645.0 483.0 1.0 142.0 1.0
Point 5 645.0 483.0 1.0 143.0 1.0
Point 6 644.0 482.0 1.0 144.0 1.0
Point 7 644.0 482.0 1.0 145.0 1.0
Point 8 642.0 481.0 1.0 146.0 1.0
Point 9 642.0 481.0 1.0 147.0 1.0
Point 10 641.0 480.0 1.0 148.0 1.0
Point 11 642.0 477.0 1.0 149.0 1.0
Point 12 642.0 477.0 1.0 150.0 1.0
Point 13 642.0 477.0 1.0 151.0 1.0
Point 14 642.0 477.0 1.0 152.0 1.0
Point 15 642.0 477.0 1.0 153.0 1.0
Point 16 642.0 477.0 1.0 154.0 1.0
Point 17 642.0 477.0 1.0 155.0 1.0
Point 18 643.0 477.0 1.0 156.0 1.0
Point 19 640.0 479.0 1.0 157.0 1.0
Point 20 643.0 482.0 1.0 158.0 1.0
Point 21 643.0 482.0 1.0 159.0 1.0
Track 16 AC55F7 true
Point 1 644.0 482.0 1.0 160.0 1.0
Point 2 644.0 480.0 1.0 161.0 1.0
Point 3 643.0 480.0 1.0 162.0 1.0
Point 4 643.0 480.0 1.0 163.0 1.0
Point 5 643.0 480.0 1.0 164.0 1.0
Point 6 645.0 480.0 1.0 165.0 1.0
Track 17 ABFF8B true
Point 1 644.0 480.0 1.0 166.0 1.0
Point 2 646.0 478.0 1.0 167.0 1.0
Point 3 646.0 478.0 1.0 168.0 1.0
Point 4 645.0 478.0 1.0 169.0 1.0
Point 5 645.0 478.0 1.0 170.0 1.0
Point 6 641.0 479.0 1.0 171.0 1.0
Track 18 008B76 true
Point 1 642.0 479.0 1.0 172.0 1.0
Point 2 644.0 479.0 1.0 173.0 1.0
Point 3 643.0 480.0 1.0 174.0 1.0
Point 4 643.0 480.0 1.0 175.0 1.0
Point 5 642.0 480.0 1.0 176.0 1.0
Point 6 642.0 480.0 1.0 177.0 1.0
Track 19 A0BE05 true
Point 1 642.0 480.0 1.0 178.0 1.0
Point 2 642.0 476.0 1.0 179.0 1.0
Point 3 642.0 476.0 1.0 180.0 1.0
Point 4 642.0 478.0 1.0 181.0 1.0
Point 5 642.0 478.0 1.0 182.0 1.0
Point 6 642.0 479.0 1.0 183.0 1.0
Point 7 641.0 479.0 1.0 184.0 1.0
Point 8 641.0 479.0 1.0 185.0 1.0
Point 9 641.0 479.0 1.0 186.0 1.0
Point 10 641.0 479.0 1.0 187.0 1.0
Point 11 641.0 479.0 1.0 188.0 1.0
Point 12 641.0 479.0 1.0 189.0 1.0
Track 20 FF6900 true
Point 1 640.0 480.0 1.0 190.0 1.0
Track 21 BE0589 true
Point 1 639.0 480.0 1.0 191.0 1.0
Point 2 638.0 480.0 1.0 192.0 1.0
Point 3 637.0 481.0 1.0 193.0 1.0
Point 4 637.0 481.0 1.0 194.0 1.0
Point 5 636.0 480.0 1.0 195.0 1.0
Point 6 635.0 479.0 1.0 196.0 1.0
Track 22 5577F7 true
Point 1 635.0 479.0 1.0 197.0 1.0
Point 2 635.0 479.0 1.0 198.0 1.0
Point 3 636.0 479.0 1.0 199.0 1.0
Track 23 00FF79 true
Point 1 635.0 479.0 1.0 200.0 1.0
Point 2 634.0 479.0 1.0 201.0 1.0
Point 3 633.0 479.0 1.0 202.0 1.0
Point 4 633.0 479.0 1.0 203.0 1.0
Point 5 632.0 479.0 1.0 204.0 1.0
Point 6 629.0 479.0 1.0 205.0 1.0
Track 24 F79855 true
Point 1 628.0 477.0 1.0 206.0 1.0
Point 2 626.0 476.0 1.0 207.0 1.0
Point 3 626.0 475.0 1.0 208.0 1.0
Point 4 626.0 475.0 1.0 209.0 1.0
Point 5 626.0 475.0 1.0 210.0 1.0
Point 6 626.0 475.0 1.0 211.0 1.0
Track 25 8B0063 true
Point 1 626.0 475.0 1.0 212.0 1.0
Point 2 627.0 475.0 1.0 213.0 1.0
Track 26 8BB9FF true
Point 1 627.0 475.0 1.0 214.0 1.0
Point 2 627.0 475.0 1.0 215.0 1.0
Point 3 627.0 475.0 1.0 216.0 1.0
Track 27 8B3900 true
Point 1 624.0 477.0 1.0 217.0 1.0
Point 2 624.0 477.0 1.0 218.0 1.0
Point 3 623.0 477.0 1.0 219.0 1.0
Point 4 623.0 477.0 1.0 220.0 1.0
Point 5 623.0 477.0 1.0 221.0 1.0
Point 6 623.0 477.0 1.0 222.0 1.0
Point 7 623.0 477.0 1.0 223.0 1.0
Point 8 623.0 477.0 1.0 224.0 1.0
Point 9 623.0 477.0 1.0 225.0 1.0
Point 10 622.0 477.0 1.0 226.0 1.0
Track 28 A6FF00 true
Point 1 619.0 477.0 1.0 227.0 1.0
Point 2 618.0 477.0 1.0 228.0 1.0
Point 3 618.0 477.0 1.0 229.0 1.0
Point 4 618.0 477.0 1.0 230.0 1.0
Point 5 615.0 477.0 1.0 231.0 1.0
Point 6 615.0 477.0 1.0 232.0 1.0
Point 7 615.0 477.0 1.0 233.0 1.0
Point 8 615.0 477.0 1.0 234.0 1.0
Point 9 613.0 477.0 1.0 235.0 1.0
Point 10 611.0 477.0 1.0 236.0 1.0
Point 11 611.0 477.0 1.0 237.0 1.0
Point 12 611.0 477.0 1.0 238.0 1.0
Point 13 611.0 477.0 1.0 239.0 1.0
Track 29 6905BE true
Point 1 611.0 478.0 1.0 240.0 1.0
Point 2 610.0 478.0 1.0 241.0 1.0
Point 3 607.0 479.0 1.0 242.0 1.0
Point 4 607.0 481.0 1.0 243.0 1.0
Point 5 605.0 484.0 1.0 244.0 1.0
Point 6 605.0 484.0 1.0 245.0 1.0
Point 7 605.0 485.0 1.0 246.0 1.0
Point 8 604.0 485.0 1.0 247.0 1.0
Track 30 F58BFF true
Point 1 604.0 487.0 1.0 248.0 1.0
Track 31 8BFFEE true
Point 1 599.0 491.0 1.0 249.0 1.0
Point 2 599.0 491.0 1.0 250.0 1.0
Point 3 599.0 491.0 1.0 251.0 1.0
Track 32 268B00 true
Point 1 600.0 490.0 1.0 252.0 1.0
Point 2 600.0 490.0 1.0 253.0 1.0
Point 3 600.0 490.0 1.0 254.0 1.0
Track 33 FFFC8B true
Point 1 600.0 490.0 1.0 255.0 1.0
Point 2 600.0 490.0 1.0 256.0 1.0
Point 3 599.0 490.0 1.0 257.0 1.0
Point 4 599.0 490.0 1.0 258.0 1.0
Point 5 599.0 490.0 1.0 259.0 1.0
Point 6 597.0 490.0 1.0 260.0 1.0
Track 34 BE5205 true
Point 1 594.0 492.0 1.0 261.0 1.0
Point 2 594.0 492.0 1.0 262.0 1.0
Point 3 594.0 492.0 1.0 263.0 1.0
Track 35 054FBE true
Point 1 592.0 494.0 1.0 264.0 1.0
Point 2 592.0 493.0 1.0 265.0 1.0
Point 3 592.0 493.0 1.0 266.0 1.0
Point 4 592.0 493.0 1.0 267.0 1.0
Point 5 591.0 494.0 1.0 268.0 1.0
Point 6 590.0 498.0 1.0 269.0 1.0
Track 36 7F008B true
Point 1 590.0 503.0 1.0 270.0 1.0
Point 2 591.0 505.0 1.0 271.0 1.0
Point 3 591.0 506.0 1.0 272.0 1.0
Track 37 F7556D true
Point 1 593.0 504.0 1.0 273.0 1.0
Point 2 593.0 504.0 1.0 274.0 1.0
Point 3 592.0 505.0 1.0 275.0 1.0
Point 4 591.0 505.0 1.0 276.0 1.0
Point 5 591.0 505.0 1.0 277.0 1.0
Point 6 589.0 506.0 1.0 278.0 1.0
Track 38 31008B true
Point 1 588.0 510.0 1.0 279.0 1.0
Point 2 588.0 510.0 1.0 280.0 1.0
Point 3 587.0 510.0 1.0 281.0 1.0
Track 39 81F755 true
Point 1 587.0 512.0 1.0 282.0 1.0
Point 2 586.0 514.0 1.0 283.0 1.0
Point 3 586.0 514.0 1.0 284.0 1.0
Track 40 F7F355 true
Point 1 586.0 514.0 1.0 285.0 1.0
Point 2 585.0 514.0 1.0 286.0 1.0
Point 3 585.0 514.0 1.0 287.0 1.0
Point 4 585.0 514.0 1.0 288.0 1.0
Point 5 583.0 516.0 1.0 289.0 1.0
Point 6 583.0 516.0 1.0 290.0 1.0
Point 7 583.0 516.0 1.0 291.0 1.0
End of MTrackJ Data File
