MTrackJ 1.5.1 Data File
Displaying true true true 2 0 0 0 100 10 0 0 0 0 1 12 0 true true true false
Assembly 1 FF0000
Cluster 1 FF0000
Track 1 FF0000 true
Point 1 701.0 513.0 1.0 1.0 2.0
Point 2 702.0 510.0 1.0 2.0 2.0
Point 3 705.0 510.0 1.0 3.0 2.0
Point 4 702.0 507.0 1.0 4.0 2.0
Point 5 706.0 497.0 1.0 5.0 2.0
Point 6 707.0 504.0 1.0 6.0 2.0
Point 7 702.0 501.0 1.0 7.0 2.0
Point 8 699.0 502.0 1.0 8.0 2.0
Point 9 696.0 494.0 1.0 9.0 2.0
Point 10 692.0 503.0 1.0 10.0 2.0
Point 11 697.0 499.0 1.0 11.0 2.0
Point 12 704.0 488.0 1.0 12.0 2.0
Point 13 697.0 489.0 1.0 13.0 2.0
Point 14 698.0 489.0 1.0 14.0 2.0
Point 15 695.0 493.0 1.0 15.0 2.0
Point 16 694.0 493.0 1.0 16.0 2.0
Point 17 695.0 495.0 1.0 17.0 2.0
Point 18 702.0 488.0 1.0 18.0 2.0
Point 19 690.0 492.0 1.0 19.0 2.0
Point 20 689.0 498.0 1.0 20.0 2.0
Point 21 690.0 492.0 1.0 21.0 2.0
Point 22 688.0 495.0 1.0 22.0 2.0
Point 23 691.0 491.0 1.0 23.0 2.0
Point 24 688.0 492.0 1.0 24.0 2.0
Point 25 688.0 486.0 1.0 25.0 2.0
Point 26 681.0 495.0 1.0 26.0 2.0
Point 27 681.0 498.0 1.0 27.0 2.0
Point 28 676.0 496.0 1.0 28.0 2.0
Point 29 680.0 495.0 1.0 29.0 2.0
Point 30 663.0 504.0 1.0 30.0 2.0
Point 31 651.0 515.0 1.0 31.0 2.0
Point 32 657.0 506.0 1.0 32.0 2.0
Point 33 662.0 502.0 1.0 33.0 2.0
Point 34 668.0 498.0 1.0 34.0 2.0
Point 35 668.0 493.0 1.0 35.0 2.0
Point 36 671.0 494.0 1.0 36.0 2.0
Point 37 672.0 497.0 1.0 37.0 2.0
Point 38 661.0 498.0 1.0 38.0 2.0
Point 39 661.0 498.0 1.0 39.0 2.0
Point 40 671.0 492.0 1.0 40.0 2.0
Point 41 676.0 484.0 1.0 41.0 2.0
Point 42 666.0 491.0 1.0 42.0 2.0
Point 43 667.0 492.0 1.0 43.0 2.0
Point 44 665.0 493.0 1.0 44.0 2.0
Point 45 658.0 493.0 1.0 45.0 2.0
Point 46 656.0 497.0 1.0 46.0 2.0
Point 47 656.0 494.0 1.0 47.0 2.0
Point 48 665.0 491.0 1.0 48.0 2.0
Point 49 658.0 492.0 1.0 49.0 2.0
Point 50 662.0 491.0 1.0 50.0 2.0
Point 51 662.0 489.0 1.0 51.0 2.0
Point 52 667.0 488.0 1.0 52.0 2.0
Point 53 663.0 488.0 1.0 53.0 2.0
Point 54 658.0 489.0 1.0 54.0 2.0
Point 55 660.0 488.0 1.0 55.0 2.0
Point 56 665.0 495.0 1.0 56.0 2.0
Point 57 673.0 489.0 1.0 57.0 2.0
Point 58 668.0 485.0 1.0 58.0 2.0
Point 59 666.0 487.0 1.0 59.0 2.0
Point 60 668.0 491.0 1.0 60.0 2.0
Point 61 663.0 487.0 1.0 61.0 2.0
Point 62 661.0 487.0 1.0 62.0 2.0
Point 63 663.0 486.0 1.0 63.0 2.0
Point 64 664.0 485.0 1.0 64.0 2.0
Point 65 663.0 482.0 1.0 65.0 2.0
Point 66 663.0 485.0 1.0 66.0 2.0
Point 67 667.0 486.0 1.0 67.0 2.0
Point 68 663.0 477.0 1.0 68.0 2.0
Point 69 670.0 472.0 1.0 69.0 2.0
Point 70 669.0 474.0 1.0 70.0 2.0
Point 71 664.0 474.0 1.0 71.0 2.0
Point 72 671.0 476.0 1.0 72.0 2.0
Point 73 668.0 478.0 1.0 73.0 2.0
Point 74 669.0 479.0 1.0 74.0 2.0
Point 75 669.0 488.0 1.0 75.0 2.0
Point 76 665.0 496.0 1.0 76.0 2.0
Point 77 666.0 487.0 1.0 77.0 2.0
Point 78 675.0 478.0 1.0 78.0 2.0
Point 79 669.0 478.0 1.0 79.0 2.0
Point 80 672.0 479.0 1.0 80.0 2.0
Point 81 667.0 478.0 1.0 81.0 2.0
Point 82 661.0 479.0 1.0 82.0 2.0
Point 83 655.0 478.0 1.0 83.0 2.0
Point 84 657.0 479.0 1.0 84.0 2.0
Point 85 658.0 480.0 1.0 85.0 2.0
Point 86 661.0 480.0 1.0 86.0 2.0
Point 87 660.0 481.0 1.0 87.0 2.0
Point 88 656.0 477.0 1.0 88.0 2.0
Point 89 660.0 482.0 1.0 89.0 2.0
Point 90 661.0 481.0 1.0 90.0 2.0
Point 91 660.0 484.0 1.0 91.0 2.0
Point 92 663.0 476.0 1.0 92.0 2.0
Point 93 659.0 475.0 1.0 93.0 2.0
Point 94 662.0 479.0 1.0 94.0 2.0
Point 95 662.0 478.0 1.0 95.0 2.0
Point 96 662.0 476.0 1.0 96.0 2.0
Point 97 660.0 470.0 1.0 97.0 2.0
Point 98 657.0 472.0 1.0 98.0 2.0
Point 99 651.0 469.0 1.0 99.0 2.0
Point 100 654.0 473.0 1.0 100.0 2.0
Point 101 654.0 475.0 1.0 101.0 2.0
Point 102 657.0 473.0 1.0 102.0 2.0
Point 103 661.0 474.0 1.0 103.0 2.0
Point 104 663.0 474.0 1.0 104.0 2.0
Point 105 660.0 469.0 1.0 105.0 2.0
Point 106 663.0 469.0 1.0 106.0 2.0
Point 107 663.0 471.0 1.0 107.0 2.0
Point 108 666.0 470.0 1.0 108.0 2.0
Point 109 664.0 473.0 1.0 109.0 2.0
Point 110 665.0 473.0 1.0 110.0 2.0
Point 111 662.0 478.0 1.0 111.0 2.0
Point 112 663.0 478.0 1.0 112.0 2.0
Point 113 659.0 476.0 1.0 113.0 2.0
Point 114 650.0 472.0 1.0 114.0 2.0
Point 115 657.0 474.0 1.0 115.0 2.0
Point 116 656.0 474.0 1.0 116.0 2.0
Point 117 659.0 477.0 1.0 117.0 2.0
Point 118 657.0 485.0 1.0 118.0 2.0
Point 119 661.0 501.0 1.0 119.0 2.0
Point 120 662.0 499.0 1.0 120.0 2.0
Point 121 653.0 511.0 1.0 121.0 2.0
Point 122 645.0 487.0 1.0 122.0 2.0
Point 123 646.0 486.0 1.0 123.0 2.0
Point 124 649.0 486.0 1.0 124.0 2.0
Point 125 644.0 477.0 1.0 125.0 2.0
Point 126 641.0 478.0 1.0 126.0 2.0
Point 127 637.0 470.0 1.0 127.0 2.0
Point 128 638.0 477.0 1.0 128.0 2.0
Point 129 636.0 475.0 1.0 129.0 2.0
Point 130 645.0 485.0 1.0 130.0 2.0
Point 131 651.0 490.0 1.0 131.0 2.0
Point 132 651.0 491.0 1.0 132.0 2.0
Point 133 645.0 484.0 1.0 133.0 2.0
Point 134 652.0 491.0 1.0 134.0 2.0
Point 135 650.0 489.0 1.0 135.0 2.0
Point 136 649.0 488.0 1.0 136.0 2.0
Point 137 653.0 493.0 1.0 137.0 2.0
Point 138 651.0 490.0 1.0 138.0 2.0
Point 139 651.0 482.0 1.0 139.0 2.0
Point 140 651.0 478.0 1.0 140.0 2.0
Point 141 649.0 486.0 1.0 141.0 2.0
Point 142 645.0 484.0 1.0 142.0 2.0
Point 143 649.0 486.0 1.0 143.0 2.0
Point 144 652.0 488.0 1.0 144.0 2.0
Point 145 647.0 488.0 1.0 145.0 2.0
Point 146 648.0 489.0 1.0 146.0 2.0
Point 147 644.0 487.0 1.0 147.0 2.0
Point 148 647.0 491.0 1.0 148.0 2.0
Point 149 645.0 485.0 1.0 149.0 2.0
Point 150 643.0 482.0 1.0 150.0 2.0
Point 151 644.0 478.0 1.0 151.0 2.0
Point 152 649.0 485.0 1.0 152.0 2.0
Point 153 663.0 488.0 1.0 153.0 2.0
Point 154 653.0 484.0 1.0 154.0 2.0
Point 155 648.0 485.0 1.0 155.0 2.0
Point 156 652.0 489.0 1.0 156.0 2.0
Point 157 674.0 507.0 1.0 157.0 2.0
Point 158 661.0 497.0 1.0 158.0 2.0
Point 159 658.0 495.0 1.0 159.0 2.0
Point 160 660.0 493.0 1.0 160.0 2.0
Point 161 660.0 488.0 1.0 161.0 2.0
Point 162 667.0 482.0 1.0 162.0 2.0
Point 163 669.0 481.0 1.0 163.0 2.0
Point 164 667.0 478.0 1.0 164.0 2.0
Point 165 669.0 476.0 1.0 165.0 2.0
Point 166 670.0 478.0 1.0 166.0 2.0
Point 167 668.0 487.0 1.0 167.0 2.0
Point 168 664.0 488.0 1.0 168.0 2.0
Point 169 663.0 495.0 1.0 169.0 2.0
Point 170 660.0 494.0 1.0 170.0 2.0
Point 171 668.0 486.0 1.0 171.0 2.0
Point 172 672.0 478.0 1.0 172.0 2.0
Point 173 672.0 475.0 1.0 173.0 2.0
Point 174 674.0 474.0 1.0 174.0 2.0
Point 175 673.0 477.0 1.0 175.0 2.0
Point 176 664.0 482.0 1.0 176.0 2.0
Point 177 671.0 469.0 1.0 177.0 2.0
Point 178 672.0 475.0 1.0 178.0 2.0
Point 179 675.0 476.0 1.0 179.0 2.0
Point 180 666.0 476.0 1.0 180.0 2.0
Point 181 667.0 480.0 1.0 181.0 2.0
Point 182 671.0 477.0 1.0 182.0 2.0
Point 183 667.0 482.0 1.0 183.0 2.0
Point 184 662.0 475.0 1.0 184.0 2.0
Point 185 658.0 475.0 1.0 185.0 2.0
Point 186 661.0 475.0 1.0 186.0 2.0
Point 187 663.0 472.0 1.0 187.0 2.0
Point 188 663.0 478.0 1.0 188.0 2.0
Point 189 654.0 475.0 1.0 189.0 2.0
Point 190 657.0 467.0 1.0 190.0 2.0
Point 191 656.0 470.0 1.0 191.0 2.0
Point 192 651.0 473.0 1.0 192.0 2.0
Point 193 658.0 475.0 1.0 193.0 2.0
Point 194 652.0 476.0 1.0 194.0 2.0
Point 195 644.0 479.0 1.0 195.0 2.0
Point 196 658.0 477.0 1.0 196.0 2.0
Point 197 652.0 477.0 1.0 197.0 2.0
Point 198 650.0 478.0 1.0 198.0 2.0
Point 199 645.0 477.0 1.0 199.0 2.0
Point 200 643.0 477.0 1.0 200.0 2.0
Point 201 643.0 472.0 1.0 201.0 2.0
Point 202 634.0 477.0 1.0 202.0 2.0
Point 203 636.0 478.0 1.0 203.0 2.0
Point 204 635.0 481.0 1.0 204.0 2.0
Point 205 631.0 481.0 1.0 205.0 2.0
Point 206 632.0 479.0 1.0 206.0 2.0
Point 207 632.0 478.0 1.0 207.0 2.0
Point 208 632.0 475.0 1.0 208.0 2.0
Point 209 631.0 478.0 1.0 209.0 2.0
Point 210 627.0 480.0 1.0 210.0 2.0
Point 211 626.0 479.0 1.0 211.0 2.0
Point 212 630.0 477.0 1.0 212.0 2.0
Point 213 627.0 478.0 1.0 213.0 2.0
Point 214 624.0 475.0 1.0 214.0 2.0
Point 215 602.0 473.0 1.0 215.0 2.0
Point 216 618.0 475.0 1.0 216.0 2.0
Point 217 627.0 475.0 1.0 217.0 2.0
Point 218 625.0 472.0 1.0 218.0 2.0
Point 219 623.0 480.0 1.0 219.0 2.0
Point 220 621.0 478.0 1.0 220.0 2.0
Point 221 626.0 481.0 1.0 221.0 2.0
Point 222 618.0 474.0 1.0 222.0 2.0
Point 223 618.0 471.0 1.0 223.0 2.0
Point 224 615.0 473.0 1.0 224.0 2.0
Point 225 616.0 476.0 1.0 225.0 2.0
Point 226 619.0 472.0 1.0 226.0 2.0
Point 227 617.0 468.0 1.0 227.0 2.0
End of MTrackJ Data File
