MTrackJ 1.5.1 Data File
Displaying false true true 1 2 0 0 100 14 0 0 0 0 1 8 0 true false true false
Assembly 1 FF0000
Cluster 1 FF0000
Track 1 FF0000 true
Point 1 681.8333333333333 562.5 1.0 18.0 1.0
Point 2 601.1666666666667 516.5 1.0 27.0 1.0
Point 3 646.5 561.1666666666667 1.0 29.0 1.0
Point 26 618.1666666666666 557.1666666666667 1.0 32.0 1.0
Point 4 717.8333333333333 417.16666666666663 1.0 39.0 1.0
Point 6 773.8333333333333 568.5 1.0 61.0 1.0
Point 9 652.5 419.16666666666663 1.0 79.0 1.0
Point 10 681.1666666666667 517.1666666666667 1.0 91.0 1.0
Point 11 669.8333333333333 549.1666666666667 1.0 94.0 1.0
Point 27 706.1666666666667 511.83333333333337 1.0 101.0 1.0
Point 15 669.8333333333333 534.5 1.0 116.0 1.0
Point 16 706.5 563.1666666666667 1.0 120.0 1.0
Point 17 655.8333333333333 533.1666666666667 1.0 122.0 1.0
Point 18 717.8333333333333 544.5 1.0 123.0 1.0
Point 19 680.5 541.8333333333333 1.0 140.0 1.0
Point 20 708.5 503.1666666666667 1.0 144.0 1.0
Point 21 694.5 512.5 1.0 195.0 1.0
Point 22 704.5 499.8333333333333 1.0 200.0 1.0
Point 23 691.8333333333333 503.1666666666667 1.0 206.0 1.0
Point 24 613.1666666666667 419.16666666666663 1.0 234.0 1.0
Point 28 660.8333333333333 427.16666666666663 1.0 261.0 1.0
Point 25 647.8333333333333 401.16666666666663 1.0 278.0 1.0
End of MTrackJ Data File
