MTrackJ 1.5.1 Data File
Displaying false true true 1 2 0 0 100 20 0 0 0 0 1 8 0 false false true false
Assembly 1 FF0000
Cluster 1 FF0000
Track 1 FF0000 true
Point 1 386.0 328.0 1.0 1.0 1.0
Point 2 386.0 331.0 1.0 2.0 1.0
Point 3 386.0 334.0 1.0 3.0 1.0
Point 4 386.0 335.0 1.0 4.0 1.0
Point 5 386.0 332.0 1.0 5.0 1.0
Point 6 385.0 333.0 1.0 6.0 1.0
Point 7 381.0 331.0 1.0 7.0 1.0
Point 8 381.0 334.0 1.0 8.0 1.0
Point 9 372.0 329.0 1.0 9.0 1.0
Point 10 367.0 328.0 1.0 10.0 1.0
Point 11 355.0 334.0 1.0 11.0 1.0
Point 12 349.0 335.0 1.0 12.0 1.0
Point 13 347.0 334.0 1.0 13.0 1.0
Point 14 339.0 333.0 1.0 14.0 1.0
Point 15 334.0 330.0 1.0 15.0 1.0
Point 16 331.0 329.0 1.0 16.0 1.0
Point 17 323.0 323.0 1.0 17.0 1.0
Point 18 319.0 319.0 1.0 18.0 1.0
Point 19 321.0 318.0 1.0 19.0 1.0
Point 20 308.0 323.0 1.0 20.0 1.0
Point 21 297.0 322.0 1.0 21.0 1.0
Point 22 287.0 319.0 1.0 22.0 1.0
Point 23 277.0 316.0 1.0 23.0 1.0
Point 24 279.0 316.0 1.0 24.0 1.0
Point 25 277.0 307.0 1.0 25.0 1.0
Point 26 276.0 307.0 1.0 26.0 1.0
Point 27 279.0 309.0 1.0 27.0 1.0
Point 28 284.0 312.0 1.0 28.0 1.0
Point 29 283.0 310.0 1.0 29.0 1.0
Point 30 283.0 313.0 1.0 30.0 1.0
Point 31 283.0 313.0 1.0 31.0 1.0
Point 32 288.0 311.0 1.0 32.0 1.0
Point 33 293.0 310.0 1.0 33.0 1.0
Point 34 294.0 305.0 1.0 34.0 1.0
Point 35 297.0 306.0 1.0 35.0 1.0
Point 36 298.0 305.0 1.0 36.0 1.0
Point 37 298.0 305.0 1.0 37.0 1.0
Point 38 301.0 304.0 1.0 38.0 1.0
Point 39 300.0 306.0 1.0 39.0 1.0
Point 40 300.0 305.0 1.0 40.0 1.0
Point 41 301.0 307.0 1.0 41.0 1.0
Point 42 302.0 309.0 1.0 42.0 1.0
Point 43 308.0 311.0 1.0 43.0 1.0
Point 44 310.0 310.0 1.0 44.0 1.0
Point 45 313.0 311.0 1.0 45.0 1.0
Point 46 315.0 309.0 1.0 46.0 1.0
Point 47 315.0 308.0 1.0 47.0 1.0
Point 48 313.0 308.0 1.0 48.0 1.0
Point 49 313.0 310.0 1.0 49.0 1.0
Point 50 311.0 309.0 1.0 50.0 1.0
Point 51 311.0 311.0 1.0 51.0 1.0
Point 52 314.0 311.0 1.0 52.0 1.0
Point 53 313.0 309.0 1.0 53.0 1.0
Point 54 314.0 306.0 1.0 54.0 1.0
Point 55 314.0 304.0 1.0 55.0 1.0
Point 56 315.0 302.0 1.0 56.0 1.0
Point 57 319.0 297.0 1.0 57.0 1.0
Point 58 315.0 296.0 1.0 58.0 1.0
Point 59 313.0 303.0 1.0 59.0 1.0
Point 60 311.0 300.0 1.0 60.0 1.0
Point 61 316.0 300.0 1.0 61.0 1.0
Point 62 319.0 299.0 1.0 62.0 1.0
Point 63 321.0 303.0 1.0 63.0 1.0
Point 64 324.0 306.0 1.0 64.0 1.0
Point 65 322.0 304.0 1.0 65.0 1.0
Point 66 318.0 302.0 1.0 66.0 1.0
Point 67 317.0 304.0 1.0 67.0 1.0
Point 68 326.0 306.0 1.0 68.0 1.0
Point 69 355.0 307.0 1.0 69.0 1.0
Point 70 374.0 309.0 1.0 70.0 1.0
Point 71 377.0 311.0 1.0 71.0 1.0
Point 72 369.0 308.0 1.0 72.0 1.0
Point 73 366.0 308.0 1.0 73.0 1.0
Point 74 366.0 311.0 1.0 74.0 1.0
Point 75 365.0 310.0 1.0 75.0 1.0
Point 76 364.0 317.0 1.0 76.0 1.0
Point 77 359.0 314.0 1.0 77.0 1.0
Point 78 354.0 313.0 1.0 78.0 1.0
Point 79 349.0 315.0 1.0 79.0 1.0
Point 80 342.0 322.0 1.0 80.0 1.0
Point 81 344.0 321.0 1.0 81.0 1.0
Point 82 338.0 321.0 1.0 82.0 1.0
Point 83 332.0 319.0 1.0 83.0 1.0
Point 84 322.0 319.0 1.0 84.0 1.0
Point 85 316.0 321.0 1.0 85.0 1.0
Point 86 310.0 322.0 1.0 86.0 1.0
Point 87 310.0 322.0 1.0 87.0 1.0
Point 88 304.0 321.0 1.0 88.0 1.0
Point 89 304.0 319.0 1.0 89.0 1.0
Point 90 308.0 320.0 1.0 90.0 1.0
Point 91 305.0 316.0 1.0 91.0 1.0
Point 92 304.0 312.0 1.0 92.0 1.0
Point 93 306.0 312.0 1.0 93.0 1.0
Point 94 310.0 309.0 1.0 94.0 1.0
Point 95 306.0 311.0 1.0 95.0 1.0
Point 96 306.0 310.0 1.0 96.0 1.0
Point 97 300.0 311.0 1.0 97.0 1.0
Point 98 300.0 308.0 1.0 98.0 1.0
Point 99 300.0 311.0 1.0 99.0 1.0
Point 100 299.0 311.0 1.0 100.0 1.0
Point 101 302.0 305.0 1.0 101.0 1.0
Point 102 298.0 309.0 1.0 102.0 1.0
Point 103 300.0 307.0 1.0 103.0 1.0
Point 104 303.0 304.0 1.0 104.0 1.0
Point 105 301.0 308.0 1.0 105.0 1.0
Point 106 301.0 308.0 1.0 106.0 1.0
Point 107 302.0 307.0 1.0 107.0 1.0
Point 108 298.0 308.0 1.0 108.0 1.0
Point 109 299.0 306.0 1.0 109.0 1.0
Point 110 300.0 304.0 1.0 110.0 1.0
Point 111 302.0 305.0 1.0 111.0 1.0
Point 112 308.0 302.0 1.0 112.0 1.0
Point 113 308.0 299.0 1.0 113.0 1.0
Point 114 308.0 299.0 1.0 114.0 1.0
Point 115 309.0 299.0 1.0 115.0 1.0
Point 116 313.0 297.0 1.0 116.0 1.0
Point 117 321.0 291.0 1.0 117.0 1.0
Point 118 323.0 290.0 1.0 118.0 1.0
Point 119 325.0 286.0 1.0 119.0 1.0
Point 120 329.0 286.0 1.0 120.0 1.0
End of MTrackJ Data File
