MTrackJ 1.5.1 Data File
Displaying false true true 1 2 0 0 100 20 0 0 0 0 1 8 0 false false true false
Assembly 1 FF0000
Cluster 1 FF0000
Track 1 FF0000 true
Point 1 356.0 314.0 1.0 1.0 1.0
Point 2 370.0 311.0 1.0 2.0 1.0
Point 3 383.0 326.0 1.0 3.0 1.0
Point 4 393.0 326.0 1.0 4.0 1.0
Point 5 393.0 327.0 1.0 5.0 1.0
Point 6 376.0 341.0 1.0 6.0 1.0
Point 7 366.0 349.0 1.0 7.0 1.0
Point 8 354.0 353.0 1.0 8.0 1.0
Point 9 343.0 352.0 1.0 9.0 1.0
Point 10 333.0 347.0 1.0 10.0 1.0
Point 11 322.0 356.0 1.0 11.0 1.0
Point 12 302.0 363.0 1.0 12.0 1.0
Point 13 299.0 364.0 1.0 13.0 1.0
Point 14 307.0 359.0 1.0 14.0 1.0
Point 15 283.0 371.0 1.0 15.0 1.0
Point 16 277.0 375.0 1.0 16.0 1.0
Point 17 270.0 369.0 1.0 17.0 1.0
Point 18 271.0 357.0 1.0 18.0 1.0
Point 19 254.0 377.0 1.0 19.0 1.0
Point 20 237.0 390.0 1.0 20.0 1.0
Point 21 242.0 376.0 1.0 21.0 1.0
Point 22 258.0 343.0 1.0 22.0 1.0
Point 23 258.0 338.0 1.0 23.0 1.0
Point 24 256.0 338.0 1.0 24.0 1.0
Point 25 249.0 325.0 1.0 25.0 1.0
Point 26 248.0 323.0 1.0 26.0 1.0
Point 27 253.0 322.0 1.0 27.0 1.0
Point 28 263.0 331.0 1.0 28.0 1.0
Point 29 262.0 315.0 1.0 29.0 1.0
Point 30 262.0 323.0 1.0 30.0 1.0
Point 31 253.0 345.0 1.0 31.0 1.0
Point 32 266.0 313.0 1.0 32.0 1.0
Point 33 267.0 316.0 1.0 33.0 1.0
Point 34 277.0 321.0 1.0 34.0 1.0
Point 35 272.0 329.0 1.0 35.0 1.0
Point 36 268.0 321.0 1.0 36.0 1.0
Point 37 270.0 330.0 1.0 37.0 1.0
Point 38 265.0 326.0 1.0 38.0 1.0
Point 39 269.0 333.0 1.0 39.0 1.0
Point 40 271.0 331.0 1.0 40.0 1.0
Point 41 269.0 325.0 1.0 41.0 1.0
Point 42 288.0 312.0 1.0 42.0 1.0
Point 43 290.0 314.0 1.0 43.0 1.0
Point 44 291.0 317.0 1.0 44.0 1.0
Point 45 269.0 333.0 1.0 45.0 1.0
Point 46 270.0 321.0 1.0 46.0 1.0
Point 47 290.0 316.0 1.0 47.0 1.0
Point 48 285.0 321.0 1.0 48.0 1.0
Point 49 286.0 315.0 1.0 49.0 1.0
Point 50 296.0 315.0 1.0 50.0 1.0
Point 51 285.0 313.0 1.0 51.0 1.0
Point 52 296.0 318.0 1.0 52.0 1.0
Point 53 284.0 313.0 1.0 53.0 1.0
Point 59 286.0 315.0 1.0 54.0 1.0
Point 60 346.0 304.0 1.0 55.0 1.0
Point 61 343.0 301.0 1.0 56.0 1.0
Point 62 333.0 288.0 1.0 57.0 1.0
Point 63 364.0 301.0 1.0 58.0 1.0
Point 64 344.0 299.0 1.0 59.0 1.0
Point 65 361.0 301.0 1.0 60.0 1.0
Point 66 424.0 310.0 1.0 61.0 1.0
Point 67 430.0 320.0 1.0 62.0 1.0
Point 68 418.0 329.0 1.0 63.0 1.0
Point 69 416.0 361.0 1.0 64.0 1.0
Point 70 412.0 377.0 1.0 65.0 1.0
Point 71 406.0 382.0 1.0 66.0 1.0
Point 72 405.0 395.0 1.0 67.0 1.0
Point 73 393.0 368.0 1.0 68.0 1.0
Point 74 395.0 367.0 1.0 69.0 1.0
Point 75 385.0 361.0 1.0 70.0 1.0
Point 76 376.0 359.0 1.0 71.0 1.0
Point 77 357.0 359.0 1.0 72.0 1.0
Point 78 315.0 379.0 1.0 73.0 1.0
Point 79 351.0 362.0 1.0 74.0 1.0
Point 80 347.0 362.0 1.0 75.0 1.0
Point 81 288.0 388.0 1.0 76.0 1.0
Point 82 320.0 372.0 1.0 77.0 1.0
Point 83 326.0 363.0 1.0 78.0 1.0
Point 84 318.0 355.0 1.0 79.0 1.0
Point 85 323.0 354.0 1.0 80.0 1.0
Point 86 316.0 357.0 1.0 81.0 1.0
Point 87 298.0 366.0 1.0 82.0 1.0
Point 88 326.0 326.0 1.0 83.0 1.0
Point 89 331.0 308.0 1.0 84.0 1.0
Point 90 329.0 294.0 1.0 85.0 1.0
Point 91 302.0 291.0 1.0 86.0 1.0
Point 92 317.0 298.0 1.0 87.0 1.0
Point 93 307.0 320.0 1.0 88.0 1.0
Point 94 301.0 307.0 1.0 89.0 1.0
Point 95 293.0 293.0 1.0 90.0 1.0
Point 96 287.0 281.0 1.0 91.0 1.0
Point 97 295.0 282.0 1.0 92.0 1.0
Point 98 302.0 284.0 1.0 93.0 1.0
Point 99 294.0 281.0 1.0 94.0 1.0
Point 100 303.0 283.0 1.0 95.0 1.0
Point 101 317.0 273.0 1.0 96.0 1.0
Point 102 300.0 280.0 1.0 97.0 1.0
Point 103 356.0 264.0 1.0 98.0 1.0
Point 104 315.0 270.0 1.0 99.0 1.0
Point 105 321.0 274.0 1.0 100.0 1.0
Point 106 307.0 277.0 1.0 101.0 1.0
Point 107 339.0 264.0 1.0 102.0 1.0
Point 108 306.0 272.0 1.0 103.0 1.0
Point 109 301.0 275.0 1.0 104.0 1.0
Point 110 299.0 275.0 1.0 105.0 1.0
Point 111 295.0 283.0 1.0 106.0 1.0
Point 112 294.0 292.0 1.0 107.0 1.0
Point 113 292.0 283.0 1.0 108.0 1.0
Point 114 299.0 282.0 1.0 109.0 1.0
Point 115 312.0 277.0 1.0 110.0 1.0
Point 116 323.0 266.0 1.0 111.0 1.0
Point 117 316.0 276.0 1.0 112.0 1.0
Point 118 335.0 256.0 1.0 113.0 1.0
Point 119 335.0 272.0 1.0 114.0 1.0
Point 120 331.0 272.0 1.0 115.0 1.0
Point 121 347.0 261.0 1.0 116.0 1.0
Point 122 353.0 255.0 1.0 117.0 1.0
Point 123 340.0 262.0 1.0 118.0 1.0
Point 124 342.0 259.0 1.0 119.0 1.0
Point 125 340.0 264.0 1.0 120.0 1.0
End of MTrackJ Data File
