MTrackJ 1.5.1 Data File
Displaying true true true 1 2 0 0 100 10 0 0 0 0 1 12 0 false true true false
Assembly 1 FF0000
Cluster 1 FF0000
Track 1 FF0000 true
Point 1 1293.0 424.0 1.0 1.0 1.0
Point 2 1290.0 419.0 1.0 2.0 1.0
Point 3 1290.0 417.0 1.0 3.0 1.0
Point 4 1274.0 410.0 1.0 4.0 1.0
Point 5 1268.0 408.0 1.0 5.0 1.0
Point 6 1260.0 402.0 1.0 6.0 1.0
Point 7 1261.0 399.0 1.0 7.0 1.0
Point 8 1255.0 404.0 1.0 8.0 1.0
Point 9 1254.0 403.0 1.0 9.0 1.0
Point 10 1257.0 400.0 1.0 10.0 1.0
Point 11 1256.0 402.0 1.0 11.0 1.0
Point 12 1257.0 399.0 1.0 12.0 1.0
Point 13 1257.0 400.0 1.0 13.0 1.0
Point 14 1256.0 400.0 1.0 14.0 1.0
Point 15 1247.0 401.0 1.0 15.0 1.0
Point 16 1252.0 401.0 1.0 16.0 1.0
Point 17 1254.0 399.0 1.0 17.0 1.0
Point 18 1255.0 398.0 1.0 18.0 1.0
Point 19 1256.0 397.0 1.0 19.0 1.0
Point 20 1257.0 394.0 1.0 20.0 1.0
Point 21 1257.0 396.0 1.0 21.0 1.0
Point 22 1261.0 390.0 1.0 22.0 1.0
Point 23 1256.0 387.0 1.0 23.0 1.0
Point 24 1262.0 382.0 1.0 24.0 1.0
Point 25 1262.0 374.0 1.0 25.0 1.0
Point 26 1265.0 376.0 1.0 26.0 1.0
Point 27 1263.0 384.0 1.0 27.0 1.0
Point 28 1256.0 384.0 1.0 28.0 1.0
Point 29 1258.0 384.0 1.0 29.0 1.0
Point 30 1255.0 387.0 1.0 30.0 1.0
Point 31 1253.0 385.0 1.0 31.0 1.0
Point 32 1254.0 383.0 1.0 32.0 1.0
Point 33 1263.0 377.0 1.0 33.0 1.0
Point 34 1264.0 371.0 1.0 34.0 1.0
Point 35 1266.0 374.0 1.0 35.0 1.0
Point 36 1267.0 373.0 1.0 36.0 1.0
Point 37 1266.0 375.0 1.0 37.0 1.0
Point 38 1260.0 379.0 1.0 38.0 1.0
Point 39 1268.0 375.0 1.0 39.0 1.0
Point 40 1264.0 372.0 1.0 40.0 1.0
Point 41 1263.0 374.0 1.0 41.0 1.0
Point 42 1267.0 378.0 1.0 42.0 1.0
Point 43 1264.0 375.0 1.0 43.0 1.0
Point 44 1275.0 373.0 1.0 44.0 1.0
Point 45 1275.0 370.0 1.0 45.0 1.0
Point 46 1274.0 372.0 1.0 46.0 1.0
Point 47 1275.0 370.0 1.0 47.0 1.0
Point 48 1277.0 369.0 1.0 48.0 1.0
Point 49 1276.0 372.0 1.0 49.0 1.0
Point 50 1276.0 367.0 1.0 50.0 1.0
Point 51 1271.0 372.0 1.0 51.0 1.0
Point 52 1273.0 365.0 1.0 52.0 1.0
Point 53 1276.0 367.0 1.0 53.0 1.0
Point 54 1268.0 370.0 1.0 54.0 1.0
Point 55 1275.0 367.0 1.0 55.0 1.0
Point 56 1263.0 363.0 1.0 56.0 1.0
Point 57 1265.0 363.0 1.0 57.0 1.0
Point 58 1268.0 364.0 1.0 58.0 1.0
Point 59 1263.0 364.0 1.0 59.0 1.0
Point 60 1265.0 361.0 1.0 60.0 1.0
Point 61 1264.0 363.0 1.0 61.0 1.0
Point 62 1265.0 362.0 1.0 62.0 1.0
Point 63 1268.0 362.0 1.0 63.0 1.0
Point 64 1265.0 361.0 1.0 64.0 1.0
Point 65 1261.0 358.0 1.0 65.0 1.0
Point 66 1267.0 356.0 1.0 66.0 1.0
Point 67 1263.0 342.0 1.0 67.0 1.0
Point 68 1269.0 335.0 1.0 68.0 1.0
Point 69 1271.0 349.0 1.0 69.0 1.0
Point 70 1275.0 352.0 1.0 70.0 1.0
Point 71 1273.0 350.0 1.0 71.0 1.0
Point 72 1273.0 350.0 1.0 72.0 1.0
Point 73 1267.0 358.0 1.0 73.0 1.0
Point 74 1269.0 357.0 1.0 74.0 1.0
Point 75 1268.0 360.0 1.0 75.0 1.0
Point 76 1275.0 354.0 1.0 76.0 1.0
Point 77 1278.0 348.0 1.0 77.0 1.0
Point 78 1275.0 326.0 1.0 78.0 1.0
Point 160 1275.0 318.0 1.0 79.0 1.0
Point 161 1285.0 327.0 1.0 80.0 1.0
Point 162 1277.0 316.0 1.0 81.0 1.0
Point 163 1281.0 322.0 1.0 82.0 1.0
Point 164 1282.0 332.0 1.0 83.0 1.0
Point 165 1286.0 325.0 1.0 84.0 1.0
Point 166 1285.0 321.0 1.0 85.0 1.0
Point 167 1291.0 327.0 1.0 86.0 1.0
Point 168 1292.0 336.0 1.0 87.0 1.0
Point 170 1292.0 336.0 1.0 88.0 1.0
Point 171 1296.0 339.0 1.0 89.0 1.0
Point 172 1300.0 340.0 1.0 90.0 1.0
Point 173 1289.0 343.0 1.0 91.0 1.0
Point 174 1289.0 343.0 1.0 92.0 1.0
Point 177 1288.0 349.0 1.0 93.0 1.0
Point 178 1294.0 343.0 1.0 94.0 1.0
Point 179 1295.0 342.0 1.0 95.0 1.0
Point 180 1304.0 331.0 1.0 96.0 1.0
Point 176 1307.0 339.0 1.0 97.0 1.0
Point 175 1308.0 339.0 1.0 98.0 1.0
Point 79 1305.0 336.0 1.0 99.0 1.0
Point 80 1304.0 348.0 1.0 100.0 1.0
Point 81 1311.0 340.0 1.0 101.0 1.0
Point 82 1309.0 338.0 1.0 102.0 1.0
Point 83 1304.0 350.0 1.0 103.0 1.0
Point 84 1308.0 350.0 1.0 104.0 1.0
Point 85 1314.0 350.0 1.0 105.0 1.0
Point 86 1319.0 347.0 1.0 106.0 1.0
Point 87 1309.0 354.0 1.0 107.0 1.0
Point 88 1310.0 362.0 1.0 108.0 1.0
Point 89 1315.0 366.0 1.0 109.0 1.0
Point 90 1320.0 362.0 1.0 110.0 1.0
Point 91 1326.0 365.0 1.0 111.0 1.0
Point 92 1327.0 372.0 1.0 112.0 1.0
Point 93 1327.0 364.0 1.0 113.0 1.0
Point 94 1333.0 381.0 1.0 114.0 1.0
Point 95 1327.0 381.0 1.0 115.0 1.0
Point 96 1327.0 373.0 1.0 116.0 1.0
Point 97 1331.0 368.0 1.0 117.0 1.0
Point 98 1339.0 360.0 1.0 118.0 1.0
Point 99 1344.0 359.0 1.0 119.0 1.0
Point 100 1345.0 361.0 1.0 120.0 1.0
Point 101 1335.0 356.0 1.0 121.0 1.0
Point 102 1330.0 349.0 1.0 122.0 1.0
Point 103 1334.0 348.0 1.0 123.0 1.0
Point 104 1329.0 352.0 1.0 124.0 1.0
Point 105 1328.0 357.0 1.0 125.0 1.0
Point 106 1333.0 353.0 1.0 126.0 1.0
Point 107 1332.0 352.0 1.0 127.0 1.0
Point 108 1331.0 357.0 1.0 128.0 1.0
Point 109 1329.0 347.0 1.0 129.0 1.0
Point 110 1327.0 348.0 1.0 130.0 1.0
Point 111 1328.0 349.0 1.0 131.0 1.0
Point 112 1320.0 342.0 1.0 132.0 1.0
Point 113 1319.0 344.0 1.0 133.0 1.0
Point 114 1322.0 346.0 1.0 134.0 1.0
Point 115 1318.0 339.0 1.0 135.0 1.0
Point 116 1312.0 338.0 1.0 136.0 1.0
Point 117 1308.0 338.0 1.0 137.0 1.0
Point 118 1311.0 337.0 1.0 138.0 1.0
Point 119 1313.0 339.0 1.0 139.0 1.0
Point 120 1309.0 337.0 1.0 140.0 1.0
Point 121 1305.0 338.0 1.0 141.0 1.0
Point 122 1296.0 329.0 1.0 142.0 1.0
Point 123 1296.0 330.0 1.0 143.0 1.0
Point 124 1293.0 322.0 1.0 144.0 1.0
Point 125 1296.0 327.0 1.0 145.0 1.0
Point 126 1305.0 338.0 1.0 146.0 1.0
Point 127 1306.0 347.0 1.0 147.0 1.0
Point 128 1306.0 348.0 1.0 148.0 1.0
Point 129 1308.0 348.0 1.0 149.0 1.0
Point 130 1310.0 348.0 1.0 150.0 1.0
Point 131 1308.0 349.0 1.0 151.0 1.0
Point 132 1308.0 350.0 1.0 152.0 1.0
Point 133 1306.0 348.0 1.0 153.0 1.0
Point 134 1307.0 337.0 1.0 154.0 1.0
Point 135 1307.0 353.0 1.0 155.0 1.0
Point 136 1309.0 357.0 1.0 156.0 1.0
Point 137 1316.0 357.0 1.0 157.0 1.0
Point 138 1316.0 358.0 1.0 158.0 1.0
Point 139 1314.0 351.0 1.0 159.0 1.0
Point 140 1316.0 356.0 1.0 160.0 1.0
Point 141 1316.0 354.0 1.0 161.0 1.0
Point 142 1312.0 347.0 1.0 162.0 1.0
Point 143 1306.0 352.0 1.0 163.0 1.0
Point 144 1308.0 350.0 1.0 164.0 1.0
Point 145 1307.0 352.0 1.0 165.0 1.0
Point 146 1307.0 351.0 1.0 166.0 1.0
Point 147 1308.0 339.0 1.0 167.0 1.0
Point 148 1317.0 352.0 1.0 168.0 1.0
Point 149 1311.0 346.0 1.0 169.0 1.0
Point 150 1307.0 339.0 1.0 170.0 1.0
Point 151 1309.0 339.0 1.0 171.0 1.0
Point 152 1306.0 335.0 1.0 172.0 1.0
Point 153 1293.0 326.0 1.0 173.0 1.0
Point 154 1292.0 325.0 1.0 174.0 1.0
Point 155 1295.0 325.0 1.0 175.0 1.0
Point 156 1290.0 325.0 1.0 176.0 1.0
Point 183 1268.0 315.0 1.0 177.0 1.0
Point 158 1277.0 314.0 1.0 178.0 1.0
Point 181 1278.0 313.0 1.0 179.0 1.0
Point 182 1268.0 315.0 1.0 180.0 1.0
End of MTrackJ Data File
