MTrackJ 1.5.1 Data File
Displaying true true true 1 2 0 0 100 10 0 0 0 0 1 12 0 false true true false
Assembly 1 FF0000
Cluster 1 FF0000
Track 1 FF0000 true
Point 1 1295.0 407.0 1.0 1.0 1.0
Point 2 1292.0 404.0 1.0 2.0 1.0
Point 3 1291.0 396.0 1.0 3.0 1.0
Point 4 1289.0 392.0 1.0 4.0 1.0
Point 5 1286.0 389.0 1.0 5.0 1.0
Point 6 1287.0 389.0 1.0 6.0 1.0
Point 7 1289.0 386.0 1.0 7.0 1.0
Point 8 1289.0 383.0 1.0 8.0 1.0
Point 9 1290.0 383.0 1.0 9.0 1.0
Point 10 1291.0 381.0 1.0 10.0 1.0
Point 11 1291.0 373.0 1.0 11.0 1.0
Point 12 1290.0 370.0 1.0 12.0 1.0
Point 13 1295.0 372.0 1.0 13.0 1.0
Point 14 1289.0 370.0 1.0 14.0 1.0
Point 15 1288.0 372.0 1.0 15.0 1.0
Point 16 1291.0 372.0 1.0 16.0 1.0
Point 17 1296.0 370.0 1.0 17.0 1.0
Point 18 1295.0 369.0 1.0 18.0 1.0
Point 19 1294.0 366.0 1.0 19.0 1.0
Point 20 1294.0 366.0 1.0 20.0 1.0
Point 21 1294.0 363.0 1.0 21.0 1.0
Point 22 1293.0 363.0 1.0 22.0 1.0
Point 23 1292.0 360.0 1.0 23.0 1.0
Point 24 1289.0 359.0 1.0 24.0 1.0
Point 25 1289.0 357.0 1.0 25.0 1.0
Point 26 1291.0 355.0 1.0 26.0 1.0
Point 27 1290.0 354.0 1.0 27.0 1.0
Point 28 1289.0 356.0 1.0 28.0 1.0
Point 29 1291.0 355.0 1.0 29.0 1.0
Point 30 1291.0 355.0 1.0 30.0 1.0
Point 31 1291.0 355.0 1.0 31.0 1.0
Point 32 1295.0 356.0 1.0 32.0 1.0
Point 33 1295.0 355.0 1.0 33.0 1.0
Point 34 1295.0 352.0 1.0 34.0 1.0
Point 35 1295.0 351.0 1.0 35.0 1.0
Point 36 1296.0 349.0 1.0 36.0 1.0
Point 37 1296.0 349.0 1.0 37.0 1.0
Point 38 1296.0 350.0 1.0 38.0 1.0
Point 39 1296.0 350.0 1.0 39.0 1.0
Point 40 1295.0 348.0 1.0 40.0 1.0
Point 41 1295.0 348.0 1.0 41.0 1.0
Point 42 1296.0 348.0 1.0 42.0 1.0
Point 43 1297.0 350.0 1.0 43.0 1.0
Point 44 1293.0 348.0 1.0 44.0 1.0
Point 45 1296.0 349.0 1.0 45.0 1.0
Point 46 1297.0 349.0 1.0 46.0 1.0
Point 47 1298.0 347.0 1.0 47.0 1.0
Point 48 1298.0 347.0 1.0 48.0 1.0
Point 49 1299.0 347.0 1.0 49.0 1.0
Point 50 1299.0 347.0 1.0 50.0 1.0
Point 51 1302.0 347.0 1.0 51.0 1.0
Point 52 1301.0 347.0 1.0 52.0 1.0
Point 53 1300.0 347.0 1.0 53.0 1.0
Point 54 1302.0 347.0 1.0 54.0 1.0
Point 55 1302.0 346.0 1.0 55.0 1.0
Point 56 1302.0 346.0 1.0 56.0 1.0
Point 57 1302.0 346.0 1.0 57.0 1.0
Point 58 1299.0 346.0 1.0 58.0 1.0
Point 59 1296.0 346.0 1.0 59.0 1.0
Point 60 1297.0 343.0 1.0 60.0 1.0
Point 61 1299.0 343.0 1.0 61.0 1.0
Point 62 1299.0 343.0 1.0 62.0 1.0
Point 63 1298.0 342.0 1.0 63.0 1.0
Point 64 1298.0 341.0 1.0 64.0 1.0
Point 65 1298.0 338.0 1.0 65.0 1.0
Point 66 1297.0 338.0 1.0 66.0 1.0
Point 67 1298.0 336.0 1.0 67.0 1.0
Point 68 1295.0 336.0 1.0 68.0 1.0
Point 69 1297.0 335.0 1.0 69.0 1.0
Point 70 1298.0 335.0 1.0 70.0 1.0
Point 71 1299.0 335.0 1.0 71.0 1.0
Point 72 1300.0 334.0 1.0 72.0 1.0
Point 73 1303.0 335.0 1.0 73.0 1.0
Point 74 1303.0 335.0 1.0 74.0 1.0
Point 75 1302.0 335.0 1.0 75.0 1.0
Point 76 1301.0 332.0 1.0 76.0 1.0
Point 77 1299.0 332.0 1.0 77.0 1.0
Point 78 1299.0 329.0 1.0 78.0 1.0
Point 79 1300.0 329.0 1.0 79.0 1.0
Point 80 1300.0 329.0 1.0 80.0 1.0
Point 81 1302.0 329.0 1.0 81.0 1.0
Point 82 1300.0 328.0 1.0 82.0 1.0
Point 83 1300.0 325.0 1.0 83.0 1.0
Point 84 1301.0 325.0 1.0 84.0 1.0
Point 85 1305.0 326.0 1.0 85.0 1.0
Point 86 1306.0 327.0 1.0 86.0 1.0
Point 87 1308.0 328.0 1.0 87.0 1.0
Point 88 1307.0 326.0 1.0 88.0 1.0
Point 89 1308.0 325.0 1.0 89.0 1.0
Point 90 1307.0 325.0 1.0 90.0 1.0
Point 91 1307.0 325.0 1.0 91.0 1.0
Point 92 1306.0 325.0 1.0 92.0 1.0
Point 93 1306.0 322.0 1.0 93.0 1.0
Point 94 1306.0 325.0 1.0 94.0 1.0
Point 95 1307.0 325.0 1.0 95.0 1.0
Point 96 1306.0 324.0 1.0 96.0 1.0
Point 97 1303.0 321.0 1.0 97.0 1.0
Point 98 1304.0 323.0 1.0 98.0 1.0
Point 99 1305.0 322.0 1.0 99.0 1.0
Point 100 1305.0 324.0 1.0 100.0 1.0
Point 101 1307.0 323.0 1.0 101.0 1.0
Point 102 1307.0 321.0 1.0 102.0 1.0
Point 103 1305.0 320.0 1.0 103.0 1.0
Point 104 1306.0 321.0 1.0 104.0 1.0
Point 105 1306.0 324.0 1.0 105.0 1.0
Point 106 1307.0 326.0 1.0 106.0 1.0
Point 107 1306.0 324.0 1.0 107.0 1.0
Point 108 1305.0 325.0 1.0 108.0 1.0
Point 109 1305.0 325.0 1.0 109.0 1.0
Point 110 1305.0 325.0 1.0 110.0 1.0
Point 111 1311.0 326.0 1.0 111.0 1.0
Point 112 1311.0 326.0 1.0 112.0 1.0
Point 113 1310.0 326.0 1.0 113.0 1.0
Point 114 1309.0 324.0 1.0 114.0 1.0
Point 115 1308.0 324.0 1.0 115.0 1.0
Point 116 1308.0 321.0 1.0 116.0 1.0
Point 117 1307.0 318.0 1.0 117.0 1.0
Point 118 1306.0 315.0 1.0 118.0 1.0
Point 119 1308.0 314.0 1.0 119.0 1.0
Point 120 1308.0 314.0 1.0 120.0 1.0
Point 121 1308.0 313.0 1.0 121.0 1.0
Point 122 1307.0 313.0 1.0 122.0 1.0
Point 123 1307.0 311.0 1.0 123.0 1.0
Point 124 1306.0 312.0 1.0 124.0 1.0
Point 125 1306.0 310.0 1.0 125.0 1.0
Point 126 1305.0 310.0 1.0 126.0 1.0
Point 127 1305.0 310.0 1.0 127.0 1.0
Point 128 1307.0 311.0 1.0 128.0 1.0
Point 129 1306.0 311.0 1.0 129.0 1.0
Point 130 1306.0 311.0 1.0 130.0 1.0
Point 131 1306.0 311.0 1.0 131.0 1.0
Point 132 1306.0 311.0 1.0 132.0 1.0
Point 133 1303.0 308.0 1.0 133.0 1.0
Point 134 1305.0 305.0 1.0 134.0 1.0
Point 135 1304.0 303.0 1.0 135.0 1.0
Point 136 1300.0 302.0 1.0 136.0 1.0
Point 137 1302.0 304.0 1.0 137.0 1.0
Point 138 1302.0 304.0 1.0 138.0 1.0
Point 139 1299.0 304.0 1.0 139.0 1.0
Point 140 1299.0 304.0 1.0 140.0 1.0
Point 141 1298.0 304.0 1.0 141.0 1.0
Point 142 1300.0 307.0 1.0 142.0 1.0
Point 143 1301.0 307.0 1.0 143.0 1.0
Point 144 1299.0 309.0 1.0 144.0 1.0
Point 145 1300.0 310.0 1.0 145.0 1.0
Point 146 1300.0 309.0 1.0 146.0 1.0
Point 147 1299.0 308.0 1.0 147.0 1.0
Point 148 1297.0 306.0 1.0 148.0 1.0
Point 149 1297.0 306.0 1.0 149.0 1.0
Point 150 1298.0 304.0 1.0 150.0 1.0
Point 151 1298.0 306.0 1.0 151.0 1.0
Point 152 1296.0 306.0 1.0 152.0 1.0
Point 153 1296.0 305.0 1.0 153.0 1.0
Point 154 1295.0 305.0 1.0 154.0 1.0
Point 155 1295.0 304.0 1.0 155.0 1.0
Point 156 1294.0 305.0 1.0 156.0 1.0
Point 157 1293.0 305.0 1.0 157.0 1.0
Point 158 1292.0 301.0 1.0 158.0 1.0
Point 159 1295.0 303.0 1.0 159.0 1.0
Point 160 1299.0 307.0 1.0 160.0 1.0
Point 161 1300.0 304.0 1.0 161.0 1.0
Point 162 1294.0 302.0 1.0 162.0 1.0
Point 163 1294.0 302.0 1.0 163.0 1.0
Point 164 1294.0 305.0 1.0 164.0 1.0
Point 165 1290.0 300.0 1.0 165.0 1.0
Point 166 1288.0 299.0 1.0 166.0 1.0
Point 167 1289.0 295.0 1.0 167.0 1.0
Point 168 1289.0 300.0 1.0 168.0 1.0
Point 169 1290.0 296.0 1.0 169.0 1.0
Point 170 1288.0 294.0 1.0 170.0 1.0
Point 171 1285.0 292.0 1.0 171.0 1.0
Point 172 1285.0 290.0 1.0 172.0 1.0
Point 173 1285.0 290.0 1.0 173.0 1.0
Point 174 1282.0 294.0 1.0 174.0 1.0
Point 175 1284.0 293.0 1.0 175.0 1.0
Point 176 1286.0 291.0 1.0 176.0 1.0
Point 177 1287.0 294.0 1.0 177.0 1.0
End of MTrackJ Data File
