MTrackJ 1.5.1 Data File
Displaying false true true 1 0 0 0 100 16 0 0 0 0 1 0 1 false false true false
Assembly 1 FF0000
Cluster 1 FF0000
Track 1 FF0000 true
Point 1 999.1666666666666 806.8333333333334 1.0 6.0 1.0
Point 2 1054.5 846.1666666666667 1.0 15.0 1.0
Point 4 1175.8333333333333 794.1666666666666 1.0 49.0 1.0
Point 6 1101.8333333333333 814.1666666666667 1.0 50.0 1.0
Point 5 1181.8333333333333 754.1666666666666 1.0 51.0 1.0
Point 7 1151.1666666666667 776.1666666666666 1.0 61.0 1.0
Point 8 1157.8333333333333 883.5 1.0 76.0 1.0
Point 9 1158.5 743.5 1.0 92.0 1.0
Point 14 1163.8333333333333 729.5 1.0 116.0 1.0
Point 11 983.1666666666666 672.1666666666666 1.0 194.0 1.0
Point 10 1157.8333333333333 791.5 1.0 197.0 1.0
Point 12 1148.5 710.1666666666666 1.0 220.0 1.0
Point 13 1307.1666666666667 738.1666666666666 1.0 234.0 1.0
End of MTrackJ Data File
