MTrackJ 1.5.1 Data File
Displaying false true true 1 0 0 0 100 16 0 0 0 0 1 0 1 false false true false
Assembly 1 FF0000
Cluster 1 FF0000
Track 1 FF0000 true
Point 1 975.8333333333334 881.8333333333333 1.0 1.0 1.0
Point 2 971.1666666666666 869.1666666666667 1.0 2.0 1.0
Point 3 973.1666666666666 861.8333333333334 1.0 3.0 1.0
Point 4 977.1666666666666 849.8333333333334 1.0 4.0 1.0
Point 5 984.5 843.8333333333334 1.0 5.0 1.0
Point 6 985.8333333333334 841.8333333333334 1.0 6.0 1.0
Point 7 998.5 835.1666666666666 1.0 7.0 1.0
Point 8 1000.5 827.8333333333334 1.0 8.0 1.0
Point 9 1000.5 828.5 1.0 9.0 1.0
Point 10 1003.1666666666667 825.1666666666666 1.0 10.0 1.0
Point 11 1000.5 825.8333333333334 1.0 11.0 1.0
Point 12 1003.1666666666667 827.1666666666666 1.0 12.0 1.0
Point 13 1002.5 831.1666666666666 1.0 13.0 1.0
Point 14 1005.8333333333333 832.5 1.0 14.0 1.0
Point 15 1003.8333333333333 833.8333333333334 1.0 15.0 1.0
Point 16 1005.1666666666667 823.1666666666666 1.0 16.0 1.0
Point 17 1003.8333333333333 817.8333333333334 1.0 17.0 1.0
Point 18 1007.1666666666667 819.8333333333334 1.0 18.0 1.0
Point 19 1006.5 817.1666666666666 1.0 19.0 1.0
Point 20 1008.5 815.8333333333334 1.0 20.0 1.0
Point 21 1008.5 815.1666666666666 1.0 21.0 1.0
Point 22 1011.1666666666667 811.8333333333334 1.0 22.0 1.0
Point 23 1015.8333333333333 806.5 1.0 23.0 1.0
Point 24 1016.5 803.8333333333334 1.0 24.0 1.0
Point 25 1019.8333333333333 803.8333333333334 1.0 25.0 1.0
Point 26 1022.5 799.8333333333334 1.0 26.0 1.0
Point 27 1020.5 799.8333333333334 1.0 27.0 1.0
Point 28 1019.8333333333333 799.1666666666666 1.0 28.0 1.0
Point 29 1020.5 799.1666666666666 1.0 29.0 1.0
Point 30 1017.8333333333333 800.5 1.0 30.0 1.0
Point 31 1017.1666666666667 800.5 1.0 31.0 1.0
Point 32 1017.1666666666667 803.1666666666666 1.0 32.0 1.0
Point 33 1018.5 811.8333333333334 1.0 33.0 1.0
Point 34 1019.8333333333333 809.8333333333334 1.0 34.0 1.0
Point 35 1019.1666666666667 805.1666666666666 1.0 35.0 1.0
Point 36 1019.8333333333333 801.8333333333334 1.0 36.0 1.0
Point 37 1019.8333333333333 797.1666666666666 1.0 37.0 1.0
Point 38 1019.1666666666667 795.1666666666666 1.0 38.0 1.0
Point 39 1018.5 791.8333333333334 1.0 39.0 1.0
Point 40 1017.8333333333333 789.8333333333334 1.0 40.0 1.0
Point 41 1017.1666666666667 788.5 1.0 41.0 1.0
Point 42 1016.5 785.8333333333334 1.0 42.0 1.0
Point 43 1015.8333333333333 783.1666666666666 1.0 43.0 1.0
Point 44 1016.5 785.1666666666666 1.0 44.0 1.0
Point 45 1016.5 783.1666666666666 1.0 45.0 1.0
Point 46 1014.5 787.1666666666666 1.0 46.0 1.0
Point 47 1012.5 795.1666666666666 1.0 47.0 1.0
Point 48 1019.1666666666667 797.1666666666666 1.0 48.0 1.0
Point 49 1018.5 794.5 1.0 49.0 1.0
Point 50 1027.1666666666667 788.5 1.0 50.0 1.0
Point 51 1032.5 787.1666666666666 1.0 51.0 1.0
Point 52 1037.8333333333333 782.5 1.0 52.0 1.0
Point 53 1038.5 781.8333333333334 1.0 53.0 1.0
Point 54 1043.8333333333333 778.5 1.0 54.0 1.0
Point 55 1049.1666666666667 775.8333333333334 1.0 55.0 1.0
Point 56 1053.1666666666667 773.1666666666666 1.0 56.0 1.0
Point 57 1060.5 771.1666666666666 1.0 57.0 1.0
Point 58 1072.5 771.1666666666666 1.0 58.0 1.0
Point 59 1076.5 771.1666666666666 1.0 59.0 1.0
Point 60 1079.1666666666667 774.5 1.0 60.0 1.0
Point 61 1079.1666666666667 773.8333333333334 1.0 61.0 1.0
Point 62 1075.8333333333333 774.5 1.0 62.0 1.0
Point 63 1074.5 779.8333333333334 1.0 63.0 1.0
Point 64 1071.1666666666667 778.5 1.0 64.0 1.0
Point 65 1072.5 777.1666666666666 1.0 65.0 1.0
Point 66 1068.5 775.8333333333334 1.0 66.0 1.0
Point 67 1064.5 772.5 1.0 67.0 1.0
Point 68 1069.8333333333333 773.1666666666666 1.0 68.0 1.0
Point 69 1068.5 771.8333333333334 1.0 69.0 1.0
Point 70 1067.1666666666667 771.8333333333334 1.0 70.0 1.0
Point 71 1067.1666666666667 771.8333333333334 1.0 71.0 1.0
Point 72 1064.5 771.1666666666666 1.0 72.0 1.0
Point 73 1063.8333333333333 770.5 1.0 73.0 1.0
Point 74 1065.1666666666667 769.8333333333334 1.0 74.0 1.0
Point 75 1063.8333333333333 771.8333333333334 1.0 75.0 1.0
Point 76 1063.8333333333333 773.1666666666666 1.0 76.0 1.0
Point 77 1063.1666666666667 771.8333333333334 1.0 77.0 1.0
Point 78 1063.8333333333333 769.8333333333334 1.0 78.0 1.0
Point 80 1057.8333333333333 763.1666666666666 1.0 79.0 1.0
Point 81 1053.1666666666667 750.5 1.0 80.0 1.0
Point 82 1051.8333333333333 745.1666666666666 1.0 81.0 1.0
Point 83 1050.5 750.5 1.0 82.0 1.0
Point 84 1050.5 748.5 1.0 83.0 1.0
Point 85 1051.8333333333333 750.5 1.0 84.0 1.0
Point 86 1052.5 754.5 1.0 85.0 1.0
Point 87 1052.5 751.1666666666666 1.0 86.0 1.0
Point 88 1052.5 751.1666666666666 1.0 87.0 1.0
Point 89 1053.8333333333333 749.8333333333334 1.0 88.0 1.0
Point 90 1053.1666666666667 749.1666666666666 1.0 89.0 1.0
Point 91 1055.1666666666667 750.5 1.0 90.0 1.0
Point 92 1054.5 749.8333333333334 1.0 91.0 1.0
Point 93 1053.1666666666667 750.5 1.0 92.0 1.0
Point 94 1063.1666666666667 748.5 1.0 93.0 1.0
Point 95 1063.1666666666667 749.1666666666666 1.0 94.0 1.0
Point 96 1060.5 750.5 1.0 95.0 1.0
Point 97 1061.1666666666667 750.5 1.0 96.0 1.0
Point 98 1061.1666666666667 748.5 1.0 97.0 1.0
Point 99 1061.1666666666667 748.5 1.0 98.0 1.0
Point 100 1063.1666666666667 747.1666666666666 1.0 99.0 1.0
Point 101 1065.1666666666667 747.1666666666666 1.0 100.0 1.0
Point 102 1065.1666666666667 747.1666666666666 1.0 101.0 1.0
Point 103 1065.1666666666667 746.5 1.0 102.0 1.0
Point 104 1067.8333333333333 747.1666666666666 1.0 103.0 1.0
Point 105 1067.1666666666667 747.1666666666666 1.0 104.0 1.0
Point 106 1067.1666666666667 747.1666666666666 1.0 105.0 1.0
Point 107 1069.1666666666667 749.1666666666666 1.0 106.0 1.0
Point 108 1067.1666666666667 751.8333333333334 1.0 107.0 1.0
Point 109 1067.1666666666667 751.1666666666666 1.0 108.0 1.0
Point 110 1064.5 748.5 1.0 109.0 1.0
Point 111 1061.8333333333333 745.1666666666666 1.0 110.0 1.0
Point 112 1063.8333333333333 748.5 1.0 111.0 1.0
Point 113 1063.8333333333333 748.5 1.0 112.0 1.0
Point 114 1064.5 747.1666666666666 1.0 113.0 1.0
Point 115 1065.8333333333333 747.1666666666666 1.0 114.0 1.0
Point 116 1065.8333333333333 746.5 1.0 115.0 1.0
Point 117 1065.1666666666667 745.1666666666666 1.0 116.0 1.0
Point 118 1065.1666666666667 743.8333333333334 1.0 117.0 1.0
Point 119 1066.5 745.1666666666666 1.0 118.0 1.0
Point 120 1065.8333333333333 743.8333333333334 1.0 119.0 1.0
Point 121 1063.8333333333333 747.1666666666666 1.0 120.0 1.0
Point 122 1064.5 747.1666666666666 1.0 121.0 1.0
Point 123 1065.1666666666667 747.1666666666666 1.0 122.0 1.0
Point 124 1066.5 747.1666666666666 1.0 123.0 1.0
Point 125 1067.1666666666667 746.5 1.0 124.0 1.0
Point 126 1067.1666666666667 746.5 1.0 125.0 1.0
Point 127 1065.1666666666667 745.1666666666666 1.0 126.0 1.0
Point 128 1065.8333333333333 743.8333333333334 1.0 127.0 1.0
Point 129 1066.5 743.8333333333334 1.0 128.0 1.0
Point 130 1067.8333333333333 743.8333333333334 1.0 129.0 1.0
Point 131 1067.8333333333333 743.8333333333334 1.0 130.0 1.0
Point 132 1072.5 743.8333333333334 1.0 131.0 1.0
Point 133 1072.5 743.8333333333334 1.0 132.0 1.0
Point 134 1069.8333333333333 743.8333333333334 1.0 133.0 1.0
Point 135 1067.8333333333333 743.8333333333334 1.0 134.0 1.0
Point 136 1069.8333333333333 743.8333333333334 1.0 135.0 1.0
Point 137 1069.8333333333333 743.8333333333334 1.0 136.0 1.0
Point 138 1069.8333333333333 742.5 1.0 137.0 1.0
Point 139 1071.8333333333333 738.5 1.0 138.0 1.0
Point 140 1071.8333333333333 739.8333333333334 1.0 139.0 1.0
Point 141 1070.5 738.5 1.0 140.0 1.0
Point 142 1071.8333333333333 735.8333333333334 1.0 141.0 1.0
Point 143 1071.8333333333333 740.5 1.0 142.0 1.0
Point 144 1071.8333333333333 740.5 1.0 143.0 1.0
Point 145 1076.5 739.1666666666666 1.0 144.0 1.0
Point 146 1075.1666666666667 741.8333333333334 1.0 145.0 1.0
Point 147 1073.8333333333333 739.1666666666666 1.0 146.0 1.0
Point 148 1073.1666666666667 740.5 1.0 147.0 1.0
Point 149 1075.1666666666667 739.1666666666666 1.0 148.0 1.0
Point 150 1074.5 739.1666666666666 1.0 149.0 1.0
Point 151 1073.1666666666667 739.1666666666666 1.0 150.0 1.0
Point 152 1073.1666666666667 739.1666666666666 1.0 151.0 1.0
Point 153 1071.8333333333333 739.1666666666666 1.0 152.0 1.0
Point 154 1069.8333333333333 737.8333333333334 1.0 153.0 1.0
Point 155 1072.5 737.8333333333334 1.0 154.0 1.0
Point 156 1073.1666666666667 737.8333333333334 1.0 155.0 1.0
Point 157 1072.5 737.1666666666666 1.0 156.0 1.0
Point 158 1072.5 737.1666666666666 1.0 157.0 1.0
Point 159 1069.8333333333333 736.5 1.0 158.0 1.0
Point 160 1069.1666666666667 735.8333333333334 1.0 159.0 1.0
Point 161 1069.1666666666667 735.8333333333334 1.0 160.0 1.0
Point 162 1068.5 733.8333333333334 1.0 161.0 1.0
Point 163 1068.5 733.8333333333334 1.0 162.0 1.0
Point 164 1067.1666666666667 733.1666666666666 1.0 163.0 1.0
Point 165 1065.8333333333333 733.1666666666666 1.0 164.0 1.0
Point 166 1065.1666666666667 731.8333333333334 1.0 165.0 1.0
Point 167 1065.1666666666667 730.5 1.0 166.0 1.0
Point 168 1064.5 729.8333333333334 1.0 167.0 1.0
Point 169 1064.5 729.1666666666666 1.0 168.0 1.0
Point 170 1058.5 727.8333333333334 1.0 169.0 1.0
Point 171 1057.8333333333333 727.8333333333334 1.0 170.0 1.0
Point 172 1055.1666666666667 727.1666666666666 1.0 171.0 1.0
Point 173 1053.1666666666667 725.8333333333334 1.0 172.0 1.0
Point 174 1054.5 725.1666666666666 1.0 173.0 1.0
Point 175 1053.8333333333333 724.5 1.0 174.0 1.0
Point 176 1051.8333333333333 723.8333333333334 1.0 175.0 1.0
Point 177 1050.5 723.1666666666666 1.0 176.0 1.0
Point 178 1048.5 722.5 1.0 177.0 1.0
Point 179 1046.5 722.5 1.0 178.0 1.0
Point 180 1045.1666666666667 720.5 1.0 179.0 1.0
Point 181 1045.1666666666667 720.5 1.0 180.0 1.0
Point 182 1044.5 720.5 1.0 181.0 1.0
Point 183 1043.8333333333333 720.5 1.0 182.0 1.0
Point 184 1043.8333333333333 719.8333333333334 1.0 183.0 1.0
Point 185 1045.1666666666667 719.8333333333334 1.0 184.0 1.0
Point 186 1045.8333333333333 719.1666666666666 1.0 185.0 1.0
Point 187 1047.1666666666667 717.8333333333334 1.0 186.0 1.0
Point 188 1049.1666666666667 719.1666666666666 1.0 187.0 1.0
Point 189 1045.1666666666667 717.8333333333334 1.0 188.0 1.0
Point 190 1043.1666666666667 717.8333333333334 1.0 189.0 1.0
Point 191 1044.5 717.8333333333334 1.0 190.0 1.0
Point 192 1044.5 715.8333333333334 1.0 191.0 1.0
Point 193 1043.8333333333333 715.1666666666666 1.0 192.0 1.0
Point 194 1045.8333333333333 715.1666666666666 1.0 193.0 1.0
Point 195 1045.8333333333333 715.1666666666666 1.0 194.0 1.0
Point 196 1045.8333333333333 715.1666666666666 1.0 195.0 1.0
Point 197 1045.8333333333333 715.8333333333334 1.0 196.0 1.0
Point 198 1047.1666666666667 717.1666666666666 1.0 197.0 1.0
Point 199 1047.1666666666667 717.1666666666666 1.0 198.0 1.0
Point 200 1048.5 717.1666666666666 1.0 199.0 1.0
Point 201 1047.1666666666667 717.1666666666666 1.0 200.0 1.0
Point 202 1045.8333333333333 717.1666666666666 1.0 201.0 1.0
Point 203 1043.1666666666667 717.1666666666666 1.0 202.0 1.0
Point 204 1041.8333333333333 715.1666666666666 1.0 203.0 1.0
Point 205 1041.8333333333333 714.5 1.0 204.0 1.0
Point 206 1041.8333333333333 714.5 1.0 205.0 1.0
Point 207 1041.8333333333333 715.1666666666666 1.0 206.0 1.0
Point 208 1043.1666666666667 716.5 1.0 207.0 1.0
Point 209 1043.1666666666667 715.8333333333334 1.0 208.0 1.0
Point 210 1043.1666666666667 716.5 1.0 209.0 1.0
Point 211 1043.1666666666667 715.8333333333334 1.0 210.0 1.0
Point 212 1043.1666666666667 715.1666666666666 1.0 211.0 1.0
Point 213 1042.5 715.1666666666666 1.0 212.0 1.0
Point 214 1041.8333333333333 715.1666666666666 1.0 213.0 1.0
Point 215 1041.8333333333333 715.1666666666666 1.0 214.0 1.0
Point 216 1042.5 714.5 1.0 215.0 1.0
Point 217 1042.5 713.8333333333334 1.0 216.0 1.0
Point 218 1042.5 713.8333333333334 1.0 217.0 1.0
Point 219 1042.5 713.1666666666666 1.0 218.0 1.0
Point 220 1045.1666666666667 713.1666666666666 1.0 219.0 1.0
Point 221 1045.8333333333333 715.1666666666666 1.0 220.0 1.0
Point 222 1046.5 715.1666666666666 1.0 221.0 1.0
Point 223 1047.8333333333333 713.1666666666666 1.0 222.0 1.0
Point 224 1047.8333333333333 712.5 1.0 223.0 1.0
Point 225 1048.5 711.8333333333334 1.0 224.0 1.0
Point 226 1051.1666666666667 713.8333333333334 1.0 225.0 1.0
Point 227 1058.5 715.8333333333334 1.0 226.0 1.0
Point 228 1061.8333333333333 711.8333333333334 1.0 227.0 1.0
Point 229 1060.5 709.8333333333334 1.0 228.0 1.0
Point 230 1087.1666666666667 703.1666666666666 1.0 229.0 1.0
Point 231 1086.5 696.5 1.0 230.0 1.0
Point 232 1087.8333333333333 696.5 1.0 231.0 1.0
Point 233 1085.8333333333333 693.1666666666666 1.0 232.0 1.0
Point 234 1095.8333333333333 687.8333333333334 1.0 233.0 1.0
Point 235 1123.8333333333333 686.5 1.0 234.0 1.0
Point 236 1131.1666666666667 682.5 1.0 235.0 1.0
Point 237 1134.5 681.1666666666666 1.0 236.0 1.0
Point 238 1143.8333333333333 677.8333333333334 1.0 237.0 1.0
Point 239 1148.5 674.5 1.0 238.0 1.0
Point 240 1150.5 675.8333333333334 1.0 239.0 1.0
Point 241 1153.1666666666667 673.1666666666666 1.0 240.0 1.0
End of MTrackJ Data File
