MTrackJ 1.5.1 Data File
Displaying true true true 1 2 0 0 100 10 0 0 0 0 1 12 0 false true true false
Assembly 1 FF0000
Cluster 1 FF0000
Track 1 FF0000 true
Point 1 403.16666666666663 735.5 1.0 21.0 1.0
Point 2 494.5 620.8333333333334 1.0 29.0 1.0
Point 3 537.1666666666667 634.1666666666666 1.0 38.0 1.0
Point 4 491.8333333333333 605.5 1.0 46.0 1.0
Point 5 615.1666666666667 647.5 1.0 70.0 1.0
Point 9 532.5 682.1666666666666 1.0 101.0 1.0
Point 16 527.1666666666667 752.1666666666667 1.0 106.0 1.0
Point 7 635.1666666666667 687.5 1.0 111.0 1.0
Point 8 685.1666666666666 670.8333333333334 1.0 117.0 1.0
Point 10 539.8333333333333 599.5 1.0 150.0 1.0
Point 15 521.1666666666667 694.8333333333334 1.0 151.0 1.0
Point 11 513.1666666666667 680.1666666666666 1.0 159.0 1.0
Point 12 611.1666666666667 606.8333333333334 1.0 168.0 1.0
Point 13 591.8333333333333 592.1666666666666 1.0 170.0 1.0
Point 14 424.5 584.1666666666666 1.0 215.0 1.0
End of MTrackJ Data File
