MTrackJ 1.5.1 Data File
Displaying true true true 2 0 0 0 100 10 0 0 0 0 1 12 0 true true true false
Assembly 1 FF0000
Cluster 1 FF0000
Track 1 FF0000 true
Point 1 477.0 698.0 1.0 1.0 3.0
Point 2 477.0 695.0 1.0 2.0 3.0
Point 3 475.0 693.0 1.0 3.0 3.0
Point 4 473.0 692.0 1.0 4.0 3.0
Point 5 473.0 687.0 1.0 5.0 3.0
Point 6 471.0 687.0 1.0 6.0 3.0
Point 7 476.0 688.0 1.0 7.0 3.0
Point 8 471.0 685.0 1.0 8.0 3.0
Point 9 470.0 682.0 1.0 9.0 3.0
Point 10 467.0 683.0 1.0 10.0 3.0
Point 11 470.0 683.0 1.0 11.0 3.0
Point 12 470.0 684.0 1.0 12.0 3.0
Point 13 467.0 682.0 1.0 13.0 3.0
Point 14 470.0 677.0 1.0 14.0 3.0
Point 15 474.0 674.0 1.0 15.0 3.0
Point 16 473.0 674.0 1.0 16.0 3.0
Point 17 472.0 680.0 1.0 17.0 3.0
Point 18 474.0 681.0 1.0 18.0 3.0
Point 19 472.0 678.0 1.0 19.0 3.0
Point 20 471.0 682.0 1.0 20.0 3.0
Point 21 474.0 678.0 1.0 21.0 3.0
Point 22 477.0 677.0 1.0 22.0 3.0
Point 23 476.0 681.0 1.0 23.0 3.0
Point 24 479.0 683.0 1.0 24.0 3.0
Point 25 484.0 674.0 1.0 25.0 3.0
Point 26 482.0 678.0 1.0 26.0 3.0
Point 27 487.0 676.0 1.0 27.0 3.0
Point 28 488.0 677.0 1.0 28.0 3.0
Point 29 491.0 674.0 1.0 29.0 3.0
Point 30 494.0 673.0 1.0 30.0 3.0
Point 31 496.0 672.0 1.0 31.0 3.0
Point 32 503.0 668.0 1.0 32.0 3.0
Point 33 503.0 668.0 1.0 33.0 3.0
Point 34 501.0 672.0 1.0 34.0 3.0
Point 35 505.0 666.0 1.0 35.0 3.0
Point 36 507.0 672.0 1.0 36.0 3.0
Point 37 505.0 671.0 1.0 37.0 3.0
Point 38 512.0 669.0 1.0 38.0 3.0
Point 39 506.0 680.0 1.0 39.0 3.0
Point 40 511.0 671.0 1.0 40.0 3.0
Point 41 509.0 675.0 1.0 41.0 3.0
Point 42 506.0 685.0 1.0 42.0 3.0
Point 43 508.0 682.0 1.0 43.0 3.0
Point 44 517.0 665.0 1.0 44.0 3.0
Point 45 524.0 667.0 1.0 45.0 3.0
Point 46 505.0 686.0 1.0 46.0 3.0
Point 47 517.0 659.0 1.0 47.0 3.0
Point 48 516.0 667.0 1.0 48.0 3.0
Point 49 517.0 666.0 1.0 49.0 3.0
Point 50 517.0 676.0 1.0 50.0 3.0
Point 51 522.0 668.0 1.0 51.0 3.0
Point 52 522.0 668.0 1.0 52.0 3.0
Point 53 524.0 666.0 1.0 53.0 3.0
Point 54 526.0 669.0 1.0 54.0 3.0
Point 55 524.0 662.0 1.0 55.0 3.0
Point 56 522.0 665.0 1.0 56.0 3.0
Point 57 528.0 663.0 1.0 57.0 3.0
Point 58 529.0 657.0 1.0 58.0 3.0
Point 59 526.0 658.0 1.0 59.0 3.0
Point 60 525.0 654.0 1.0 60.0 3.0
Point 61 527.0 656.0 1.0 61.0 3.0
Point 62 524.0 659.0 1.0 62.0 3.0
Point 63 531.0 657.0 1.0 63.0 3.0
Point 64 530.0 660.0 1.0 64.0 3.0
Point 65 536.0 657.0 1.0 65.0 3.0
Point 66 536.0 659.0 1.0 66.0 3.0
Point 67 542.0 661.0 1.0 67.0 3.0
Point 68 548.0 671.0 1.0 68.0 3.0
Point 69 552.0 663.0 1.0 69.0 3.0
Point 70 557.0 663.0 1.0 70.0 3.0
Point 71 555.0 666.0 1.0 71.0 3.0
Point 72 557.0 669.0 1.0 72.0 3.0
Point 73 568.0 664.0 1.0 73.0 3.0
Point 74 582.0 663.0 1.0 74.0 3.0
Point 75 594.0 665.0 1.0 75.0 3.0
Point 76 581.0 667.0 1.0 76.0 3.0
Point 77 614.0 666.0 1.0 77.0 3.0
Point 78 598.0 669.0 1.0 78.0 3.0
Point 79 578.0 666.0 1.0 79.0 3.0
Point 80 572.0 669.0 1.0 80.0 3.0
Point 81 578.0 671.0 1.0 81.0 3.0
Point 82 583.0 671.0 1.0 82.0 3.0
Point 83 584.0 677.0 1.0 83.0 3.0
Point 84 584.0 676.0 1.0 84.0 3.0
Point 85 577.0 683.0 1.0 85.0 3.0
Point 86 581.0 677.0 1.0 86.0 3.0
Point 87 578.0 673.0 1.0 87.0 3.0
Point 88 583.0 673.0 1.0 88.0 3.0
Point 89 575.0 674.0 1.0 89.0 3.0
Point 90 581.0 672.0 1.0 90.0 3.0
Point 91 582.0 674.0 1.0 91.0 3.0
Point 92 585.0 677.0 1.0 92.0 3.0
Point 93 584.0 675.0 1.0 93.0 3.0
Point 94 584.0 677.0 1.0 94.0 3.0
Point 95 590.0 671.0 1.0 95.0 3.0
Point 96 588.0 672.0 1.0 96.0 3.0
Point 97 601.0 672.0 1.0 97.0 3.0
Point 98 591.0 672.0 1.0 98.0 3.0
Point 99 582.0 669.0 1.0 99.0 3.0
Point 100 575.0 667.0 1.0 100.0 3.0
Point 101 575.0 671.0 1.0 101.0 3.0
Point 102 577.0 662.0 1.0 102.0 3.0
Point 103 568.0 662.0 1.0 103.0 3.0
Point 104 574.0 668.0 1.0 104.0 3.0
Point 105 570.0 665.0 1.0 105.0 3.0
Point 106 573.0 663.0 1.0 106.0 3.0
Point 107 577.0 669.0 1.0 107.0 3.0
Point 108 574.0 667.0 1.0 108.0 3.0
Point 109 572.0 663.0 1.0 109.0 3.0
Point 110 578.0 669.0 1.0 110.0 3.0
Point 111 582.0 666.0 1.0 111.0 3.0
Point 112 588.0 672.0 1.0 112.0 3.0
Point 113 578.0 671.0 1.0 113.0 3.0
Point 114 586.0 673.0 1.0 114.0 3.0
Point 115 589.0 670.0 1.0 115.0 3.0
Point 116 584.0 668.0 1.0 116.0 3.0
Point 117 587.0 671.0 1.0 117.0 3.0
Point 118 584.0 675.0 1.0 118.0 3.0
Point 119 584.0 671.0 1.0 119.0 3.0
Point 120 586.0 669.0 1.0 120.0 3.0
Point 121 582.0 669.0 1.0 121.0 3.0
Point 122 581.0 671.0 1.0 122.0 3.0
Point 123 585.0 674.0 1.0 123.0 3.0
Point 124 588.0 674.0 1.0 124.0 3.0
Point 125 589.0 674.0 1.0 125.0 3.0
Point 126 592.0 673.0 1.0 126.0 3.0
Point 127 593.0 674.0 1.0 127.0 3.0
Point 128 595.0 675.0 1.0 128.0 3.0
Point 129 597.0 676.0 1.0 129.0 3.0
Point 130 600.0 674.0 1.0 130.0 3.0
Point 131 602.0 672.0 1.0 131.0 3.0
Point 132 601.0 671.0 1.0 132.0 3.0
Point 133 602.0 668.0 1.0 133.0 3.0
Point 134 608.0 667.0 1.0 134.0 3.0
Point 135 601.0 670.0 1.0 135.0 3.0
Point 136 597.0 670.0 1.0 136.0 3.0
Point 137 598.0 670.0 1.0 137.0 3.0
Point 138 600.0 667.0 1.0 138.0 3.0
Point 139 601.0 667.0 1.0 139.0 3.0
Point 140 600.0 670.0 1.0 140.0 3.0
Point 141 594.0 669.0 1.0 141.0 3.0
Point 142 598.0 667.0 1.0 142.0 3.0
Point 143 596.0 672.0 1.0 143.0 3.0
Point 144 588.0 668.0 1.0 144.0 3.0
Point 145 583.0 666.0 1.0 145.0 3.0
Point 146 584.0 664.0 1.0 146.0 3.0
Point 147 584.0 664.0 1.0 147.0 3.0
Point 148 584.0 664.0 1.0 148.0 3.0
Point 149 584.0 662.0 1.0 149.0 3.0
Point 150 582.0 659.0 1.0 150.0 3.0
Point 151 572.0 660.0 1.0 151.0 3.0
Point 152 580.0 663.0 1.0 152.0 3.0
Point 153 581.0 666.0 1.0 153.0 3.0
Point 154 578.0 666.0 1.0 154.0 3.0
Point 155 581.0 662.0 1.0 155.0 3.0
Point 156 581.0 662.0 1.0 156.0 3.0
Point 157 581.0 659.0 1.0 157.0 3.0
Point 158 582.0 657.0 1.0 158.0 3.0
Point 159 577.0 658.0 1.0 159.0 3.0
Point 160 574.0 665.0 1.0 160.0 3.0
Point 161 576.0 664.0 1.0 161.0 3.0
Point 162 576.0 664.0 1.0 162.0 3.0
Point 163 576.0 664.0 1.0 163.0 3.0
Point 164 587.0 665.0 1.0 164.0 3.0
Point 165 592.0 661.0 1.0 165.0 3.0
Point 166 579.0 665.0 1.0 166.0 3.0
Point 167 612.0 651.0 1.0 167.0 3.0
Point 168 608.0 650.0 1.0 168.0 3.0
Point 169 608.0 653.0 1.0 169.0 3.0
Point 170 607.0 649.0 1.0 170.0 3.0
Point 171 594.0 652.0 1.0 171.0 3.0
Point 172 592.0 651.0 1.0 172.0 3.0
Point 173 581.0 628.0 1.0 173.0 3.0
Point 174 596.0 644.0 1.0 174.0 3.0
Point 175 594.0 646.0 1.0 175.0 3.0
Point 176 598.0 650.0 1.0 176.0 3.0
Point 177 594.0 649.0 1.0 177.0 3.0
Point 178 595.0 650.0 1.0 178.0 3.0
Point 179 596.0 645.0 1.0 179.0 3.0
Point 180 596.0 644.0 1.0 180.0 3.0
Point 181 598.0 643.0 1.0 181.0 3.0
Point 182 594.0 642.0 1.0 182.0 3.0
Point 183 591.0 642.0 1.0 183.0 3.0
Point 184 584.0 631.0 1.0 184.0 3.0
Point 185 585.0 629.0 1.0 185.0 3.0
Point 186 587.0 633.0 1.0 186.0 3.0
Point 187 584.0 624.0 1.0 187.0 3.0
Point 188 587.0 621.0 1.0 188.0 3.0
Point 189 586.0 624.0 1.0 189.0 3.0
Point 190 572.0 622.0 1.0 190.0 3.0
Point 191 580.0 618.0 1.0 191.0 3.0
Point 192 575.0 605.0 1.0 192.0 3.0
Point 193 582.0 632.0 1.0 193.0 3.0
Point 194 580.0 635.0 1.0 194.0 3.0
Point 195 609.0 636.0 1.0 195.0 3.0
Point 196 595.0 637.0 1.0 196.0 3.0
Point 197 593.0 637.0 1.0 197.0 3.0
Point 198 595.0 637.0 1.0 198.0 3.0
Point 199 590.0 631.0 1.0 199.0 3.0
Point 200 590.0 626.0 1.0 200.0 3.0
Point 201 589.0 626.0 1.0 201.0 3.0
Point 202 583.0 626.0 1.0 202.0 3.0
Point 203 583.0 627.0 1.0 203.0 3.0
Point 204 587.0 624.0 1.0 204.0 3.0
Point 205 581.0 628.0 1.0 205.0 3.0
Point 206 574.0 623.0 1.0 206.0 3.0
Point 207 579.0 618.0 1.0 207.0 3.0
Point 208 581.0 622.0 1.0 208.0 3.0
Point 209 583.0 625.0 1.0 209.0 3.0
Point 210 582.0 626.0 1.0 210.0 3.0
Point 211 586.0 628.0 1.0 211.0 3.0
Point 212 580.0 625.0 1.0 212.0 3.0
Point 213 559.0 615.0 1.0 213.0 3.0
Point 214 568.0 617.0 1.0 214.0 3.0
Point 215 576.0 625.0 1.0 215.0 3.0
Point 216 583.0 629.0 1.0 216.0 3.0
Point 217 602.0 637.0 1.0 217.0 3.0
Point 218 586.0 632.0 1.0 218.0 3.0
End of MTrackJ Data File
