MTrackJ 1.5.1 Data File
Displaying true true true 2 0 0 0 100 10 0 0 0 0 1 12 0 true true true false
Assembly 1 FF0000
Cluster 1 FF0000
Track 1 FF0000 true
Point 1 508.0 683.0 1.0 1.0 1.0
Point 2 501.0 682.0 1.0 2.0 1.0
Point 3 500.0 675.0 1.0 3.0 1.0
Point 4 500.0 675.0 1.0 4.0 1.0
Point 5 495.0 673.0 1.0 5.0 1.0
Point 6 496.0 673.0 1.0 6.0 1.0
Point 7 495.0 670.0 1.0 7.0 1.0
Point 8 492.0 667.0 1.0 8.0 1.0
Point 9 492.0 668.0 1.0 9.0 1.0
Point 10 493.0 670.0 1.0 10.0 1.0
Point 11 492.0 667.0 1.0 11.0 1.0
Point 12 492.0 667.0 1.0 12.0 1.0
Point 13 494.0 667.0 1.0 13.0 1.0
Point 14 495.0 667.0 1.0 14.0 1.0
Point 15 495.0 667.0 1.0 15.0 1.0
Point 16 497.0 666.0 1.0 16.0 1.0
Point 17 498.0 669.0 1.0 17.0 1.0
Point 18 503.0 670.0 1.0 18.0 1.0
Point 19 501.0 670.0 1.0 19.0 1.0
Point 20 501.0 670.0 1.0 20.0 1.0
Point 21 505.0 673.0 1.0 21.0 1.0
Point 22 506.0 676.0 1.0 22.0 1.0
Point 23 511.0 677.0 1.0 23.0 1.0
Point 24 510.0 677.0 1.0 24.0 1.0
Point 25 508.0 675.0 1.0 25.0 1.0
Point 26 512.0 678.0 1.0 26.0 1.0
Track 2 FFFF00 true
Point 1 514.0 679.0 1.0 27.0 1.0
Point 2 514.0 677.0 1.0 28.0 1.0
Point 3 515.0 677.0 1.0 29.0 1.0
Point 4 515.0 679.0 1.0 30.0 1.0
Point 5 516.0 679.0 1.0 31.0 1.0
Point 6 517.0 678.0 1.0 32.0 1.0
Point 7 518.0 678.0 1.0 33.0 1.0
Point 8 525.0 680.0 1.0 34.0 1.0
Point 9 524.0 680.0 1.0 35.0 1.0
Point 10 523.0 684.0 1.0 36.0 1.0
Point 11 523.0 686.0 1.0 37.0 1.0
Track 3 00FF00 true
Point 1 527.0 683.0 1.0 38.0 1.0
Point 2 528.0 685.0 1.0 39.0 1.0
Point 3 528.0 683.0 1.0 40.0 1.0
Point 4 529.0 683.0 1.0 41.0 1.0
Point 5 530.0 683.0 1.0 42.0 1.0
Point 6 531.0 684.0 1.0 43.0 1.0
Point 7 530.0 686.0 1.0 44.0 1.0
Point 8 532.0 683.0 1.0 45.0 1.0
Point 9 532.0 683.0 1.0 46.0 1.0
Point 10 532.0 683.0 1.0 47.0 1.0
Point 11 533.0 684.0 1.0 48.0 1.0
Point 12 534.0 684.0 1.0 49.0 1.0
Track 4 00FFFF true
Point 1 536.0 684.0 1.0 50.0 1.0
Point 2 537.0 684.0 1.0 51.0 1.0
Point 3 538.0 685.0 1.0 52.0 1.0
Point 4 540.0 686.0 1.0 53.0 1.0
Point 5 541.0 684.0 1.0 54.0 1.0
Point 6 543.0 685.0 1.0 55.0 1.0
Point 7 544.0 686.0 1.0 56.0 1.0
Point 8 545.0 686.0 1.0 57.0 1.0
Point 9 545.0 686.0 1.0 58.0 1.0
Point 10 551.0 686.0 1.0 59.0 1.0
Point 11 551.0 687.0 1.0 60.0 1.0
Track 5 0000FF true
Point 1 545.0 682.0 1.0 61.0 1.0
Point 2 546.0 683.0 1.0 62.0 1.0
Point 3 549.0 682.0 1.0 63.0 1.0
Point 4 549.0 682.0 1.0 64.0 1.0
Point 5 550.0 683.0 1.0 65.0 1.0
Point 6 550.0 683.0 1.0 66.0 1.0
Point 7 553.0 684.0 1.0 67.0 1.0
Point 8 555.0 685.0 1.0 68.0 1.0
Point 9 558.0 686.0 1.0 69.0 1.0
Point 10 559.0 686.0 1.0 70.0 1.0
Point 11 561.0 686.0 1.0 71.0 1.0
Point 12 563.0 687.0 1.0 72.0 1.0
Point 13 564.0 689.0 1.0 73.0 1.0
Point 14 564.0 688.0 1.0 74.0 1.0
Point 15 564.0 688.0 1.0 75.0 1.0
Point 16 566.0 687.0 1.0 76.0 1.0
Point 17 570.0 686.0 1.0 77.0 1.0
Point 18 570.0 686.0 1.0 78.0 1.0
Point 19 570.0 687.0 1.0 79.0 1.0
Point 20 568.0 687.0 1.0 80.0 1.0
Point 21 568.0 687.0 1.0 81.0 1.0
Point 22 568.0 687.0 1.0 82.0 1.0
Point 23 568.0 687.0 1.0 83.0 1.0
Point 24 570.0 686.0 1.0 84.0 1.0
Point 25 572.0 686.0 1.0 85.0 1.0
Point 26 573.0 686.0 1.0 86.0 1.0
Point 27 573.0 686.0 1.0 87.0 1.0
Point 28 574.0 687.0 1.0 88.0 1.0
Point 29 574.0 687.0 1.0 89.0 1.0
Point 30 574.0 687.0 1.0 90.0 1.0
Point 31 575.0 686.0 1.0 91.0 1.0
Point 32 575.0 686.0 1.0 92.0 1.0
Point 33 575.0 685.0 1.0 93.0 1.0
Point 34 575.0 685.0 1.0 94.0 1.0
Point 35 577.0 686.0 1.0 95.0 1.0
Track 6 FF00FF true
Point 1 579.0 686.0 1.0 96.0 1.0
Point 2 578.0 683.0 1.0 97.0 1.0
Point 3 576.0 683.0 1.0 98.0 1.0
Point 4 576.0 683.0 1.0 99.0 1.0
Point 5 576.0 683.0 1.0 100.0 1.0
Point 6 576.0 683.0 1.0 101.0 1.0
Point 7 576.0 683.0 1.0 102.0 1.0
Point 8 576.0 683.0 1.0 103.0 1.0
Track 7 FF9900 true
Point 1 576.0 683.0 1.0 104.0 1.0
Point 2 578.0 683.0 1.0 105.0 1.0
Point 3 581.0 684.0 1.0 106.0 1.0
Point 4 579.0 685.0 1.0 107.0 1.0
Point 5 580.0 683.0 1.0 108.0 1.0
Point 6 579.0 681.0 1.0 109.0 1.0
Point 7 579.0 681.0 1.0 110.0 1.0
Point 8 581.0 680.0 1.0 111.0 1.0
Point 9 581.0 680.0 1.0 112.0 1.0
Point 10 584.0 681.0 1.0 113.0 1.0
Point 11 585.0 682.0 1.0 114.0 1.0
Point 12 586.0 683.0 1.0 115.0 1.0
Point 13 587.0 684.0 1.0 116.0 1.0
Point 14 587.0 683.0 1.0 117.0 1.0
Point 15 587.0 683.0 1.0 118.0 1.0
Point 16 587.0 683.0 1.0 119.0 1.0
Point 17 587.0 683.0 1.0 120.0 1.0
Point 18 589.0 686.0 1.0 121.0 1.0
Point 19 591.0 684.0 1.0 122.0 1.0
Point 20 593.0 682.0 1.0 123.0 1.0
Track 8 8B05BE true
Point 1 595.0 682.0 1.0 124.0 1.0
Point 2 595.0 683.0 1.0 125.0 1.0
Track 9 008B42 true
Point 1 593.0 683.0 1.0 126.0 1.0
Point 2 593.0 683.0 1.0 127.0 1.0
Point 3 594.0 683.0 1.0 128.0 1.0
Point 4 594.0 682.0 1.0 129.0 1.0
Point 5 594.0 682.0 1.0 130.0 1.0
Point 6 594.0 682.0 1.0 131.0 1.0
Point 7 594.0 682.0 1.0 132.0 1.0
Point 8 593.0 683.0 1.0 133.0 1.0
Point 9 592.0 683.0 1.0 134.0 1.0
Point 10 593.0 683.0 1.0 135.0 1.0
Point 11 595.0 683.0 1.0 136.0 1.0
Point 12 595.0 683.0 1.0 137.0 1.0
Point 13 594.0 683.0 1.0 138.0 1.0
Point 14 594.0 682.0 1.0 139.0 1.0
Point 15 594.0 681.0 1.0 140.0 1.0
Point 16 594.0 681.0 1.0 141.0 1.0
Point 17 594.0 681.0 1.0 142.0 1.0
Point 18 594.0 681.0 1.0 143.0 1.0
Point 19 593.0 681.0 1.0 144.0 1.0
Point 20 591.0 681.0 1.0 145.0 1.0
Point 21 590.0 682.0 1.0 146.0 1.0
Point 22 594.0 683.0 1.0 147.0 1.0
Point 23 595.0 683.0 1.0 148.0 1.0
Point 24 597.0 681.0 1.0 149.0 1.0
Point 25 596.0 680.0 1.0 150.0 1.0
Point 26 596.0 680.0 1.0 151.0 1.0
Point 27 596.0 680.0 1.0 152.0 1.0
Point 28 595.0 680.0 1.0 153.0 1.0
Point 29 595.0 680.0 1.0 154.0 1.0
Point 30 597.0 679.0 1.0 155.0 1.0
Point 31 597.0 679.0 1.0 156.0 1.0
Point 32 597.0 679.0 1.0 157.0 1.0
Point 33 599.0 678.0 1.0 158.0 1.0
Point 34 599.0 676.0 1.0 159.0 1.0
Point 35 599.0 676.0 1.0 160.0 1.0
Point 36 599.0 676.0 1.0 161.0 1.0
Track 10 FFD18B true
Point 1 597.0 674.0 1.0 162.0 1.0
Point 2 597.0 671.0 1.0 163.0 1.0
Point 3 597.0 671.0 1.0 164.0 1.0
Point 4 598.0 671.0 1.0 165.0 1.0
Point 5 599.0 671.0 1.0 166.0 1.0
Point 6 599.0 672.0 1.0 167.0 1.0
Point 7 599.0 672.0 1.0 168.0 1.0
Point 8 599.0 672.0 1.0 169.0 1.0
Point 9 599.0 672.0 1.0 170.0 1.0
Point 10 599.0 671.0 1.0 171.0 1.0
Point 11 599.0 670.0 1.0 172.0 1.0
Point 12 599.0 670.0 1.0 173.0 1.0
Point 13 599.0 669.0 1.0 174.0 1.0
Point 14 599.0 669.0 1.0 175.0 1.0
Point 15 600.0 668.0 1.0 176.0 1.0
Point 16 600.0 668.0 1.0 177.0 1.0
Point 17 601.0 667.0 1.0 178.0 1.0
Point 18 601.0 667.0 1.0 179.0 1.0
Point 19 602.0 667.0 1.0 180.0 1.0
Point 20 603.0 667.0 1.0 181.0 1.0
Point 21 603.0 665.0 1.0 182.0 1.0
Point 22 603.0 665.0 1.0 183.0 1.0
Point 23 602.0 664.0 1.0 184.0 1.0
Point 24 602.0 664.0 1.0 185.0 1.0
Point 25 601.0 664.0 1.0 186.0 1.0
Point 26 600.0 662.0 1.0 187.0 1.0
Point 27 598.0 661.0 1.0 188.0 1.0
Point 28 596.0 658.0 1.0 189.0 1.0
Point 29 596.0 658.0 1.0 190.0 1.0
Point 30 598.0 658.0 1.0 191.0 1.0
Point 31 600.0 657.0 1.0 192.0 1.0
Point 32 601.0 657.0 1.0 193.0 1.0
Point 33 602.0 657.0 1.0 194.0 1.0
Point 34 602.0 657.0 1.0 195.0 1.0
Point 35 609.0 656.0 1.0 196.0 1.0
Point 36 608.0 656.0 1.0 197.0 1.0
Point 37 608.0 656.0 1.0 198.0 1.0
Point 38 608.0 656.0 1.0 199.0 1.0
Point 39 606.0 655.0 1.0 200.0 1.0
Point 40 606.0 655.0 1.0 201.0 1.0
Point 41 606.0 655.0 1.0 202.0 1.0
Point 42 606.0 655.0 1.0 203.0 1.0
Track 11 00388B true
Point 1 605.0 656.0 1.0 204.0 1.0
Point 2 608.0 654.0 1.0 205.0 1.0
Point 3 608.0 656.0 1.0 206.0 1.0
Point 4 608.0 656.0 1.0 207.0 1.0
Point 5 608.0 656.0 1.0 208.0 1.0
Point 6 604.0 657.0 1.0 209.0 1.0
Point 7 607.0 655.0 1.0 210.0 1.0
Point 8 607.0 655.0 1.0 211.0 1.0
Track 12 D6FF8B true
Point 1 607.0 655.0 1.0 212.0 1.0
Point 2 608.0 655.0 1.0 213.0 1.0
Point 3 609.0 654.0 1.0 214.0 1.0
Point 4 609.0 654.0 1.0 215.0 1.0
Point 5 609.0 654.0 1.0 216.0 1.0
Point 6 613.0 654.0 1.0 217.0 1.0
Point 8 611.0 654.0 1.0 218.0 1.0
End of MTrackJ Data File
