MTrackJ 1.5.1 Data File
Displaying false true true 1 2 0 0 100 20 0 0 0 0 1 8 0 false false true false
Assembly 1 FF0000
Cluster 1 FF0000
Track 1 FF0000 true
Point 1 265.0 341.0 1.0 1.0 1.0
Point 2 276.0 329.0 1.0 2.0 1.0
Point 3 272.0 333.0 1.0 3.0 1.0
Point 4 274.0 337.0 1.0 4.0 1.0
Point 5 277.0 329.0 1.0 5.0 1.0
Point 6 281.0 325.0 1.0 6.0 1.0
Point 7 279.0 324.0 1.0 7.0 1.0
Point 8 281.0 322.0 1.0 8.0 1.0
Point 9 270.0 292.0 1.0 9.0 1.0
Point 10 285.0 315.0 1.0 10.0 1.0
Point 11 269.0 297.0 1.0 11.0 1.0
Point 12 266.0 292.0 1.0 12.0 1.0
Point 13 277.0 304.0 1.0 13.0 1.0
Point 14 271.0 294.0 1.0 14.0 1.0
Point 15 267.0 283.0 1.0 15.0 1.0
Point 16 273.0 273.0 1.0 16.0 1.0
Point 17 270.0 259.0 1.0 17.0 1.0
Point 18 270.0 248.0 1.0 18.0 1.0
Point 19 276.0 250.0 1.0 19.0 1.0
Point 20 266.0 230.0 1.0 20.0 1.0
Point 21 255.0 219.0 1.0 21.0 1.0
Point 22 251.0 229.0 1.0 22.0 1.0
Point 23 255.0 237.0 1.0 23.0 1.0
Point 24 253.0 244.0 1.0 24.0 1.0
Point 25 247.0 258.0 1.0 25.0 1.0
Point 26 252.0 268.0 1.0 26.0 1.0
Point 27 255.0 285.0 1.0 27.0 1.0
Point 28 263.0 288.0 1.0 28.0 1.0
Point 29 268.0 309.0 1.0 29.0 1.0
Point 30 266.0 313.0 1.0 30.0 1.0
Point 31 270.0 322.0 1.0 31.0 1.0
Point 32 244.0 321.0 1.0 32.0 1.0
Point 33 270.0 326.0 1.0 33.0 1.0
Point 34 254.0 326.0 1.0 34.0 1.0
Point 35 262.0 328.0 1.0 35.0 1.0
Point 36 251.0 330.0 1.0 36.0 1.0
Point 37 269.0 334.0 1.0 37.0 1.0
Point 38 278.0 335.0 1.0 38.0 1.0
Point 39 267.0 331.0 1.0 39.0 1.0
Point 40 279.0 331.0 1.0 40.0 1.0
Point 41 277.0 342.0 1.0 41.0 1.0
Point 42 275.0 330.0 1.0 42.0 1.0
Point 43 285.0 346.0 1.0 43.0 1.0
Point 44 287.0 327.0 1.0 44.0 1.0
Point 45 295.0 328.0 1.0 45.0 1.0
Point 46 285.0 341.0 1.0 46.0 1.0
Point 47 294.0 327.0 1.0 47.0 1.0
Point 48 291.0 324.0 1.0 48.0 1.0
Point 49 276.0 352.0 1.0 49.0 1.0
Point 50 299.0 324.0 1.0 50.0 1.0
Point 51 306.0 314.0 1.0 51.0 1.0
Point 52 298.0 317.0 1.0 52.0 1.0
Point 53 297.0 323.0 1.0 53.0 1.0
Point 54 292.0 318.0 1.0 54.0 1.0
Point 55 300.0 324.0 1.0 55.0 1.0
Point 56 303.0 315.0 1.0 56.0 1.0
Point 57 305.0 308.0 1.0 57.0 1.0
Point 58 299.0 300.0 1.0 58.0 1.0
Point 59 290.0 289.0 1.0 59.0 1.0
Point 60 288.0 288.0 1.0 60.0 1.0
Point 61 282.0 273.0 1.0 61.0 1.0
Point 62 289.0 277.0 1.0 62.0 1.0
Point 63 269.0 264.0 1.0 63.0 1.0
Point 64 316.0 284.0 1.0 64.0 1.0
Point 65 278.0 270.0 1.0 65.0 1.0
Point 66 268.0 279.0 1.0 66.0 1.0
Point 67 267.0 278.0 1.0 67.0 1.0
Point 68 265.0 275.0 1.0 68.0 1.0
Point 69 270.0 276.0 1.0 69.0 1.0
Point 70 292.0 277.0 1.0 70.0 1.0
Point 71 282.0 285.0 1.0 71.0 1.0
Point 72 281.0 290.0 1.0 72.0 1.0
Point 73 268.0 293.0 1.0 73.0 1.0
Point 74 275.0 289.0 1.0 74.0 1.0
Point 75 268.0 306.0 1.0 75.0 1.0
Point 76 287.0 312.0 1.0 76.0 1.0
Point 77 278.0 300.0 1.0 77.0 1.0
Point 78 258.0 305.0 1.0 78.0 1.0
Point 79 284.0 308.0 1.0 79.0 1.0
Point 80 281.0 299.0 1.0 80.0 1.0
Point 81 265.0 301.0 1.0 81.0 1.0
Point 82 276.0 298.0 1.0 82.0 1.0
Point 83 285.0 290.0 1.0 83.0 1.0
Point 84 283.0 287.0 1.0 84.0 1.0
Point 85 291.0 292.0 1.0 85.0 1.0
Point 86 284.0 290.0 1.0 86.0 1.0
Point 87 297.0 294.0 1.0 87.0 1.0
Point 88 304.0 297.0 1.0 88.0 1.0
Point 89 317.0 292.0 1.0 89.0 1.0
Point 90 323.0 294.0 1.0 90.0 1.0
Point 91 317.0 289.0 1.0 91.0 1.0
Point 92 313.0 302.0 1.0 92.0 1.0
Point 93 312.0 305.0 1.0 93.0 1.0
Point 94 302.0 300.0 1.0 94.0 1.0
Point 95 310.0 309.0 1.0 95.0 1.0
Point 96 302.0 316.0 1.0 96.0 1.0
Point 97 308.0 300.0 1.0 97.0 1.0
Point 98 290.0 333.0 1.0 98.0 1.0
Point 99 304.0 319.0 1.0 99.0 1.0
Point 100 291.0 332.0 1.0 100.0 1.0
Point 101 290.0 324.0 1.0 101.0 1.0
Point 102 289.0 307.0 1.0 102.0 1.0
Point 103 282.0 332.0 1.0 103.0 1.0
Point 104 291.0 322.0 1.0 104.0 1.0
Point 105 258.0 277.0 1.0 105.0 1.0
Point 106 283.0 322.0 1.0 106.0 1.0
Point 107 277.0 308.0 1.0 107.0 1.0
Point 120 268.0 281.0 1.0 108.0 1.0
Point 108 282.0 294.0 1.0 109.0 1.0
Point 109 282.0 313.0 1.0 110.0 1.0
Point 110 295.0 312.0 1.0 111.0 1.0
Point 111 292.0 312.0 1.0 112.0 1.0
Point 112 276.0 303.0 1.0 113.0 1.0
Point 113 280.0 302.0 1.0 114.0 1.0
Point 114 270.0 307.0 1.0 115.0 1.0
Point 115 275.0 292.0 1.0 116.0 1.0
Point 116 266.0 295.0 1.0 117.0 1.0
Point 117 258.0 304.0 1.0 118.0 1.0
Point 118 257.0 292.0 1.0 119.0 1.0
Point 119 239.0 300.0 1.0 120.0 1.0
End of MTrackJ Data File
