MTrackJ 1.5.1 Data File
Displaying false true true 1 2 0 0 100 90 0 0 0 0 1 8 0 false false true false
Assembly 1 FF0000
Cluster 1 FF0000
Track 1 FF0000 true
Point 1 684.0 520.0 1.0 1.0 3.0
Point 2 685.5 517.0 1.0 2.0 3.0
Point 3 691.0 511.0 1.0 3.0 3.0
Point 4 697.0 504.0 1.0 4.0 3.0
Point 5 699.5 499.0 1.0 5.0 3.0
Point 6 704.0 496.0 1.0 6.0 3.0
Point 7 706.5 493.0 1.0 7.0 3.0
Point 8 708.0 491.0 1.0 8.0 3.0
Point 9 712.0 486.0 1.0 9.0 3.0
Point 10 717.5 483.0 1.0 10.0 3.0
Point 11 717.5 482.5 1.0 11.0 3.0
Point 12 719.0 480.5 1.0 12.0 3.0
Point 13 719.0 479.0 1.0 13.0 3.0
Point 14 719.5 476.5 1.0 14.0 3.0
Point 15 720.5 474.0 1.0 15.0 3.0
Point 16 720.5 473.0 1.0 16.0 3.0
Point 17 720.5 472.0 1.0 17.0 3.0
Point 18 720.5 469.5 1.0 18.0 3.0
Point 19 721.0 466.5 1.0 19.0 3.0
Point 20 723.0 465.0 1.0 20.0 3.0
Point 21 723.0 463.0 1.0 21.0 3.0
Point 22 724.5 461.5 1.0 22.0 3.0
Point 23 724.5 457.5 1.0 23.0 3.0
Point 24 724.5 454.0 1.0 24.0 3.0
Point 25 723.5 452.0 1.0 25.0 3.0
Point 26 725.5 455.0 1.0 26.0 3.0
Point 27 729.0 453.5 1.0 27.0 3.0
Point 28 728.0 450.0 1.0 28.0 3.0
Point 29 726.0 448.0 1.0 29.0 3.0
Point 30 725.0 444.5 1.0 30.0 3.0
Point 31 725.0 442.0 1.0 31.0 3.0
Point 32 724.0 440.0 1.0 32.0 3.0
Point 33 721.5 439.5 1.0 33.0 3.0
Point 34 718.0 439.5 1.0 34.0 3.0
Point 35 717.0 438.0 1.0 35.0 3.0
Point 36 717.0 437.0 1.0 36.0 3.0
Point 37 715.0 436.5 1.0 37.0 3.0
Point 38 715.0 433.5 1.0 38.0 3.0
Point 39 714.0 433.0 1.0 39.0 3.0
Point 40 714.0 433.0 1.0 40.0 3.0
Point 41 714.0 431.5 1.0 41.0 3.0
Point 42 712.5 430.0 1.0 42.0 3.0
Point 43 712.5 429.0 1.0 43.0 3.0
Point 44 712.0 428.0 1.0 44.0 3.0
Point 45 711.0 426.5 1.0 45.0 3.0
Point 46 711.0 426.5 1.0 46.0 3.0
Point 47 711.0 425.0 1.0 47.0 3.0
Point 48 711.0 425.0 1.0 48.0 3.0
Point 49 711.5 424.0 1.0 49.0 3.0
Point 50 711.0 423.0 1.0 50.0 3.0
Point 51 712.0 421.0 1.0 51.0 3.0
Point 52 712.0 421.0 1.0 52.0 3.0
Point 53 711.5 418.5 1.0 53.0 3.0
Point 54 710.5 419.5 1.0 54.0 3.0
Point 55 709.5 418.5 1.0 55.0 3.0
Point 56 709.5 415.5 1.0 56.0 3.0
Point 57 710.0 415.5 1.0 57.0 3.0
Point 58 709.0 415.5 1.0 58.0 3.0
Point 59 708.5 415.0 1.0 59.0 3.0
Point 60 709.0 413.5 1.0 60.0 3.0
Point 61 709.0 413.5 1.0 61.0 3.0
Point 62 710.0 413.5 1.0 62.0 3.0
Point 63 710.5 412.0 1.0 63.0 3.0
Point 64 710.0 412.0 1.0 64.0 3.0
Point 65 710.0 410.5 1.0 65.0 3.0
Point 66 710.0 410.0 1.0 66.0 3.0
Point 67 709.5 408.5 1.0 67.0 3.0
Point 68 709.0 408.5 1.0 68.0 3.0
Point 69 708.5 407.5 1.0 69.0 3.0
Point 70 707.5 406.5 1.0 70.0 3.0
Point 71 707.0 406.5 1.0 71.0 3.0
Point 72 706.5 406.0 1.0 72.0 3.0
Point 73 706.5 405.0 1.0 73.0 3.0
Point 74 706.0 403.5 1.0 74.0 3.0
Point 75 706.5 402.5 1.0 75.0 3.0
Point 76 705.5 402.0 1.0 76.0 3.0
Point 77 704.5 400.0 1.0 77.0 3.0
Point 78 704.5 398.0 1.0 78.0 3.0
Point 79 705.0 398.5 1.0 79.0 3.0
Point 80 704.5 397.0 1.0 80.0 3.0
Point 81 704.0 395.5 1.0 81.0 3.0
Point 82 704.0 393.5 1.0 82.0 3.0
Point 83 704.0 390.0 1.0 83.0 3.0
Point 84 703.5 389.5 1.0 84.0 3.0
Point 85 703.0 388.0 1.0 85.0 3.0
Point 86 703.0 388.0 1.0 86.0 3.0
Point 87 701.5 388.0 1.0 87.0 3.0
Point 88 701.0 387.0 1.0 88.0 3.0
Point 89 701.5 386.0 1.0 89.0 3.0
Point 90 700.5 387.5 1.0 90.0 3.0
Point 91 699.0 387.0 1.0 91.0 3.0
Point 92 699.0 385.0 1.0 92.0 3.0
Point 93 699.0 384.0 1.0 93.0 3.0
Point 94 700.0 384.0 1.0 94.0 3.0
Point 95 699.0 383.0 1.0 95.0 3.0
Point 96 699.0 382.0 1.0 96.0 3.0
Point 97 700.5 381.5 1.0 97.0 3.0
Point 98 700.0 381.5 1.0 98.0 3.0
Point 99 700.0 380.0 1.0 99.0 3.0
Point 100 700.0 380.0 1.0 100.0 3.0
Point 101 700.0 379.5 1.0 101.0 3.0
Point 102 699.5 378.5 1.0 102.0 3.0
Point 103 700.5 378.5 1.0 103.0 3.0
Point 104 700.5 378.5 1.0 104.0 3.0
Point 105 700.5 378.5 1.0 105.0 3.0
Point 106 700.5 378.5 1.0 106.0 3.0
Point 107 702.5 378.5 1.0 107.0 3.0
Point 108 702.5 376.5 1.0 108.0 3.0
Point 109 701.5 376.0 1.0 109.0 3.0
Point 110 698.5 374.5 1.0 110.0 3.0
Point 111 698.5 373.5 1.0 111.0 3.0
Point 112 699.5 373.5 1.0 112.0 3.0
Point 113 702.5 373.0 1.0 113.0 3.0
Point 114 703.0 370.0 1.0 114.0 3.0
Point 115 704.0 370.0 1.0 115.0 3.0
Point 116 704.5 368.0 1.0 116.0 3.0
Point 117 704.5 367.5 1.0 117.0 3.0
Point 118 705.5 366.5 1.0 118.0 3.0
Point 119 705.0 365.5 1.0 119.0 3.0
Point 120 705.0 366.5 1.0 120.0 3.0
Point 121 706.0 366.5 1.0 121.0 3.0
Point 122 701.0 365.0 1.0 122.0 3.0
Point 123 701.0 364.5 1.0 123.0 3.0
Point 124 700.0 364.5 1.0 124.0 3.0
Point 125 700.5 364.5 1.0 125.0 3.0
Point 126 700.5 364.0 1.0 126.0 3.0
Point 127 701.5 364.0 1.0 127.0 3.0
Point 128 700.0 363.0 1.0 128.0 3.0
Point 129 696.0 364.0 1.0 129.0 3.0
Point 130 696.0 364.0 1.0 130.0 3.0
Point 131 697.5 364.0 1.0 131.0 3.0
Point 132 695.0 363.5 1.0 132.0 3.0
Point 133 693.0 363.0 1.0 133.0 3.0
Point 134 694.5 363.5 1.0 134.0 3.0
Point 135 693.5 363.5 1.0 135.0 3.0
Point 136 693.5 363.0 1.0 136.0 3.0
Point 137 695.5 363.5 1.0 137.0 3.0
Point 138 695.5 363.5 1.0 138.0 3.0
Point 139 695.5 361.0 1.0 139.0 3.0
Point 140 697.0 360.5 1.0 140.0 3.0
Point 141 699.0 359.5 1.0 141.0 3.0
Point 142 698.0 361.0 1.0 142.0 3.0
Point 143 697.5 359.5 1.0 143.0 3.0
Point 144 697.0 358.5 1.0 144.0 3.0
Point 145 698.5 355.5 1.0 145.0 3.0
Point 146 699.5 355.0 1.0 146.0 3.0
Point 147 699.5 353.5 1.0 147.0 3.0
Point 148 701.0 354.0 1.0 148.0 3.0
Point 149 701.0 354.0 1.0 149.0 3.0
Point 150 700.0 353.0 1.0 150.0 3.0
Point 151 700.0 351.5 1.0 151.0 3.0
Point 152 700.0 350.5 1.0 152.0 3.0
Point 153 700.5 349.0 1.0 153.0 3.0
Point 154 700.0 349.5 1.0 154.0 3.0
Point 155 701.0 349.5 1.0 155.0 3.0
Point 156 701.5 350.5 1.0 156.0 3.0
Point 157 701.5 351.0 1.0 157.0 3.0
Point 158 698.5 350.5 1.0 158.0 3.0
Point 159 699.5 349.0 1.0 159.0 3.0
Point 160 700.0 347.0 1.0 160.0 3.0
Point 161 701.0 348.0 1.0 161.0 3.0
Point 162 701.0 346.5 1.0 162.0 3.0
Point 163 701.0 346.5 1.0 163.0 3.0
Point 164 700.5 345.0 1.0 164.0 3.0
Point 165 699.5 345.5 1.0 165.0 3.0
Point 166 698.0 345.5 1.0 166.0 3.0
Point 167 698.0 346.5 1.0 167.0 3.0
Point 168 697.5 346.0 1.0 168.0 3.0
Point 169 696.5 345.0 1.0 169.0 3.0
Point 170 697.5 345.5 1.0 170.0 3.0
Point 171 697.5 346.0 1.0 171.0 3.0
Point 172 698.0 346.0 1.0 172.0 3.0
Point 173 698.0 346.0 1.0 173.0 3.0
Point 174 697.5 344.5 1.0 174.0 3.0
Point 175 695.5 345.5 1.0 175.0 3.0
Point 176 694.5 345.0 1.0 176.0 3.0
Point 177 696.5 344.5 1.0 177.0 3.0
Point 178 697.0 343.0 1.0 178.0 3.0
Point 179 697.0 342.0 1.0 179.0 3.0
Point 180 696.5 342.0 1.0 180.0 3.0
Point 181 696.0 342.0 1.0 181.0 3.0
Point 182 695.5 342.5 1.0 182.0 3.0
Point 183 695.5 343.0 1.0 183.0 3.0
Point 184 696.5 342.0 1.0 184.0 3.0
Point 185 696.0 341.0 1.0 185.0 3.0
Point 186 695.5 342.5 1.0 186.0 3.0
Point 187 695.0 342.5 1.0 187.0 3.0
Point 188 694.5 342.5 1.0 188.0 3.0
Point 189 694.5 342.5 1.0 189.0 3.0
Point 190 694.5 342.5 1.0 190.0 3.0
Point 191 693.5 342.5 1.0 191.0 3.0
Point 192 692.5 343.0 1.0 192.0 3.0
Point 193 690.0 344.5 1.0 193.0 3.0
Point 194 691.5 343.5 1.0 194.0 3.0
Point 195 692.0 344.0 1.0 195.0 3.0
Point 196 693.0 342.5 1.0 196.0 3.0
Point 197 693.0 342.0 1.0 197.0 3.0
Point 198 693.0 342.0 1.0 198.0 3.0
Point 199 694.0 341.5 1.0 199.0 3.0
Point 200 695.0 339.5 1.0 200.0 3.0
Point 201 693.5 339.0 1.0 201.0 3.0
Point 202 694.5 338.5 1.0 202.0 3.0
Point 203 695.0 338.5 1.0 203.0 3.0
Point 204 695.0 339.0 1.0 204.0 3.0
Point 205 695.5 338.0 1.0 205.0 3.0
Point 206 695.5 338.0 1.0 206.0 3.0
Point 207 695.5 336.5 1.0 207.0 3.0
Point 208 695.5 337.0 1.0 208.0 3.0
Point 209 694.5 337.0 1.0 209.0 3.0
Point 210 694.5 336.0 1.0 210.0 3.0
Point 211 695.0 335.0 1.0 211.0 3.0
Point 212 693.5 336.0 1.0 212.0 3.0
Point 213 693.5 336.5 1.0 213.0 3.0
Point 214 693.5 335.5 1.0 214.0 3.0
Point 215 693.5 335.5 1.0 215.0 3.0
Point 216 695.5 336.5 1.0 216.0 3.0
Point 217 695.5 335.5 1.0 217.0 3.0
Point 218 695.5 334.5 1.0 218.0 3.0
Point 219 693.5 333.0 1.0 219.0 3.0
Point 220 695.0 332.0 1.0 220.0 3.0
Point 221 694.5 332.5 1.0 221.0 3.0
Point 222 692.5 334.5 1.0 222.0 3.0
Point 223 691.5 334.5 1.0 223.0 3.0
Point 224 691.5 332.5 1.0 224.0 3.0
End of MTrackJ Data File
