MTrackJ 1.5.1 Data File
Displaying true true true 2 0 0 0 100 10 0 0 0 0 1 12 0 true true true false
Assembly 1 FF0000
Cluster 1 FF0000
Track 1 FF0000 true
Point 1 666.1666666666667 524.8333333333334 1.0 1.0 3.0
Point 2 669.5 519.5 1.0 2.0 3.0
Point 3 679.5 518.1666666666666 1.0 3.0 3.0
Point 4 678.8333333333333 515.5 1.0 4.0 3.0
Point 5 682.1666666666667 508.1666666666667 1.0 5.0 3.0
Point 6 684.8333333333333 503.5 1.0 6.0 3.0
Point 7 690.8333333333333 496.8333333333333 1.0 7.0 3.0
Point 8 695.5 498.1666666666667 1.0 8.0 3.0
Point 9 694.1666666666667 501.5 1.0 9.0 3.0
Point 10 693.5 497.5 1.0 10.0 3.0
Point 11 698.1666666666667 490.8333333333333 1.0 11.0 3.0
Point 12 702.1666666666667 490.1666666666667 1.0 12.0 3.0
Point 13 701.5 494.8333333333333 1.0 13.0 3.0
Point 14 698.8333333333333 498.8333333333333 1.0 14.0 3.0
Point 15 700.8333333333333 495.5 1.0 15.0 3.0
Point 16 704.1666666666667 498.1666666666667 1.0 16.0 3.0
Point 17 698.1666666666667 504.8333333333333 1.0 17.0 3.0
Point 18 704.8333333333333 495.5 1.0 18.0 3.0
Point 19 706.8333333333333 493.5 1.0 19.0 3.0
Point 20 708.1666666666667 495.5 1.0 20.0 3.0
Point 21 702.8333333333333 490.1666666666667 1.0 21.0 3.0
Point 22 708.1666666666667 484.1666666666667 1.0 22.0 3.0
Point 23 704.1666666666667 486.1666666666667 1.0 23.0 3.0
Point 24 709.5 472.1666666666667 1.0 24.0 3.0
Point 25 706.8333333333333 468.1666666666667 1.0 25.0 3.0
Point 26 699.5 432.1666666666667 1.0 26.0 3.0
Point 27 698.1666666666667 426.1666666666667 1.0 27.0 3.0
Point 28 695.5 402.8333333333333 1.0 28.0 3.0
Point 29 694.1666666666667 434.1666666666667 1.0 29.0 3.0
Point 30 691.5 404.8333333333333 1.0 30.0 3.0
Point 31 694.8333333333333 403.5 1.0 31.0 3.0
Point 32 696.1666666666667 409.5 1.0 32.0 3.0
Point 33 692.8333333333333 405.5 1.0 33.0 3.0
Point 34 695.5 408.8333333333333 1.0 34.0 3.0
Point 35 696.1666666666667 415.5 1.0 35.0 3.0
Point 36 694.1666666666667 418.8333333333333 1.0 36.0 3.0
Point 37 690.8333333333333 424.8333333333333 1.0 37.0 3.0
Point 38 692.8333333333333 418.8333333333333 1.0 38.0 3.0
Point 39 691.5 426.8333333333333 1.0 39.0 3.0
Point 40 692.1666666666667 427.5 1.0 40.0 3.0
Point 41 688.1666666666667 424.1666666666667 1.0 41.0 3.0
Point 42 688.8333333333333 422.1666666666667 1.0 42.0 3.0
Point 43 687.5 425.5 1.0 43.0 3.0
Point 44 688.8333333333333 424.8333333333333 1.0 44.0 3.0
Point 45 684.8333333333333 416.8333333333333 1.0 45.0 3.0
Point 46 688.1666666666667 416.1666666666667 1.0 46.0 3.0
Point 47 686.8333333333333 420.8333333333333 1.0 47.0 3.0
Point 48 692.8333333333333 406.1666666666667 1.0 48.0 3.0
Point 49 691.5 399.5 1.0 49.0 3.0
Point 50 693.5 398.1666666666667 1.0 50.0 3.0
Point 51 688.8333333333333 406.8333333333333 1.0 51.0 3.0
Point 52 688.1666666666667 405.5 1.0 52.0 3.0
Point 53 686.8333333333333 398.1666666666667 1.0 53.0 3.0
Point 54 686.8333333333333 397.5 1.0 54.0 3.0
Point 55 686.8333333333333 396.1666666666667 1.0 55.0 3.0
Point 56 686.1666666666667 395.5 1.0 56.0 3.0
Point 57 690.8333333333333 393.5 1.0 57.0 3.0
Point 58 682.1666666666667 398.8333333333333 1.0 58.0 3.0
Point 59 687.5 401.5 1.0 59.0 3.0
Point 60 698.8333333333333 388.1666666666667 1.0 60.0 3.0
Point 61 692.8333333333333 390.1666666666667 1.0 61.0 3.0
Point 62 689.5 390.8333333333333 1.0 62.0 3.0
Point 63 684.1666666666667 392.8333333333333 1.0 63.0 3.0
Point 64 681.5 397.5 1.0 64.0 3.0
Point 65 683.5 390.1666666666667 1.0 65.0 3.0
Point 66 683.5 390.1666666666667 1.0 66.0 3.0
Point 67 684.1666666666667 384.1666666666667 1.0 67.0 3.0
Point 68 683.5 380.8333333333333 1.0 68.0 3.0
Point 69 680.8333333333333 386.1666666666667 1.0 69.0 3.0
Point 70 684.1666666666667 374.1666666666667 1.0 70.0 3.0
Point 71 676.1666666666667 381.5 1.0 71.0 3.0
Point 72 678.8333333333333 382.8333333333333 1.0 72.0 3.0
Point 73 681.5 374.1666666666667 1.0 73.0 3.0
Point 74 676.8333333333333 390.8333333333333 1.0 74.0 3.0
Point 75 682.8333333333333 382.1666666666667 1.0 75.0 3.0
Point 76 680.8333333333333 384.1666666666667 1.0 76.0 3.0
Point 77 689.5 396.1666666666667 1.0 77.0 3.0
Point 78 697.5 408.1666666666667 1.0 78.0 3.0
Point 79 678.8333333333333 389.5 1.0 79.0 3.0
Point 80 678.1666666666667 380.8333333333333 1.0 80.0 3.0
Point 81 676.8333333333333 384.1666666666667 1.0 81.0 3.0
Point 82 671.5 384.8333333333333 1.0 82.0 3.0
Point 83 671.5 385.5 1.0 83.0 3.0
Point 84 673.5 379.5 1.0 84.0 3.0
Point 85 674.8333333333333 383.5 1.0 85.0 3.0
Point 86 664.8333333333333 398.1666666666667 1.0 86.0 3.0
Point 87 662.8333333333333 396.8333333333333 1.0 87.0 3.0
Point 88 662.1666666666667 392.8333333333333 1.0 88.0 3.0
Point 89 649.5 398.1666666666667 1.0 89.0 3.0
Point 90 645.5 402.8333333333333 1.0 90.0 3.0
Point 91 656.8333333333333 398.1666666666667 1.0 91.0 3.0
Point 92 660.1666666666667 385.5 1.0 92.0 3.0
Point 93 658.8333333333333 383.5 1.0 93.0 3.0
Point 94 663.5 388.8333333333333 1.0 94.0 3.0
Point 95 661.5 387.5 1.0 95.0 3.0
Point 96 671.5 376.1666666666667 1.0 96.0 3.0
Point 97 670.8333333333333 365.5 1.0 97.0 3.0
Point 98 664.1666666666667 378.1666666666667 1.0 98.0 3.0
Point 99 666.8333333333333 369.5 1.0 99.0 3.0
Point 100 658.8333333333333 380.8333333333333 1.0 100.0 3.0
Point 101 665.5 368.1666666666667 1.0 101.0 3.0
Point 102 655.5 375.5 1.0 102.0 3.0
Point 103 666.8333333333333 371.5 1.0 103.0 3.0
Point 104 668.1666666666667 367.5 1.0 104.0 3.0
Point 105 673.5 352.1666666666667 1.0 105.0 3.0
Point 106 669.5 338.8333333333333 1.0 106.0 3.0
Point 107 677.5 349.5 1.0 107.0 3.0
Point 108 672.8333333333333 350.8333333333333 1.0 108.0 3.0
Point 109 675.5 339.5 1.0 109.0 3.0
Point 110 668.1666666666667 356.1666666666667 1.0 110.0 3.0
Point 111 672.1666666666667 352.1666666666667 1.0 111.0 3.0
Point 112 671.5 356.1666666666667 1.0 112.0 3.0
Point 113 671.5 360.8333333333333 1.0 113.0 3.0
Point 114 670.8333333333333 357.5 1.0 114.0 3.0
Point 115 670.8333333333333 359.5 1.0 115.0 3.0
Point 116 671.5 361.5 1.0 116.0 3.0
Point 117 668.8333333333333 357.5 1.0 117.0 3.0
Point 118 673.5 364.8333333333333 1.0 118.0 3.0
Point 119 673.5 364.1666666666667 1.0 119.0 3.0
Point 120 672.1666666666667 362.8333333333333 1.0 120.0 3.0
Point 121 673.5 362.1666666666667 1.0 121.0 3.0
Point 122 670.8333333333333 362.1666666666667 1.0 122.0 3.0
Point 123 675.5 358.8333333333333 1.0 123.0 3.0
Point 124 670.8333333333333 358.1666666666667 1.0 124.0 3.0
Point 125 666.8333333333333 359.5 1.0 125.0 3.0
Point 126 662.8333333333333 363.5 1.0 126.0 3.0
Point 127 664.1666666666667 363.5 1.0 127.0 3.0
Point 128 658.8333333333333 364.1666666666667 1.0 128.0 3.0
Point 129 651.5 367.5 1.0 129.0 3.0
Point 130 662.8333333333333 361.5 1.0 130.0 3.0
Point 131 651.5 369.5 1.0 131.0 3.0
Point 132 649.5 371.5 1.0 132.0 3.0
Point 133 653.5 370.1666666666667 1.0 133.0 3.0
Point 134 650.8333333333333 372.8333333333333 1.0 134.0 3.0
Point 135 655.5 373.5 1.0 135.0 3.0
Point 136 656.8333333333333 379.5 1.0 136.0 3.0
Point 137 659.5 382.1666666666667 1.0 137.0 3.0
Point 138 654.8333333333333 380.8333333333333 1.0 138.0 3.0
Point 139 654.8333333333333 380.8333333333333 1.0 139.0 3.0
Point 140 660.1666666666667 388.1666666666667 1.0 140.0 3.0
Point 141 658.8333333333333 388.1666666666667 1.0 141.0 3.0
Point 142 659.5 385.5 1.0 142.0 3.0
Point 143 653.5 380.1666666666667 1.0 143.0 3.0
Point 144 660.8333333333333 381.5 1.0 144.0 3.0
Point 145 658.8333333333333 382.8333333333333 1.0 145.0 3.0
Point 146 660.1666666666667 382.8333333333333 1.0 146.0 3.0
Point 147 660.8333333333333 386.1666666666667 1.0 147.0 3.0
Point 148 661.5 384.8333333333333 1.0 148.0 3.0
Point 149 660.8333333333333 383.5 1.0 149.0 3.0
Point 150 646.8333333333333 384.8333333333333 1.0 150.0 3.0
Point 151 668.8333333333333 378.1666666666667 1.0 151.0 3.0
Point 152 666.8333333333333 372.8333333333333 1.0 152.0 3.0
Point 153 664.8333333333333 366.8333333333333 1.0 153.0 3.0
Point 154 667.5 372.8333333333333 1.0 154.0 3.0
Point 155 668.8333333333333 371.5 1.0 155.0 3.0
Point 156 667.5 372.1666666666667 1.0 156.0 3.0
Point 157 663.5 367.5 1.0 157.0 3.0
Point 158 673.5 361.5 1.0 158.0 3.0
Point 159 668.1666666666667 362.8333333333333 1.0 159.0 3.0
Point 160 666.1666666666667 374.8333333333333 1.0 160.0 3.0
Point 161 667.5 373.5 1.0 161.0 3.0
Point 162 671.5 376.8333333333333 1.0 162.0 3.0
Point 163 670.8333333333333 368.8333333333333 1.0 163.0 3.0
Point 164 668.8333333333333 365.5 1.0 164.0 3.0
Point 165 670.8333333333333 363.5 1.0 165.0 3.0
Point 166 666.8333333333333 366.8333333333333 1.0 166.0 3.0
Point 167 664.8333333333333 370.8333333333333 1.0 167.0 3.0
Point 168 667.5 367.5 1.0 168.0 3.0
Point 169 661.5 365.5 1.0 169.0 3.0
Point 170 663.5 362.1666666666667 1.0 170.0 3.0
Point 171 666.1666666666667 362.1666666666667 1.0 171.0 3.0
Point 172 663.5 362.1666666666667 1.0 172.0 3.0
Point 173 662.8333333333333 352.8333333333333 1.0 173.0 3.0
Point 174 670.1666666666667 344.1666666666667 1.0 174.0 3.0
Point 175 671.5 342.8333333333333 1.0 175.0 3.0
Point 176 652.8333333333333 354.8333333333333 1.0 176.0 3.0
Point 177 662.1666666666667 350.8333333333333 1.0 177.0 3.0
Point 178 670.8333333333333 346.1666666666667 1.0 178.0 3.0
Point 179 677.5 336.8333333333333 1.0 179.0 3.0
Point 180 680.1666666666667 338.1666666666667 1.0 180.0 3.0
Point 181 683.5 353.5 1.0 181.0 3.0
Point 182 679.5 352.8333333333333 1.0 182.0 3.0
Point 183 682.8333333333333 359.5 1.0 183.0 3.0
Point 184 683.5 356.1666666666667 1.0 184.0 3.0
Point 185 680.1666666666667 351.5 1.0 185.0 3.0
Point 186 686.8333333333333 346.1666666666667 1.0 186.0 3.0
Point 187 679.5 348.1666666666667 1.0 187.0 3.0
Point 188 676.1666666666667 345.5 1.0 188.0 3.0
Point 189 682.8333333333333 342.8333333333333 1.0 189.0 3.0
Point 190 678.8333333333333 347.5 1.0 190.0 3.0
Point 191 676.1666666666667 345.5 1.0 191.0 3.0
Point 192 674.1666666666667 344.8333333333333 1.0 192.0 3.0
Point 193 669.5 346.8333333333333 1.0 193.0 3.0
Point 194 664.1666666666667 344.8333333333333 1.0 194.0 3.0
Point 195 662.8333333333333 342.8333333333333 1.0 195.0 3.0
Point 196 663.5 344.1666666666667 1.0 196.0 3.0
Point 197 662.8333333333333 345.5 1.0 197.0 3.0
Point 198 661.5 346.8333333333333 1.0 198.0 3.0
Point 199 662.1666666666667 350.8333333333333 1.0 199.0 3.0
Point 200 663.5 346.8333333333333 1.0 200.0 3.0
Point 201 663.5 344.1666666666667 1.0 201.0 3.0
Point 202 664.8333333333333 344.1666666666667 1.0 202.0 3.0
Point 203 661.5 345.5 1.0 203.0 3.0
Point 204 658.8333333333333 343.5 1.0 204.0 3.0
Point 205 664.1666666666667 343.5 1.0 205.0 3.0
Point 206 660.8333333333333 344.8333333333333 1.0 206.0 3.0
Point 207 668.8333333333333 344.8333333333333 1.0 207.0 3.0
Point 208 665.5 344.8333333333333 1.0 208.0 3.0
Point 209 662.8333333333333 345.5 1.0 209.0 3.0
Point 210 668.8333333333333 342.8333333333333 1.0 210.0 3.0
Point 211 662.1666666666667 339.5 1.0 211.0 3.0
Point 212 662.8333333333333 334.1666666666667 1.0 212.0 3.0
Point 213 662.8333333333333 334.1666666666667 1.0 213.0 3.0
Point 214 670.8333333333333 334.1666666666667 1.0 214.0 3.0
Point 215 670.8333333333333 335.5 1.0 215.0 3.0
Point 216 663.5 330.8333333333333 1.0 216.0 3.0
Point 217 666.1666666666667 330.1666666666667 1.0 217.0 3.0
Point 218 665.5 331.5 1.0 218.0 3.0
Point 219 672.1666666666667 331.5 1.0 219.0 3.0
Point 220 666.1666666666667 330.8333333333333 1.0 220.0 3.0
Point 221 668.1666666666667 330.1666666666667 1.0 221.0 3.0
Point 222 664.1666666666667 334.1666666666667 1.0 222.0 3.0
Point 223 667.5 328.1666666666667 1.0 223.0 3.0
Point 224 670.1666666666667 332.1666666666667 1.0 224.0 3.0
End of MTrackJ Data File
