MTrackJ 1.5.1 Data File
Displaying false true true 1 2 0 0 100 20 0 0 0 0 1 8 0 false false true false
Assembly 1 FF0000
Cluster 1 FF0000
Track 1 FF0000 true
Point 1 695.1666666666667 555.1666666666667 1.0 19.0 1.0
Point 2 658.5 362.5 1.0 25.0 1.0
Point 3 682.5 343.16666666666663 1.0 29.0 1.0
Point 4 719.8333333333333 446.5 1.0 76.0 1.0
Point 5 602.5 399.16666666666663 1.0 89.0 1.0
Point 6 593.1666666666666 449.83333333333337 1.0 93.0 1.0
Point 7 691.1666666666667 317.1666666666667 1.0 103.0 1.0
Point 8 651.1666666666667 433.16666666666663 1.0 133.0 1.0
Point 9 634.5 430.5 1.0 147.0 1.0
Point 10 646.5 415.83333333333337 1.0 168.0 1.0
Point 11 558.5 382.5 1.0 174.0 1.0
Point 12 691.8333333333333 404.5 1.0 182.0 1.0
Point 13 621.1666666666666 326.5 1.0 215.0 1.0
End of MTrackJ Data File
