MTrackJ 1.5.1 Data File
Displaying false true true 1 0 0 0 100 16 0 0 0 0 1 0 1 false false true false
Assembly 1 FF0000
Cluster 1 FF0000
Track 1 FF0000 true
Point 1 131.0 365.0 1.0 6.0 1.0
Point 2 129.0 362.0 1.0 7.0 1.0
Point 3 133.0 359.0 1.0 8.0 1.0
Point 4 133.0 354.0 1.0 9.0 1.0
Point 5 127.0 351.0 1.0 10.0 1.0
Point 6 119.0 354.0 1.0 11.0 1.0
Point 7 118.0 345.0 1.0 12.0 1.0
Point 8 111.0 325.0 1.0 13.0 1.0
Point 9 100.0 298.0 1.0 14.0 1.0
Point 10 97.0 275.0 1.0 15.0 1.0
Point 11 93.0 268.0 1.0 16.0 1.0
Point 12 92.0 250.0 1.0 17.0 1.0
Point 13 99.0 252.0 1.0 18.0 1.0
Point 14 95.0 259.0 1.0 19.0 1.0
Point 15 99.0 254.0 1.0 20.0 1.0
Point 16 95.0 246.0 1.0 21.0 1.0
Point 17 89.0 250.0 1.0 22.0 1.0
Point 18 94.0 245.0 1.0 23.0 1.0
Point 19 92.0 250.0 1.0 24.0 1.0
Point 20 99.0 274.0 1.0 25.0 1.0
Point 21 100.0 277.0 1.0 26.0 1.0
Point 22 98.0 276.0 1.0 27.0 1.0
Point 23 105.0 289.0 1.0 28.0 1.0
Point 24 104.0 284.0 1.0 29.0 1.0
Point 25 104.0 277.0 1.0 30.0 1.0
Point 26 105.0 279.0 1.0 31.0 1.0
Point 27 106.0 279.0 1.0 32.0 1.0
Point 28 109.0 276.0 1.0 33.0 1.0
Point 29 107.0 277.0 1.0 34.0 1.0
Point 30 109.0 271.0 1.0 35.0 1.0
Point 31 108.0 264.0 1.0 36.0 1.0
Point 32 112.0 280.0 1.0 37.0 1.0
Point 33 118.0 286.0 1.0 38.0 1.0
Point 34 114.0 277.0 1.0 39.0 1.0
Point 35 106.0 273.0 1.0 40.0 1.0
Point 36 107.0 268.0 1.0 41.0 1.0
Point 37 105.0 266.0 1.0 42.0 1.0
Point 38 109.0 272.0 1.0 43.0 1.0
Point 39 110.0 269.0 1.0 44.0 1.0
Point 40 111.0 264.0 1.0 45.0 1.0
Point 41 108.0 259.0 1.0 46.0 1.0
Point 42 108.0 257.0 1.0 47.0 1.0
Point 43 112.0 262.0 1.0 48.0 1.0
Point 44 106.0 258.0 1.0 49.0 1.0
Point 45 104.0 255.0 1.0 50.0 1.0
Point 46 109.0 262.0 1.0 51.0 1.0
Point 47 110.0 254.0 1.0 52.0 1.0
Point 48 102.0 244.0 1.0 53.0 1.0
Point 49 102.0 239.0 1.0 54.0 1.0
Point 50 99.0 239.0 1.0 55.0 1.0
Point 51 100.0 231.0 1.0 56.0 1.0
Point 52 98.0 224.0 1.0 57.0 1.0
Point 53 94.0 232.0 1.0 58.0 1.0
Point 54 80.0 230.0 1.0 59.0 1.0
Point 55 89.0 224.0 1.0 60.0 1.0
Point 56 89.0 215.0 1.0 61.0 1.0
Point 57 85.0 209.0 1.0 62.0 1.0
Point 58 87.0 193.0 1.0 63.0 1.0
Point 59 79.0 176.0 1.0 64.0 1.0
Point 60 80.0 164.0 1.0 65.0 1.0
Point 61 80.0 156.0 1.0 66.0 1.0
Point 62 78.0 172.0 1.0 67.0 1.0
Point 63 80.0 160.0 1.0 68.0 1.0
Point 64 78.0 161.0 1.0 69.0 1.0
Point 65 75.0 156.0 1.0 70.0 1.0
Point 66 74.0 150.0 1.0 71.0 1.0
Point 67 79.0 166.0 1.0 72.0 1.0
Point 68 81.0 167.0 1.0 73.0 1.0
Point 69 77.0 146.0 1.0 74.0 1.0
Point 70 77.0 146.0 1.0 75.0 1.0
Point 71 77.0 139.0 1.0 76.0 1.0
Point 72 80.0 143.0 1.0 77.0 1.0
Point 73 79.0 140.0 1.0 78.0 1.0
Point 74 80.0 141.0 1.0 79.0 1.0
Point 75 88.0 135.0 1.0 80.0 1.0
Point 76 93.0 135.0 1.0 81.0 1.0
Point 77 96.0 140.0 1.0 82.0 1.0
Point 78 109.0 133.0 1.0 83.0 1.0
Point 79 125.0 112.0 1.0 84.0 1.0
Point 80 128.0 105.0 1.0 85.0 1.0
Point 81 127.0 98.0 1.0 86.0 1.0
Point 82 128.0 98.0 1.0 87.0 1.0
Point 83 121.0 97.0 1.0 88.0 1.0
Point 84 118.0 98.0 1.0 89.0 1.0
Point 85 115.0 97.0 1.0 90.0 1.0
Point 86 117.0 95.0 1.0 91.0 1.0
Point 87 119.0 93.0 1.0 92.0 1.0
Point 88 113.0 93.0 1.0 93.0 1.0
Point 89 114.0 91.0 1.0 94.0 1.0
Point 90 113.0 90.0 1.0 95.0 1.0
Point 91 111.0 91.0 1.0 96.0 1.0
Point 92 113.0 92.0 1.0 97.0 1.0
Point 93 111.0 95.0 1.0 98.0 1.0
Point 94 114.0 92.0 1.0 99.0 1.0
Point 95 118.0 89.0 1.0 100.0 1.0
Point 96 116.0 90.0 1.0 101.0 1.0
Point 97 118.0 86.0 1.0 102.0 1.0
Point 98 120.0 82.0 1.0 103.0 1.0
Point 99 117.0 86.0 1.0 104.0 1.0
Point 100 112.0 91.0 1.0 105.0 1.0
Point 101 110.0 91.0 1.0 106.0 1.0
Point 102 112.0 94.0 1.0 107.0 1.0
Point 103 114.0 94.0 1.0 108.0 1.0
Point 104 110.0 93.0 1.0 109.0 1.0
Point 105 104.0 93.0 1.0 110.0 1.0
Point 106 108.0 88.0 1.0 111.0 1.0
Point 107 111.0 90.0 1.0 112.0 1.0
Point 108 109.0 93.0 1.0 113.0 1.0
Point 109 85.0 91.0 1.0 114.0 1.0
Point 110 61.0 96.0 1.0 115.0 1.0
Point 111 56.0 102.0 1.0 116.0 1.0
Point 112 54.0 106.0 1.0 117.0 1.0
Point 113 50.0 111.0 1.0 118.0 1.0
Point 114 67.0 97.0 1.0 119.0 1.0
Point 115 44.0 127.0 1.0 120.0 1.0
Point 116 39.0 133.0 1.0 121.0 1.0
Point 117 41.0 130.0 1.0 122.0 1.0
Point 118 43.0 124.0 1.0 123.0 1.0
Point 119 46.0 123.0 1.0 124.0 1.0
Point 120 42.0 125.0 1.0 125.0 1.0
Point 121 50.0 120.0 1.0 126.0 1.0
Point 122 45.0 123.0 1.0 127.0 1.0
Point 123 51.0 117.0 1.0 128.0 1.0
Point 124 56.0 109.0 1.0 129.0 1.0
Point 125 54.0 118.0 1.0 130.0 1.0
Point 126 54.0 114.0 1.0 131.0 1.0
Point 127 55.0 115.0 1.0 132.0 1.0
Point 128 50.0 110.0 1.0 133.0 1.0
Point 129 56.0 108.0 1.0 134.0 1.0
Point 130 83.0 109.0 1.0 135.0 1.0
Point 131 95.0 110.0 1.0 136.0 1.0
Point 132 104.0 113.0 1.0 137.0 1.0
Point 133 118.0 123.0 1.0 138.0 1.0
Point 134 124.0 118.0 1.0 139.0 1.0
Point 135 123.0 125.0 1.0 140.0 1.0
Point 136 123.0 136.0 1.0 141.0 1.0
Point 137 125.0 141.0 1.0 142.0 1.0
Point 138 125.0 145.0 1.0 143.0 1.0
Point 139 126.0 134.0 1.0 144.0 1.0
Point 140 125.0 130.0 1.0 145.0 1.0
Point 141 124.0 124.0 1.0 146.0 1.0
Point 142 121.0 123.0 1.0 147.0 1.0
Point 143 123.0 124.0 1.0 148.0 1.0
Point 144 123.0 123.0 1.0 149.0 1.0
Point 145 118.0 117.0 1.0 150.0 1.0
Point 146 112.0 112.0 1.0 151.0 1.0
Point 147 111.0 107.0 1.0 152.0 1.0
Point 148 117.0 107.0 1.0 153.0 1.0
Point 149 114.0 110.0 1.0 154.0 1.0
Point 150 115.0 105.0 1.0 155.0 1.0
Point 151 117.0 106.0 1.0 156.0 1.0
Point 152 109.0 107.0 1.0 157.0 1.0
Point 153 115.0 90.0 1.0 158.0 1.0
Point 154 115.0 98.0 1.0 159.0 1.0
Point 155 108.0 94.0 1.0 160.0 1.0
Point 156 106.0 92.0 1.0 161.0 1.0
Point 157 100.0 69.0 1.0 162.0 1.0
Point 158 108.0 33.0 1.0 163.0 1.0
Point 159 114.0 6.0 1.0 164.0 1.0
Point 160 110.0 30.0 1.0 165.0 1.0
Point 161 109.0 43.0 1.0 166.0 1.0
Point 162 108.0 52.0 1.0 167.0 1.0
Point 163 101.0 49.0 1.0 168.0 1.0
Point 164 104.0 47.0 1.0 169.0 1.0
Point 165 102.0 44.0 1.0 170.0 1.0
Point 166 102.0 53.0 1.0 171.0 1.0
Point 167 104.0 57.0 1.0 172.0 1.0
Point 168 99.0 58.0 1.0 173.0 1.0
Point 169 104.0 57.0 1.0 174.0 1.0
Point 170 102.0 52.0 1.0 175.0 1.0
Point 171 95.0 60.0 1.0 176.0 1.0
Point 172 103.0 40.0 1.0 177.0 1.0
Point 173 112.0 38.0 1.0 178.0 1.0
Point 174 110.0 35.0 1.0 179.0 1.0
Point 175 111.0 32.0 1.0 180.0 1.0
Point 176 107.0 29.0 1.0 181.0 1.0
Point 177 100.0 22.0 1.0 182.0 1.0
Point 178 103.0 16.0 1.0 183.0 1.0
Point 179 110.0 30.0 1.0 184.0 1.0
Point 180 112.0 22.0 1.0 185.0 1.0
Point 181 113.0 19.0 1.0 186.0 1.0
Point 182 121.0 25.0 1.0 187.0 1.0
Point 183 116.0 27.0 1.0 188.0 1.0
Point 184 124.0 23.0 1.0 189.0 1.0
Point 185 122.0 21.0 1.0 190.0 1.0
Point 186 123.0 9.0 1.0 191.0 1.0
Point 187 133.0 16.0 1.0 192.0 1.0
Point 188 130.0 7.0 1.0 193.0 1.0
End of MTrackJ Data File
